Epoch	AverageEpRet	StdEpRet	MaxEpRet	MinEpRet	EpLen	AverageVVals	StdVVals	MaxVVals	MinVVals	TotalEnvInteracts	LossPi	LossV	DeltaLossPi	DeltaLossV	Entropy	KL	ClipFrac	StopIter	Time
0	16.33301	11.348838	75.31262	5.671118	17.914415	0.053397603	0.06715302	0.28022328	-0.23653556	4000	-1.6689301e-09	193.20117	-0.018031202	-70.65557	0.91893864	0.017068531	0.256	4.0	8.05525517463684
1	37.68203	35.584076	182.64847	6.0797086	28.84058	4.8009996	0.6416149	5.0864973	-2.545618	8000	4.053116e-09	1158.5731	-0.016932158	-179.05585	0.91732585	0.015837492	0.19525	5.0	16.540480852127075
2	86.352486	47.285217	224.29492	6.998427	50.820515	9.160312	0.30345207	9.207112	1.3515682	12000	-4.2915342e-09	2434.332	-0.0200097	-322.90942	0.9151712	0.009696558	0.12075	79.0	25.62863826751709
3	104.21652	58.76676	232.4893	15.910364	58.64706	13.555974	0.02255516	13.561144	12.782214	16000	-2.861023e-09	3127.9285	-0.01659083	-311.27222	0.9042673	0.009030974	0.0875	79.0	34.587159872055054
4	117.38458	58.780514	239.34036	23.077053	63.451614	17.36118	0.010689776	17.363478	16.788807	20000	1.9073487e-09	3257.1404	-0.016181171	-296.89282	0.89900196	0.010005602	0.0995	79.0	43.6091034412384
5	136.65312	57.366405	239.48584	48.286766	71.74545	20.84538	0.0059523624	20.846773	20.653484	24000	1.9073487e-09	3402.1797	-0.01559084	-290.3816	0.8982692	0.0066096787	0.0925	79.0	52.48087763786316
6	172.09013	54.346653	245.8365	48.13865	85.934784	24.156843	0.010583621	24.157848	23.543354	28000	-4.529953e-09	4295.951	-0.016218351	-361.80176	0.8867677	0.0075802603	0.08775	79.0	61.480804204940796
7	170.51035	50.641323	230.8504	58.465824	85.23913	27.69172	0.0013921388	27.692148	27.672253	32000	-3.8146974e-09	3785.956	-0.012481939	-298.90796	0.8795065	0.0053885514	0.057	79.0	70.01188969612122
8	187.50302	45.494335	236.38545	46.1459	90.36364	30.852188	0.001968653	30.85262	30.798477	36000	-2.384186e-10	4106.93	-0.014444134	-309.7356	0.88584805	0.0062080566	0.0865	79.0	78.65172028541565
9	199.54883	31.515669	242.04237	62.69956	93.40476	33.992016	0.0011505901	33.99231	33.96189	40000	4.2915342e-09	4134.6973	-0.010620972	-313.04956	0.87131435	0.007402719	0.06475	79.0	87.19324898719788
10	199.56944	27.772257	227.12286	91.27984	92.860466	37.10207	0.0014727105	37.10236	37.042355	44000	-3.218651e-09	3786.6785	-0.014617292	-271.27148	0.8835518	0.006812735	0.0755	79.0	95.98879933357239
11	204.6256	20.521862	235.36014	134.91261	95.87805	39.981842	0.0010026885	39.982086	39.959766	48000	3.3378602e-09	3559.1155	-0.010180162	-245.1477	0.8957722	0.004137626	0.06075	79.0	104.5334403514862
12	203.3917	23.452396	230.36044	103.74831	94.09524	42.705986	0.00072833267	42.70619	42.694904	52000	-7.1525574e-10	3334.2073	-0.0148964375	-219.28589	0.88856065	0.010412641	0.081	79.0	113.44328141212463
13	193.26025	39.702827	241.25725	48.720524	89.15909	45.28439	0.0008266629	45.284584	45.257137	56000	2.861023e-09	3070.7378	-0.017548932	-187.58813	0.89844924	0.008904004	0.102	79.0	122.6487762928009
14	201.76683	26.609959	234.05933	90.54077	92.18604	47.682243	0.0013056797	47.68243	47.61656	60000	-8.106232e-09	2985.3945	-0.010570871	-181.10962	0.8917806	0.005922775	0.0665	79.0	131.3796308040619
15	191.22568	37.498043	230.82396	53.283203	87.73333	50.043808	0.0006856909	50.043953	50.0277	64000	1.6689301e-09	2614.5452	-0.018851591	-144.30615	0.8883702	0.0088215815	0.09875	79.0	139.96581268310547
16	205.45247	12.620502	235.64154	172.18437	92.325584	52.18222	0.0006424041	52.18235	52.160114	68000	3.5762786e-09	2680.2693	-0.014179923	-155.99365	0.8855092	0.0045503965	0.09375	79.0	148.84984731674194
17	202.50009	17.792292	226.06789	115.46396	91.37209	54.404892	0.00044637383	54.405	54.393715	72000	-1.1920929e-09	2474.6377	-0.01521874	-136.396	0.88336533	0.009018018	0.071	79.0	158.450537443161
18	206.32793	10.89689	233.74907	183.74876	92.4186	56.515728	0.00037115972	56.51582	56.510918	76000	2.6226044e-09	2399.5188	-0.016220406	-128.48169	0.88345087	0.0060828156	0.086	79.0	166.98471689224243
19	190.89757	34.542152	228.78902	68.33096	87.82222	58.57979	0.0008822762	58.57992	58.550087	80000	-1.6689301e-09	2004.144	-0.015809603	-84.61511	0.8968807	0.0050041038	0.08575	79.0	175.64269137382507
20	190.40086	35.078365	255.76642	41.697857	87.244446	60.296238	0.0017013941	60.296402	60.203117	84000	-7.1525574e-10	1924.4518	-0.01508188	-76.97119	0.90324897	0.007991048	0.09375	79.0	184.71436715126038
21	201.85747	31.251688	293.02386	61.943275	90.83721	61.940662	0.0003168011	61.940746	61.93682	88000	3.3378602e-09	2188.8486	-0.017169317	-96.10156	0.8988541	0.009675385	0.0875	79.0	194.68170189857483
22	195.45923	38.191242	257.11282	64.72775	88.82222	63.788464	0.00041977025	63.788548	63.774895	92000	7.629395e-09	1954.9862	-0.018243415	-69.93848	0.9055293	0.011791228	0.10875	79.0	204.42135858535767
23	209.50378	40.273613	298.8533	68.252655	93.45238	65.412445	0.0015633748	65.412636	65.3722	96000	9.536744e-10	2248.6	-0.018856013	-150.30786	0.90702766	0.010021615	0.105	79.0	212.96774625778198
24	211.61754	27.131218	265.44907	137.69377	94.57143	65.93778	6.0239067	67.2881	14.335879	100000	-2.026558e-09	1993.2344	-0.018630097	-393.2765	0.9086874	0.011742494	0.0845	79.0	221.7589933872223
25	224.08907	33.062702	302.42142	146.40495	98.025	61.414837	15.803816	69.433586	-0.008185744	104000	-2.861023e-09	2055.5	-0.019553296	-192.08264	0.91882795	0.009781725	0.10775	79.0	230.34837293624878
26	219.16414	37.083046	292.84262	137.92403	97.07317	64.59216	16.156847	71.91388	3.6508043	108000	-1.9073487e-09	1783.843	-0.017655674	-151.1543	0.9218217	0.0052606687	0.10425	79.0	239.0760796070099
27	228.60025	39.70522	331.61646	149.76755	99.425	65.29082	17.962038	74.16616	1.4215362	112000	1.9073487e-09	1919.0647	-0.012416895	-159.85608	0.92401034	0.015839674	0.14125	12.0	247.36865401268005
28	253.03632	39.869534	316.5417	159.1839	107.51351	67.75275	18.292604	76.53608	1.8020551	116000	5.9604646e-09	2374.4224	-0.02245948	-224.91406	0.92476267	0.011664778	0.12275	79.0	256.1184244155884
29	254.32921	44.978615	351.62048	159.4612	107.13513	71.945366	16.552916	79.2633	3.0298998	120000	0.0	2367.3923	-0.019888096	-218.30176	0.926953	0.008167659	0.129	79.0	264.7348647117615
30	250.22804	41.68829	333.96265	173.08212	105.75676	72.8712	19.039843	81.93125	2.4596415	124000	-5.9604646e-09	2024.6642	-0.020395804	-173.07971	0.91821975	0.012209832	0.1115	79.0	273.53003883361816
31	263.87796	52.42686	329.70007	75.87524	109.05556	74.0309	20.781128	84.35963	1.138633	128000	5.9604646e-09	2367.9907	-0.020416716	-226.03467	0.91914403	0.010411029	0.12375	79.0	282.2832064628601
32	277.9684	44.071194	346.55396	134.5191	113.057144	78.07921	19.606525	87.03273	2.7094223	132000	-8.34465e-09	2474.0242	-0.023272526	-233.36084	0.9271442	0.010969762	0.13325	79.0	291.52126693725586
33	277.3081	45.000683	335.01883	116.358246	113.457146	80.51695	20.296532	89.78807	3.5631971	136000	-9.536744e-10	2266.5464	-0.022347366	-189.13818	0.925754	0.013957912	0.10575	79.0	300.75302624702454
34	274.20557	60.625416	348.28275	66.85717	112.77143	81.4199	23.024502	92.37204	0.47532105	140000	-2.384186e-10	2273.8374	-0.021919064	-227.09192	0.941431	0.013060655	0.13	79.0	309.6238000392914
35	292.31897	34.35463	346.80325	213.3214	118.72727	83.63335	22.59708	94.806526	4.987274	144000	4.529953e-09	2093.183	-0.02074692	-216.18542	0.9579949	0.009687845	0.10275	79.0	318.47208404541016
36	287.4895	63.41298	357.90225	127.9729	115.85294	85.874535	23.384464	97.42056	-0.07491064	148000	9.536744e-10	2344.0964	-0.021366475	-219.63794	0.96052986	0.013406488	0.10575	79.0	326.99904799461365
37	313.7133	26.848776	355.35846	240.78716	122.9375	86.876274	25.265451	99.87733	-0.13504076	152000	-5.841255e-09	2335.782	-0.01850172	-239.05786	0.9721224	0.011351767	0.11475	79.0	335.5850942134857
38	290.91046	61.721134	384.26437	142.99936	116.05882	91.32999	24.053068	102.66766	3.2743497	156000	-1.0728836e-09	2145.7283	-0.00425284	-158.48438	0.9574296	0.015189319	0.14675	3.0	343.6264431476593
39	299.29266	39.779537	366.61682	204.07755	120.969696	90.33551	27.50665	104.95179	-0.96575737	160000	2.026558e-09	1644.9639	-0.022598146	-162.24841	0.9571295	0.012570258	0.147	79.0	352.1863040924072
40	318.66522	60.929314	383.01624	94.15021	125.0	91.744644	28.25853	107.21722	1.130794	164000	8.106232e-09	2306.8237	-0.022452835	-213.77612	0.94983107	0.009320793	0.13275	79.0	361.5562393665314
41	325.05084	48.57761	383.0728	195.40417	124.84375	96.21365	27.272985	109.86141	-2.266458	168000	4.172325e-09	2240.598	-0.021753032	-208.7378	0.93766415	0.012940822	0.12725	79.0	370.0479431152344
42	327.94397	56.133606	408.0021	101.990776	127.3871	98.14483	28.61656	112.45118	1.7713263	172000	4.768372e-10	2065.9504	-0.0046419483	-185.47229	0.9381544	0.017028745	0.18625	4.0	378.055294752121
43	332.93564	28.38376	381.75446	277.26007	126.90323	99.31342	30.139614	114.939415	2.4917653	176000	1.9073487e-09	1757.8218	-0.02041949	-163.84436	0.9379274	0.014227521	0.12625	79.0	387.1527841091156
44	333.6217	36.98423	399.518	236.0982	126.548386	101.147415	31.079592	117.47091	0.18982458	180000	-1.0728836e-09	1741.8646	-0.019981973	-169.07886	0.9412082	0.013549513	0.12375	79.0	396.22293734550476
45	356.08606	21.67503	401.04337	312.25665	134.3793	103.34044	31.644302	119.944214	-2.7297912	184000	-8.702278e-09	1909.4305	-0.019906027	-184.646	0.9474747	0.009145846	0.1215	79.0	405.109712600708
46	360.71387	20.684433	391.46158	306.51382	133.75862	105.18651	32.592808	122.60075	2.1622565	188000	-1.2755394e-08	1858.0898	-0.02007021	-177.22339	0.95122397	0.014272083	0.12125	79.0	413.6743848323822
47	351.08682	22.291782	398.18753	307.74432	130.1	108.35505	32.193996	125.25803	1.9417181	192000	-3.9339065e-09	1579.1831	-0.019199593	-151.64453	0.9383433	0.015154459	0.1265	52.0	422.3748846054077
48	350.59357	37.610985	400.65378	240.87894	130.8	108.79539	34.74738	127.71722	0.67742157	196000	1.3113022e-09	1527.9567	-0.009128316	-134.88013	0.94098663	0.015109257	0.1645	7.0	430.4500186443329
49	366.50226	46.770008	577.25275	292.34457	131.6	110.585815	34.551914	130.00505	-0.5626137	200000	6.9141386e-09	1861.2632	-0.017779592	-225.17712	0.9411347	0.01076165	0.10775	79.0	439.2075717449188
50	354.04105	59.518562	424.27356	141.24391	128.80646	114.20041	34.617603	132.53549	1.3645396	204000	-1.3351441e-08	1708.7604	-0.016724654	-123.19714	0.93337077	0.012706205	0.0995	79.0	448.5970232486725
51	358.34982	56.368015	548.0938	189.77812	129.03226	118.04975	33.22445	134.7491	2.728692	208000	4.4107438e-09	1650.546	-0.020177662	-162.89258	0.9316488	0.013512487	0.10475	79.0	457.604540348053
52	360.909	62.587437	451.38144	145.97534	129.7	116.62889	36.75421	136.93661	-2.3097026	212000	-2.6226044e-09	1753.3131	-0.00416265	-173.38538	0.93963295	0.015989615	0.18775	4.0	465.80745673179626
53	376.04617	42.271645	412.85153	176.41458	135.13792	118.06191	37.90191	139.13623	-4.129081	216000	2.9802323e-09	1498.3385	-0.017877968	-165.46362	0.93934226	0.012664157	0.1155	79.0	474.9521791934967
54	374.8661	31.672598	418.0754	235.65367	136.3793	119.79397	38.39849	141.45322	1.5458317	220000	2.3841857e-09	1231.1019	-0.017235925	-135.98279	0.938845	0.015065796	0.10975	65.0	483.38070487976074
55	380.7072	35.54859	436.58862	222.45833	137.48276	120.91466	39.55449	143.57141	-1.9525876	224000	2.861023e-09	1252.56	-0.017732486	-113.40234	0.9474761	0.015023874	0.131	57.0	492.33967638015747
56	387.50696	37.93079	441.52817	238.20065	137.65517	123.14092	39.255367	145.699	2.2251587	228000	3.7550927e-09	1334.4232	-0.020493004	-152.00073	0.9400664	0.013794235	0.12925	79.0	501.6866397857666
57	392.54767	25.588615	471.49048	339.23148	139.39285	124.73422	40.52055	147.93637	-1.6449351	232000	2.6226044e-09	1153.704	-0.01834648	-132.50342	0.948867	0.008037858	0.09625	79.0	510.418639421463
58	386.08157	19.253952	449.05734	341.61926	137.0	126.88612	40.57932	150.20354	-1.0205021	236000	1.013279e-09	939.9158	-0.019043649	-100.96863	0.94238997	0.010649728	0.12625	79.0	519.1731176376343
59	384.82355	23.944094	432.04272	328.96924	135.68965	127.47372	41.831997	152.25562	2.0935159	240000	-1.7285346e-09	839.01166	-0.016891463	-86.150024	0.94171906	0.00882337	0.107	79.0	528.443437576294
60	386.22433	15.297895	410.11533	353.98145	136.03448	130.29013	41.415432	154.2423	1.9239073	244000	-3.4570693e-09	791.1328	-0.018371742	-90.40033	0.92690593	0.01091478	0.11925	79.0	537.9355771541595
61	379.2057	47.665787	430.7902	146.07303	134.6207	129.9512	43.69639	156.16368	2.7608786	248000	1.6689301e-09	896.08044	-0.017851936	-66.8551	0.9242435	0.009217941	0.10775	79.0	546.9026756286621
62	400.14767	46.115505	618.6446	350.60858	139.42857	131.8092	43.367023	157.88689	-1.7384682	252000	-5.00679e-09	993.45074	-0.017659863	-143.29095	0.9236024	0.005502151	0.0895	79.0	555.8662416934967
63	391.2532	44.21273	434.05145	168.08856	137.10345	133.50662	44.104652	159.93665	-0.111745834	256000	-6.377697e-09	879.94763	-0.013757907	-79.585144	0.9132435	0.015181944	0.1335	21.0	564.1674978733063
64	395.61526	34.484062	441.24524	240.67688	137.78572	134.80055	44.48009	161.74265	0.21665478	260000	7.1823596e-09	945.55176	-0.01745523	-112.861206	0.9167513	0.015130264	0.121	67.0	572.7667860984802
65	424.13208	91.62273	635.8322	210.51549	146.25926	138.14276	44.786827	163.68408	-0.6911955	264000	2.384186e-10	1472.455	-0.016397035	-127.51758	0.90858465	0.015407857	0.118	38.0	581.1764121055603
66	405.68726	67.8773	663.0941	177.91817	141.28572	138.19597	46.197594	165.93416	-1.3540473	268000	-1.1175871e-08	978.67255	-0.004480898	-111.086914	0.90759605	0.015992038	0.17375	5.0	589.6350862979889
67	371.5229	81.05291	427.66177	148.00168	131.36667	140.50378	45.722027	167.77641	3.9445171	272000	-3.4570693e-09	1190.6311	-0.017326625	-141.41748	0.90656316	0.011761849	0.136	79.0	598.4849345684052
68	405.83112	60.468468	652.2149	221.70203	139.75	139.2769	46.709698	168.87852	2.4555078	276000	4.6491624e-09	942.4839	-0.019131524	-133.76971	0.9045375	0.011878356	0.12025	79.0	607.1789815425873
69	403.5639	13.277417	435.2086	377.4644	139.82143	141.27458	47.703327	170.5728	1.2665792	280000	-9.298325e-09	452.08896	-0.017277364	-78.37186	0.892675	0.013651253	0.121	79.0	616.1709110736847
70	394.1208	77.92157	637.34985	151.80739	136.68965	142.16412	48.421658	172.2688	1.2162971	284000	2.384186e-10	1019.61017	-0.0149739105	-86.85187	0.8962675	0.009490489	0.13975	79.0	625.1339685916901
71	423.33014	56.182602	626.8553	380.31146	144.77777	144.21971	48.23391	173.5818	0.13649654	288000	-4.768372e-10	737.05255	-0.019056927	-88.07483	0.8815521	0.009449928	0.1115	79.0	633.7115542888641
72	408.1613	105.257545	699.3843	160.32875	141.14285	146.83215	48.52472	175.46278	1.7142186	292000	4.6491624e-09	1372.69	-0.0075250766	-129.91663	0.86930764	0.015462046	0.2025	4.0	642.0041148662567
73	421.25076	90.80731	692.4572	159.72595	145.37038	148.5151	47.018543	177.02824	1.5665503	296000	1.4305115e-09	955.77527	-0.022893911	-89.38489	0.86840504	0.015262295	0.184	69.0	650.7693023681641
74	519.665	125.36484	709.0921	381.53195	171.13043	149.07959	48.988785	178.73198	4.2077975	300000	1.6689301e-09	2160.5435	-0.022164881	-300.62915	0.8520287	0.009809769	0.13175	79.0	659.5638086795807
75	581.5979	126.53445	780.8151	398.76508	190.33333	162.38956	43.36663	182.28484	-2.3856606	304000	-3.248453e-09	2718.117	-0.02344411	-336.45605	0.8502458	0.015126077	0.1345	54.0	668.4211182594299
76	549.58606	154.55283	802.856	403.13657	180.68182	160.76636	47.58401	186.18488	3.7312264	308000	4.440546e-09	2247.3364	-0.022063894	-293.7777	0.8493655	0.013517437	0.11975	79.0	677.1629447937012
77	563.99426	119.15876	757.3194	393.5133	182.90475	158.00806	52.01245	189.55103	-3.1803255	312000	3.3378602e-09	1992.3898	-0.023054339	-337.13	0.8530547	0.010890394	0.119	79.0	686.180953502655
78	557.05725	127.816315	731.17474	391.5985	179.27272	164.42065	50.609856	192.74292	4.816188	316000	7.867813e-09	1867.6504	-0.022203127	-215.06006	0.8536416	0.014349198	0.1135	79.0	694.9471778869629
79	493.29343	121.62936	788.5381	262.66275	163.0	166.57457	50.57332	195.77724	3.9541788	320000	3.6358834e-09	1158.7499	-0.02443518	-148.7815	0.85811126	0.015113631	0.152	71.0	703.7669005393982
80	585.0462	119.61679	737.61914	383.30084	188.04762	167.08875	53.56592	197.62337	-2.8135347	324000	-1.0967255e-08	1794.6793	-0.023592848	-212.89502	0.8467871	0.010433631	0.135	79.0	712.4073913097382
81	602.95715	124.484665	793.5442	404.33832	193.4	171.7144	52.482502	200.46846	1.375556	328000	-1.3113022e-09	1671.4719	-0.024108006	-193.02625	0.8308464	0.013567097	0.1365	79.0	720.9738199710846
82	594.1095	135.90088	703.56726	146.9816	188.90475	173.9573	53.48767	203.48143	5.053239	332000	-7.629395e-09	1937.7018	-0.01973091	-230.24707	0.82186466	0.013858478	0.142	79.0	729.7692761421204
83	627.67206	123.45815	733.45404	255.74812	200.89473	181.45229	50.461666	206.30685	-3.825409	336000	-8.881092e-09	2275.211	-0.018750641	-191.43164	0.82336587	0.01511963	0.1195	66.0	738.2498667240143
84	638.2889	151.40166	788.691	80.05187	205.94737	187.09355	48.77455	208.9423	1.120748	340000	3.8146974e-09	2483.1763	-0.01934212	-158.41309	0.83057606	0.015006458	0.17625	59.0	746.7407596111298
85	611.3417	173.24495	793.8363	151.59329	194.9	184.49881	50.492455	211.1174	0.5300956	344000	-2.384186e-10	2368.3115	-0.020724012	-218.45337	0.8423801	0.00881286	0.131	79.0	755.595728635788
86	702.0194	86.078476	806.2681	435.38202	224.82353	188.99457	51.79087	213.38788	-3.421482	348000	-9.417534e-09	2097.183	-0.020660171	-252.4071	0.82460684	0.0150818	0.1465	62.0	764.2539727687836
87	662.4185	122.0521	780.44775	408.49997	214.61111	191.2537	49.272877	215.9735	4.2759905	352000	1.5854836e-08	1662.7231	-0.021396475	-200.27344	0.8193867	0.014016497	0.14225	79.0	772.8188016414642
88	674.172	63.43032	790.72894	534.66693	214.0	184.55109	56.788475	218.0867	3.0820827	356000	-3.7550927e-09	1440.6571	-0.020313403	-212.23413	0.81391096	0.0120752305	0.12825	79.0	781.7948107719421
89	690.8425	105.41149	803.751	423.3905	222.64706	196.74069	48.85536	220.31396	1.2543273	360000	-1.6450882e-08	1578.7241	-0.020953657	-238.7605	0.8094189	0.013574159	0.12825	79.0	790.9149777889252
90	654.9577	128.56927	789.0088	261.6022	210.27777	191.43765	55.67555	222.4938	2.1810598	364000	4.4107438e-09	1963.5236	-0.021734554	-181.41174	0.8021869	0.011313392	0.16525	79.0	799.6759989261627
91	719.3989	73.968346	785.6601	473.06393	230.82353	200.05179	51.086357	224.3368	-0.22375107	368000	3.5762786e-09	1558.0187	-0.023038713	-239.72217	0.7942126	0.013327757	0.1415	79.0	808.5111153125763
92	683.01825	55.655655	766.967	539.569	214.55556	191.57765	57.062874	226.35747	0.34333086	372000	2.503395e-09	1392.3186	-0.022358911	-300.9651	0.78374547	0.011920351	0.14675	79.0	817.5614788532257
93	662.7497	107.634346	806.1919	496.42764	211.61111	199.72157	53.398876	228.47354	-1.1478786	376000	-4.768372e-10	1176.9492	-0.023103267	-255.21252	0.7804908	0.007977827	0.13425	79.0	826.1892781257629
94	647.4417	124.76748	806.7587	267.05374	207.94737	194.78122	57.99962	230.23569	-9.44653	380000	-2.2649764e-09	1572.4673	-0.021876445	-127.40857	0.77766347	0.010183756	0.13325	79.0	834.9695663452148
95	633.7674	125.12407	800.10693	250.44975	200.57895	195.42574	59.989956	231.3511	1.8817744	384000	-6.377697e-09	1323.4994	-0.024085194	-117.3689	0.7701445	0.009511478	0.15475	79.0	843.6889600753784
96	634.47485	101.07181	776.0581	409.42834	202.36842	201.14041	56.704292	232.63596	2.7652164	388000	-5.066395e-09	1104.0403	-0.020005453	-202.57916	0.74977785	0.012830429	0.14375	79.0	852.2930755615234
97	624.5067	170.775	804.2291	156.95059	199.2	196.05829	60.713337	233.82599	-0.25584412	392000	-6.377697e-09	1904.1498	-0.004172027	-320.37585	0.7486795	0.015660329	0.18225	4.0	860.296195268631
98	480.44675	178.04599	714.2265	147.02052	158.48	190.16774	63.668793	234.96465	-5.2672396	396000	8.761883e-09	2661.583	-0.0037785086	-382.3833	0.7484545	0.01564519	0.19675	3.0	868.4040925502777
99	454.12122	121.39075	624.1846	99.7581	151.32	180.63559	63.43448	234.15334	-3.757421	400000	7.7486035e-09	1718.6372	-0.020486504	-767.631	0.7485826	0.015084387	0.1305	45.0	876.8771820068359
100	529.4229	166.48343	832.6911	146.88615	171.04347	185.07014	63.981876	233.33965	-20.093563	404000	6.6757204e-09	1675.1444	-0.0040673898	-156.85657	0.75429904	0.017693922	0.20275	3.0	885.3780970573425
101	554.6306	142.09366	805.3352	385.143	178.5	186.71495	62.248013	233.64894	-1.9412818	408000	1.3113022e-08	718.60516	-0.022622747	-91.284424	0.7540867	0.012188404	0.12175	79.0	894.5044701099396
102	583.11383	130.5646	788.8258	385.88098	187.4762	193.26381	60.54964	234.5126	-4.513341	412000	1.4305115e-09	1217.0309	-0.022888007	-201.73376	0.7591729	0.011777729	0.16125	79.0	903.3026387691498
103	560.91455	158.7369	801.0431	116.59734	179.81818	186.27782	61.872	235.34758	-4.8636823	416000	1.8119811e-08	1239.0403	-0.024477826	-411.49768	0.7463737	0.011339146	0.14375	79.0	912.8139786720276
104	591.5117	130.49431	843.7236	384.4855	185.85715	190.10416	64.09316	236.42424	-10.066782	420000	1.3947487e-08	772.86743	-0.004482477	-147.70721	0.74846876	0.015011897	0.197	4.0	920.9520888328552
105	544.53217	126.03983	814.348	255.71303	173.91304	192.55376	64.73984	237.91306	-7.532232	424000	-5.4836273e-09	1459.4805	-0.023144716	-258.07886	0.74795973	0.007104781	0.16925	79.0	930.1483092308044
106	613.5661	107.36206	810.0678	413.8986	194.7	197.66776	56.44774	238.16344	-11.10597	428000	-9.059906e-09	1333.1672	-0.0201004	-371.93597	0.74444175	0.0075101517	0.13275	79.0	939.1286540031433
107	640.4033	92.1537	817.28284	449.59634	198.9	194.0589	61.679882	239.19832	-1.7729697	432000	-3.695488e-09	1462.5449	-0.019498719	-352.05408	0.74471974	0.013625084	0.14575	79.0	948.0617005825043
108	583.7644	112.87381	753.38715	369.28693	183.42857	198.25426	61.585663	240.93541	6.3681116	436000	-9.536743e-09	832.9696	-0.022070566	-130.05066	0.73288274	0.013084739	0.14225	79.0	957.7616860866547
109	632.0757	121.95842	801.5681	381.5412	195.05	198.51404	62.54599	241.90013	-3.0829334	440000	-7.987023e-09	1010.40173	-0.023816684	-144.20172	0.7353647	0.012593492	0.139	79.0	966.4898445606232
110	637.977	97.418144	793.5862	432.48666	203.6842	207.73914	57.900433	243.602	-7.3019714	444000	4.529953e-09	1598.6318	-0.020565622	-392.4016	0.73274803	0.012855219	0.149	79.0	975.0565593242645
111	583.2176	138.0921	721.35345	225.83571	188.61905	203.38928	58.22246	244.14876	4.7984395	448000	-1.502037e-08	2184.4458	-0.020769164	-426.63135	0.72971225	0.007451951	0.13425	79.0	983.5943863391876
112	564.9956	182.68973	785.94543	99.104095	185.7619	197.97601	59.874958	243.96251	-10.258717	452000	-1.9073487e-09	2692.9705	-0.0066896677	-598.0464	0.7142737	0.015458327	0.233	3.0	992.0640552043915
113	661.2672	141.41739	805.2892	124.75646	213.88889	194.20271	55.11022	244.14777	3.7451682	456000	6.0796737e-09	1794.1919	-0.019235991	-682.1858	0.713801	0.014114759	0.13575	79.0	1001.042191028595
114	614.4934	120.37483	735.7797	228.89273	209.88889	201.39935	56.702023	245.92184	-0.16001177	460000	-1.9073487e-09	1761.013	-0.01996586	-525.1384	0.70677114	0.010116844	0.13025	79.0	1009.5782911777496
115	714.047	61.164913	810.9123	599.1078	240.4375	193.85362	54.779022	245.9197	1.5618167	464000	6.198883e-09	1263.9928	-0.0163415	-323.68018	0.7106719	0.013317649	0.13475	79.0	1018.1958696842194
116	688.29614	98.988785	838.0719	534.0525	212.61111	196.62051	67.37179	247.11725	8.009506	468000	7.152557e-09	1038.4049	-0.021627102	-497.16107	0.71981716	0.013127935	0.14	79.0	1026.6703312397003
117	651.92694	84.06865	741.36066	412.17465	204.57895	209.22159	61.552685	249.48756	12.866421	472000	-1.2040139e-08	1171.1028	-0.01731493	-423.09967	0.70687306	0.011313829	0.13475	79.0	1035.0821497440338
118	630.6372	95.19464	816.6024	374.90002	195.95	202.8442	64.48381	250.96686	2.4149866	476000	-1.1861324e-08	736.9486	-0.0193973	-135.1095	0.7057881	0.008035415	0.12075	79.0	1043.698542356491
119	625.3712	89.503586	749.68665	379.18738	193.9	204.70346	64.25004	252.00818	4.6947064	480000	-1.1444092e-08	733.06805	-0.018580284	-132.90082	0.71225554	0.0055753174	0.1225	79.0	1052.462412595749
120	637.6753	89.717964	744.0544	394.9818	202.3158	207.2374	62.735584	252.9459	6.650036	484000	2.384186e-10	1056.7195	-0.01917316	-254.3775	0.71255857	0.0134366825	0.12975	79.0	1060.9853820800781
121	643.147	68.03827	822.24677	559.1778	196.95	201.09325	68.070206	253.67918	-17.767723	488000	-4.887581e-09	588.58527	-0.023600493	-209.04565	0.72344303	0.0071198675	0.15025	79.0	1069.4652585983276
122	648.4623	78.06238	761.48157	476.33713	204.63158	212.89262	60.594765	254.96957	-4.3915224	492000	8.34465e-09	878.1167	-0.015730979	-447.09296	0.70308733	0.012882602	0.14925	79.0	1077.8586251735687
123	654.4518	58.776546	766.7152	491.28726	199.36842	203.87747	66.542854	255.83563	-1.2789273	496000	1.502037e-08	599.67004	-0.019104283	-159.60187	0.6929051	0.01027182	0.141	79.0	1086.5733256340027
124	686.7737	85.03536	833.9654	538.9362	218.05556	211.93245	62.04996	257.2975	-2.73457	500000	-5.722046e-09	855.13983	-0.018325958	-254.16425	0.6769646	0.011342325	0.14	79.0	1095.3649728298187
125	683.2361	90.736595	830.74615	507.753	212.61111	209.14368	66.55321	258.39423	0.10388851	504000	4.7683715e-09	701.52985	-0.023599986	-245.65134	0.6798369	0.012331871	0.142	79.0	1104.0571014881134
126	688.40533	79.11106	789.40173	465.9009	219.22223	212.67899	61.42153	259.82214	5.6852145	508000	-8.8214875e-09	972.93915	-0.018660787	-322.13544	0.6848909	0.012815165	0.15925	79.0	1113.0941185951233
127	728.6036	57.80181	814.65125	551.35394	230.0	210.87378	63.235966	260.71906	-11.943573	512000	-5.00679e-09	609.37115	-0.021549826	-283.1403	0.70038706	0.014448801	0.17225	79.0	1122.1391711235046
128	680.48444	87.33349	793.1971	468.65558	212.55556	209.80124	68.80787	262.2072	-2.57624	516000	1.07288365e-08	1089.4517	-0.019089641	-343.5172	0.69896585	0.014735819	0.153	79.0	1130.842519044876
129	660.91	60.177185	764.85046	560.53723	204.8421	207.87607	71.26257	263.17477	6.7102056	520000	6.6757204e-09	639.2036	-0.009896817	-285.7211	0.68795985	0.015795238	0.1005	16.0	1139.426212310791
130	602.8622	173.0407	785.4643	164.65721	191.95	214.23302	64.60447	263.85587	2.1428103	524000	1.9073487e-09	2259.499	-0.011521044	-670.2019	0.69137245	0.015407147	0.19475	14.0	1147.7978539466858
131	607.89856	166.19362	792.17126	162.10751	190.45	207.43675	64.04166	263.54794	-11.9932785	528000	-1.45435335e-08	1873.17	-0.0033525252	-234.57544	0.6892156	0.015073385	0.17625	3.0	1155.8712887763977
132	709.2009	66.52664	799.1354	600.6058	224.41176	208.40405	60.1596	263.848	-9.375391	532000	-1.192093e-10	1158.9011	-0.0034045894	-561.6847	0.6876865	0.018622415	0.19125	4.0	1164.1138162612915
133	707.84143	80.845116	828.71936	455.86142	228.35294	212.982	62.23999	265.17316	-6.264672	536000	-2.384186e-10	924.08704	-0.019000312	-222.76477	0.6866631	0.009792276	0.12875	79.0	1172.8682396411896
134	710.2089	69.792786	813.7687	601.8131	221.47058	213.41064	64.54145	265.98703	-4.4367867	540000	1.3113022e-08	720.01587	-0.020034263	-256.8692	0.6879372	0.012358719	0.157	79.0	1181.8540568351746
135	703.1865	73.0898	812.7141	553.9409	214.61111	212.56577	68.954544	267.29153	-11.11348	544000	-2.2053719e-09	662.2866	-0.022286652	-217.78088	0.6716162	0.014608219	0.1445	79.0	1190.5742161273956
136	705.9245	51.952473	801.8133	603.8337	221.94444	214.16258	67.45059	268.67392	-1.0202732	548000	1.6987324e-08	801.9853	-0.019518768	-241.87494	0.64614457	0.01462695	0.1705	79.0	1199.3140432834625
137	691.8326	75.35562	859.947	531.65594	211.94444	214.82509	70.22026	269.88608	-15.496101	552000	-1.1205673e-08	586.4164	-0.016410291	-235.70773	0.65092516	0.015081058	0.15575	27.0	1207.4998331069946
138	638.37683	99.835365	790.1887	378.45178	195.65	214.98325	69.927925	270.97333	5.882419	556000	1.1205673e-08	682.00714	-0.022375759	-267.48898	0.63802314	0.01151419	0.13225	79.0	1216.6567289829254
139	598.6679	116.5974	780.3271	383.74808	182.95238	209.05446	69.50303	271.47327	-1.9285393	560000	-5.9604646e-09	601.1485	-0.0089094415	-152.97888	0.6367631	0.015784409	0.14925	7.0	1224.6722979545593
140	574.6608	171.77214	738.6427	63.046703	176.18182	208.04076	69.36141	271.98328	-14.418222	564000	1.4305115e-09	1217.3787	-0.021202615	-149.89746	0.63624996	0.010828131	0.1745	79.0	1233.3878259658813
141	693.97504	60.85894	790.53406	552.10785	210.52632	209.99065	68.488594	272.54053	-28.51223	568000	-9.536744e-10	496.36548	-0.0034847078	-277.1037	0.63835967	0.01592545	0.187	3.0	1241.5324656963348
142	693.7082	82.48855	807.5978	462.51117	216.88889	218.87325	69.709625	274.01025	-3.6359758	572000	-6.437302e-09	895.0173	-0.020928003	-400.86707	0.6381784	0.012863909	0.14125	79.0	1250.585777759552
143	729.3332	46.39433	793.71075	603.8989	224.76471	218.81384	66.50104	274.56955	-3.7096024	576000	-1.5735626e-08	415.8248	-0.008975845	-174.43422	0.6436342	0.016757771	0.16325	14.0	1259.1690106391907
144	682.30115	85.11171	836.33	414.85434	209.0	220.02457	70.57232	276.02496	-8.022637	580000	-3.3378602e-09	718.13635	-0.022190819	-191.44476	0.640875	0.01130661	0.184	79.0	1267.866728067398
145	712.2169	54.978737	825.0742	626.5879	218.11111	216.74477	69.701416	276.3158	-3.3421335	584000	5.9604646e-09	370.3624	-0.01865293	-100.7583	0.6213067	0.012258329	0.146	79.0	1277.1177661418915
146	717.40405	74.12604	804.9405	519.36926	217.72223	219.02277	70.76325	277.2663	-4.3027554	588000	-4.7683715e-09	367.24402	-0.021393549	-148.67206	0.6355599	0.012346132	0.14175	79.0	1286.4905891418457
147	720.6594	57.275948	829.17017	619.161	220.0	218.83739	73.758865	278.5437	-32.54086	592000	2.3245812e-09	408.41574	-0.020457495	-139.31631	0.6321589	0.01283672	0.1525	79.0	1295.4835782051086
148	705.425	54.62079	803.3309	576.02893	216.0	221.4186	71.607414	279.3399	2.734293	596000	-1.502037e-08	270.8692	-0.022054426	-116.324585	0.62072927	0.012385886	0.16675	79.0	1304.6766097545624
149	714.4027	51.94502	797.5382	628.3821	217.83333	219.67136	72.683945	279.71725	-3.3163958	600000	-6.437302e-09	221.41547	-0.019600555	-71.72287	0.60882235	0.00744835	0.14975	79.0	1313.298329591751
150	726.0327	47.480892	797.3047	610.702	223.41176	223.26173	69.95938	280.3876	-5.229065	604000	-8.8214875e-09	718.6776	-0.01865081	-310.9962	0.6032386	0.009130579	0.1575	79.0	1321.872965812683
151	698.9769	71.10301	840.09625	490.05286	210.52632	219.64075	70.88108	280.9802	-3.6575575	608000	-5.2452087e-09	337.7085	-0.020065458	-146.11462	0.6024268	0.0150312325	0.16225	62.0	1330.4465675354004
152	732.49255	73.14172	863.2684	613.45215	221.52942	219.90535	71.4156	281.68088	-4.8084793	612000	1.168251e-08	524.4534	-0.02267215	-225.09958	0.5931052	0.012279555	0.16125	79.0	1339.137588262558
153	727.57666	47.248386	804.5645	648.2959	222.52942	222.60162	71.43625	282.7743	-4.2464476	616000	0.0	270.0209	-0.0048604966	-146.82697	0.58244395	0.015252961	0.15125	6.0	1347.1458141803741
154	767.84265	40.29339	816.0271	674.07495	242.6875	224.59741	67.315155	283.1803	1.2115583	620000	2.1457671e-09	765.9202	-0.022853296	-356.53833	0.5824433	0.009470551	0.18625	79.0	1355.7297821044922
155	742.7703	49.668465	849.2638	674.09973	236.1875	221.38754	67.36022	283.28522	4.148429	624000	1.8835069e-08	896.5142	-0.017210316	-310.08405	0.5767825	0.012986992	0.15	79.0	1364.2047681808472
156	771.8079	50.55665	829.4809	660.1333	239.5625	218.97615	69.42466	283.0399	-10.685481	628000	-8.5830685e-09	613.83826	-0.02086292	-215.40207	0.57602346	0.004624114	0.14025	79.0	1372.893595457077
157	761.785	58.26824	837.9518	612.2902	236.5	224.85631	70.77029	283.74115	-4.1854696	632000	1.3828277e-08	322.7798	-0.022983503	-127.43332	0.56964785	0.009332937	0.13825	79.0	1381.5998573303223
158	750.9041	70.67988	844.15137	650.402	229.70589	222.24217	72.66937	283.70618	-13.422833	636000	7.629395e-09	456.83212	-0.020499611	-168.9675	0.57219005	0.008498651	0.1525	79.0	1390.5225307941437
159	748.9464	85.64131	860.50287	580.84796	227.23529	225.78725	72.14745	284.77466	-4.5772142	640000	-1.07288365e-08	403.7202	-0.02394142	-101.481445	0.567799	0.015047099	0.1995	68.0	1398.8409132957458
160	733.41815	75.58363	865.691	606.6658	221.35294	223.75957	73.40949	285.55566	-10.336843	644000	7.092953e-09	263.1626	-0.025603412	-99.923294	0.54943806	0.012528574	0.16675	79.0	1407.3769681453705
161	749.7449	86.67445	857.80365	538.01904	227.41176	227.94669	68.84184	286.12393	-17.650139	648000	-9.059906e-09	430.75363	-0.021016449	-185.23055	0.5397454	0.011672306	0.1415	79.0	1415.6412584781647
162	747.71155	68.197365	854.50854	671.6438	229.88235	226.82869	72.82818	287.0136	-5.709944	652000	-1.013279e-09	493.63104	-0.0088994475	-205.52106	0.5275407	0.015141275	0.17575	11.0	1423.679826259613
163	779.2268	57.59668	854.17236	685.5261	237.5	226.5213	70.06853	286.90753	-11.712165	656000	-9.059906e-09	418.76038	-0.010894912	-146.79822	0.52692807	0.016199304	0.1875	14.0	1431.844304561615
164	755.3503	65.58629	846.44806	653.5351	228.76471	227.31537	72.722694	287.43295	-0.9091196	660000	-6.556511e-09	269.7431	-0.021121914	-95.730774	0.5260956	0.012814119	0.13925	79.0	1440.719568490982
165	785.2725	64.111	867.70605	672.268	237.3125	231.89981	69.06371	287.67764	1.186965	664000	1.8835069e-08	523.2779	-0.019085772	-153.66458	0.5324267	0.00963783	0.14625	79.0	1449.07430934906
166	758.31757	84.16963	856.78076	556.83325	229.70589	229.44757	70.98345	288.83072	1.4720736	668000	-3.0994416e-09	567.4894	-0.009956384	-207.47711	0.5373086	0.015295514	0.13325	14.0	1457.6394047737122
167	729.66394	176.16466	869.5118	69.42339	222.22223	225.1211	73.481735	289.71463	-13.791099	672000	2.6226044e-08	921.7032	-0.006373384	-108.40045	0.5372406	0.015138428	0.19575	4.0	1466.03111577034
168	785.80237	44.12463	842.1195	702.7064	245.625	230.14957	63.199986	290.9147	8.5256815	676000	4.529953e-09	1012.9768	-0.017461075	-502.6946	0.53578043	0.011023887	0.1465	79.0	1474.7933864593506
169	794.9905	55.43631	860.17316	680.67365	243.875	227.13786	70.63843	290.7781	-10.013518	680000	5.9604643e-10	467.18103	-0.022957155	-114.53885	0.5212282	0.010833962	0.176	79.0	1484.5427463054657
170	809.12885	49.861763	872.02686	696.0099	244.625	231.24667	70.76551	291.63312	-9.135381	684000	9.3579295e-09	805.85516	-0.003859122	-243.98657	0.51268625	0.020377504	0.25	3.0	1492.8997564315796
171	786.36975	46.40363	842.9311	683.3833	242.375	228.20784	73.582504	293.41806	-1.8471041	688000	-4.2915342e-09	731.8291	-0.02131381	-348.51944	0.51167214	0.008706161	0.179	79.0	1501.900853395462
172	760.22705	80.91165	858.1193	500.2037	232.76471	224.3116	72.56703	293.0081	-23.339968	692000	2.861023e-09	1008.5775	-0.021135911	-355.46613	0.5094573	0.009182799	0.171	79.0	1510.677169561386
173	769.09937	70.600006	864.70593	634.75635	237.625	228.62376	66.846214	293.22366	0.82831573	696000	1.2874604e-08	913.40375	-0.004721573	-352.7245	0.49858218	0.016975801	0.1965	3.0	1518.7157967090607
174	779.70166	118.87132	868.8302	411.3811	234.6875	223.81316	70.96114	293.57776	6.7940264	700000	1.692772e-08	1150.7487	-0.010893581	-748.87537	0.49918684	0.015643895	0.14725	16.0	1528.4929158687592
175	690.7165	201.99118	866.3335	271.89862	219.05556	233.48244	71.00802	292.3994	-6.242939	704000	-5.9604643e-10	2127.4915	-0.0241754	-758.1969	0.49948388	0.009879197	0.1385	79.0	1537.1984033584595
176	808.5587	37.834686	871.3797	752.122	246.5625	221.22507	64.45783	290.31998	-39.162277	708000	-4.7683715e-09	1039.0338	-0.020845925	-471.39105	0.5069341	0.008819557	0.1765	79.0	1545.6526455879211
177	761.842	99.39033	857.90204	457.36246	234.82353	227.09383	72.8282	293.49622	-8.237376	712000	1.078844e-08	946.0943	-0.022375364	-328.7082	0.5006456	0.009156059	0.16525	79.0	1554.435393333435
178	719.37134	185.4142	839.487	70.11113	224.58824	227.09534	68.26473	292.21716	-0.13855553	716000	3.4570693e-09	1298.2842	-0.025228854	-278.1504	0.49273378	0.011007373	0.186	79.0	1563.1103990077972
179	754.1939	197.53781	864.8344	60.437252	228.76471	222.0136	70.614784	290.7132	-42.29762	720000	9.894371e-09	1204.135	-0.006145651	-298.2882	0.49589428	0.017755793	0.24525	4.0	1571.2972824573517
180	783.7891	44.84962	861.0919	684.89294	243.625	230.59769	67.28092	291.57254	2.4878407	724000	5.00679e-09	1240.566	-0.019746194	-598.4429	0.49683005	0.012195958	0.17825	79.0	1579.7816598415375
181	794.6268	52.25189	868.48456	700.5026	242.0	230.91292	66.720055	292.51324	-28.696903	728000	2.7418137e-09	1073.443	-0.022095377	-500.6825	0.5096117	0.011785618	0.17	79.0	1588.5065622329712
182	776.17017	50.34368	855.78784	671.3317	242.5	222.78403	72.925156	293.8177	5.36497	732000	-7.927418e-09	1124.9049	-0.02355012	-536.7928	0.50634944	0.012887785	0.19025	79.0	1597.2014303207397
183	778.80005	48.24609	840.87866	683.9341	238.5	225.25012	71.04273	293.8207	-14.591609	736000	-1.502037e-08	576.43427	-0.022576107	-178.12228	0.49040347	0.0144697195	0.15575	79.0	1606.2653830051422
184	730.61005	180.08278	875.9228	68.62437	218.61111	223.98172	75.73667	293.97546	-0.5261345	740000	-1.704693e-08	866.2197	-0.020313488	-202.36816	0.48398143	0.015055568	0.1845	77.0	1614.6802220344543
185	790.0801	76.0322	873.7804	546.93616	239.25	236.79738	65.33212	294.14816	3.4507818	744000	1.1444092e-08	869.3522	-0.0033932184	-385.1677	0.49024385	0.01754247	0.21975	4.0	1622.6320750713348
186	769.1941	69.685135	850.54926	643.9911	234.88235	223.43243	75.95822	295.8056	-16.572327	748000	-5.9604646e-09	577.14703	-0.019480001	-161.41077	0.4906573	0.014096531	0.159	79.0	1631.340390920639
187	774.7047	82.320724	849.86615	532.67334	236.8125	228.08894	72.300224	295.9868	-1.0749474	752000	-5.722046e-09	559.8103	-0.020966608	-150.89572	0.49649552	0.012446613	0.17925	79.0	1639.916293144226
188	815.2771	42.473053	862.0359	731.12915	247.9375	227.62654	70.38923	295.36917	-4.238226	756000	2.384186e-10	456.12338	-0.020273339	-232.12172	0.48425037	0.014215816	0.15475	79.0	1649.4105200767517
189	803.676	54.243584	870.53925	687.0874	243.8125	236.11664	69.27974	297.1767	9.983972	760000	8.5830685e-09	606.9499	-0.016727235	-226.0069	0.47968295	0.015015911	0.1695	31.0	1658.1728978157043
190	788.59705	54.433853	854.9827	696.72046	244.8125	230.41422	71.854385	297.08502	-0.47284985	764000	-2.4557114e-08	509.85034	-0.021870917	-206.22858	0.47389078	0.010233442	0.1565	79.0	1667.5617241859436
191	806.57855	62.092495	873.56665	682.1064	244.8125	231.87137	69.20334	296.20837	3.5692663	768000	1.692772e-08	436.6325	-0.004565185	-189.0216	0.46361783	0.016553544	0.16825	4.0	1675.6346080303192
192	796.93945	83.593315	872.0342	502.91306	241.25	235.37434	70.38431	297.525	-1.102829	772000	1.4305115e-09	809.4933	-0.02036952	-176.9519	0.4638284	0.010281612	0.16325	79.0	1684.6154508590698
193	740.9215	107.06074	868.8306	483.09247	226.76471	232.27332	70.805435	297.57053	-0.97371006	776000	-4.053116e-09	1071.6748	-0.007319815	-354.50995	0.48108676	0.015454362	0.17425	6.0	1692.828604221344
194	783.3097	72.03052	848.52356	548.7273	239.5625	227.00966	68.0674	295.5634	-2.2832813	780000	2.3841857e-09	629.50244	-0.014301571	-220.14648	0.48052377	0.015175929	0.179	18.0	1700.9597690105438
195	702.29224	197.83473	864.80566	169.29727	218.0	237.4365	66.785164	297.01978	-1.0410147	784000	-1.7285346e-08	3117.8723	-0.0043912292	-1006.90454	0.48110214	0.018723102	0.2605	4.0	1709.3013195991516
196	738.14813	108.10757	876.60474	494.6643	224.29411	216.4797	68.762375	294.239	-40.52596	788000	-1.835823e-08	1095.165	-0.022257134	-331.62683	0.48198047	0.010154473	0.16	79.0	1718.2337610721588
197	765.6975	92.48814	859.75854	553.81213	231.88235	223.6333	69.86847	296.44812	-27.355724	792000	1.1920929e-09	899.66345	-0.025093226	-386.78027	0.4800591	0.01158828	0.171	79.0	1726.6589210033417
198	795.2301	80.42799	859.17053	545.8363	237.0625	228.67876	73.01074	296.9321	-13.640338	796000	-1.001358e-08	473.68924	-0.015877582	-157.9165	0.47369483	0.0150456205	0.1495	23.0	1734.6574425697327
199	696.71783	171.7688	847.5466	55.9417	209.42105	229.76244	74.99654	298.44568	-4.3514004	800000	6.556511e-09	730.9049	-0.021841267	-143.63971	0.46775275	0.012961106	0.19175	79.0	1743.4333872795105
200	772.997	97.23004	875.19104	491.7148	228.82353	229.87897	71.57891	296.68143	-3.2501268	804000	1.6689301e-09	720.2996	-0.0059537515	-162.18445	0.47696427	0.015392536	0.20375	4.0	1751.5633182525635
201	796.35486	93.00467	863.235	481.25195	239.375	236.667	66.248314	297.33176	1.3243532	808000	-5.722046e-09	565.1889	-0.0042858976	-266.09387	0.4763893	0.015571547	0.181	3.0	1759.7826325893402
202	789.3496	58.006756	857.8547	659.52686	239.5	230.75401	70.63331	297.3497	4.023898	812000	1.4066696e-08	534.17633	-0.0038222445	-238.05838	0.47620243	0.015631782	0.21	3.0	1767.8421230316162
203	784.40955	49.114365	853.624	660.5916	244.0625	226.56747	71.36565	298.00842	-8.534533	816000	1.6450882e-08	458.21594	-0.0018449046	-199.47864	0.47583807	0.015962765	0.19175	3.0	1775.8832178115845
204	798.76636	67.51519	868.883	651.4621	238.375	224.67471	72.15866	297.8762	-5.114959	820000	-1.680851e-08	528.55865	-0.018143313	-356.5415	0.4756133	0.015108759	0.16725	38.0	1784.4577450752258
205	824.15155	29.582098	863.0369	735.55054	245.375	234.1219	74.24247	300.34946	-10.079661	824000	3.8146974e-09	180.52466	-0.01711918	-120.30033	0.46110988	0.01533161	0.134	41.0	1792.913774728775
206	781.2348	85.62868	863.41095	597.3915	231.58824	232.78485	78.43159	300.5411	-7.2399263	828000	3.8146974e-09	177.89224	-0.020930083	-82.39744	0.45996493	0.015000512	0.16375	56.0	1802.1520493030548
207	791.94604	66.783005	871.1374	666.0097	236.8125	233.88315	72.58553	300.79254	3.812519	832000	-1.3113022e-08	167.18022	-0.021242088	-62.6784	0.4751458	0.010999957	0.149	79.0	1810.9807364940643
208	805.802	51.528896	855.9158	663.0773	238.0	237.53154	72.27698	300.75085	-11.765351	836000	-1.2278557e-08	102.41405	-0.024660844	-25.029083	0.48077926	0.010842222	0.16175	79.0	1820.7095639705658
209	747.29584	184.16911	872.31384	66.854836	222.70589	234.62912	74.82146	301.29807	0.09594536	840000	1.8954276e-08	653.11395	-0.0182937	-86.01276	0.46900374	0.008817418	0.1815	79.0	1830.1439547538757
210	789.1451	72.941795	865.47296	641.0295	233.35294	231.81824	73.13164	301.3623	-1.5132198	844000	-1.0848045e-08	143.92918	-0.023354072	-54.92862	0.4737894	0.011599196	0.156	79.0	1838.7854640483856
211	759.4363	82.28102	855.29193	619.62524	227.17647	231.79935	77.31791	302.26285	-3.439949	848000	7.987023e-09	145.10403	-0.022909423	-46.173965	0.47080496	0.0059876526	0.14675	79.0	1847.5253891944885
212	796.6241	60.505936	867.20276	673.06616	236.9375	235.08199	70.51949	301.6622	-9.075898	852000	1.4066696e-08	304.76837	-0.018907161	-169.6728	0.47308594	0.013809529	0.1685	79.0	1856.1932702064514
213	791.7458	64.2764	870.20593	646.92377	236.1875	231.3284	73.41057	303.08353	-2.9754753	856000	6.437302e-09	228.60588	-0.01575344	-126.95197	0.45967042	0.015715135	0.13675	27.0	1864.587376832962
214	749.151	179.14717	870.5111	72.905914	222.05882	236.74734	72.97237	302.37833	3.4350214	860000	-2.1457671e-09	693.6377	-0.0072027184	-84.507324	0.4507736	0.0163367	0.201	8.0	1872.5446648597717
215	803.83093	25.991287	868.5693	743.1992	241.25	230.4685	72.3916	302.87268	-1.367753	864000	7.629395e-09	244.89372	-0.018761389	-145.60635	0.44944987	0.0068418887	0.1375	79.0	1881.1266021728516
216	775.2464	72.53731	834.54736	507.31137	237.0625	239.62874	68.50416	302.65784	-9.027771	868000	4.529953e-09	1154.6892	-0.018888537	-529.43964	0.4420869	0.012979513	0.16025	79.0	1889.6958565711975
217	792.9979	44.901154	869.7803	689.0795	236.875	229.36516	71.96196	300.6766	-0.083952904	872000	-9.298325e-09	284.58282	-0.022183113	-160.67056	0.43749875	0.012592503	0.14925	79.0	1898.2645990848541
218	788.27686	52.884068	853.08545	666.2447	235.1875	234.61021	72.80978	301.8106	-13.708974	876000	1.0967255e-08	144.49353	-0.025521163	-66.245346	0.43599182	0.009851058	0.1785	79.0	1906.874531507492
219	787.53394	90.52395	878.47266	533.9931	233.76471	232.10149	75.25319	301.41568	2.1932898	880000	4.768372e-10	307.65463	-0.013964663	-87.661255	0.41689426	0.015947405	0.15025	15.0	1915.341918706894
220	759.6972	81.49275	844.7072	507.39194	229.23529	234.5275	73.861855	301.86432	-0.81173515	884000	-6.6757204e-09	638.93365	-0.021253157	-295.52466	0.4132529	0.00958425	0.16475	79.0	1923.8762183189392
221	794.5918	86.352844	865.1264	479.09845	237.25	230.89684	70.59304	300.54465	-7.752269	888000	1.859665e-08	350.81454	-0.014349792	-140.78316	0.4110527	0.015088341	0.13725	25.0	1932.4419100284576
222	786.3074	50.606197	858.8603	688.26434	236.1875	233.53522	72.57005	301.39664	1.6544504	892000	-2.7656554e-08	457.65506	-0.017439835	-236.79503	0.41589534	0.009560871	0.1435	79.0	1941.3934919834137
223	790.337	70.93149	872.5759	651.4768	234.88235	231.2254	76.26899	301.35614	-9.011142	896000	3.3378602e-09	212.21735	-0.021302521	-90.872154	0.41241422	0.010053996	0.1715	79.0	1950.1333746910095
224	744.8571	78.118355	863.02203	631.5881	222.35294	231.0714	73.74101	302.3844	-8.084177	900000	-4.7683715e-09	151.58621	-0.026271172	-46.758957	0.3985991	0.01412904	0.163	79.0	1959.162052154541
225	761.1757	121.72525	874.79346	506.56143	228.76471	238.411	71.60759	302.7069	-3.4941807	904000	3.4570693e-09	1300.1124	-0.0044565587	-785.0143	0.39321098	0.018613772	0.2435	3.0	1967.4475367069244
226	809.2716	50.163334	877.3259	677.69336	240.25	224.6751	73.26807	303.0345	-1.0592337	908000	9.536744e-10	953.9535	-0.014244593	-843.3454	0.39277446	0.015293314	0.152	25.0	1975.809154510498
227	819.40234	25.517607	870.9933	774.6494	245.8125	235.74913	71.57129	302.13113	0.79648113	912000	1.0728836e-09	359.53125	-0.010484776	-224.54121	0.38954768	0.015065173	0.1565	11.0	1983.9832804203033
228	830.1667	49.11268	870.3853	663.21625	242.25	237.719	74.455795	303.26166	0.88095	916000	8.5830685e-09	130.49724	-0.010473645	-77.71544	0.38704	0.015394442	0.1415	19.0	1992.4100677967072
229	775.4142	75.208244	868.2095	596.2464	230.70589	235.0096	78.04349	305.14188	-25.284431	920000	-3.8146974e-09	157.4052	-0.022612102	-78.616	0.38316894	0.011850101	0.14825	79.0	2001.090940952301
230	783.2372	66.837	865.99426	620.3944	234.58824	231.30481	75.2918	303.46646	0.8074846	924000	-7.1525574e-10	90.32211	-0.021344708	-26.402855	0.36762902	0.015079328	0.13525	46.0	2009.6275808811188
231	782.8309	55.992493	871.877	656.7087	233.23529	233.71225	73.278946	303.1124	-1.185296	928000	-1.3053417e-08	241.80275	-0.017493416	-143.08484	0.35935804	0.009408491	0.146	79.0	2018.427279472351
232	785.1765	72.26996	858.83203	639.2318	234.47058	231.07997	74.06079	303.4574	-18.45546	932000	1.5735626e-08	219.87851	-0.02221047	-103.25768	0.36359423	0.010584768	0.18125	79.0	2027.273368358612
233	826.4254	36.33014	865.18274	724.5923	245.625	240.29591	70.230934	304.06085	-9.4056835	936000	2.157688e-08	497.1179	-0.0055633234	-271.0509	0.35638872	0.01528779	0.2075	4.0	2035.4230208396912
234	735.1233	81.54393	873.45905	542.99585	221.52942	228.91641	78.04628	305.57828	2.2538548	940000	5.9604646e-09	398.78647	-0.019043038	-213.63112	0.35645965	0.0118220225	0.16375	79.0	2044.5687413215637
235	774.6227	87.38125	867.1566	544.0482	230.82353	228.2519	75.60041	303.80853	-9.922433	944000	7.1525574e-10	169.54399	-0.020818071	-62.29489	0.34449044	0.015206906	0.185	64.0	2053.0162510871887
236	777.9359	105.478935	870.33984	453.2421	234.64706	235.87096	70.828285	304.60468	-16.858063	948000	1.3113022e-08	815.5505	-0.021835877	-471.28995	0.32572493	0.00551943	0.161	79.0	2061.7481801509857
237	809.8082	60.60235	870.4678	671.1947	241.125	233.09071	74.4089	304.11087	4.7405615	952000	-1.4305114e-08	132.92725	-0.018915238	-56.895844	0.31661147	0.015034828	0.14175	48.0	2070.274892091751
238	787.7837	84.96263	850.07855	499.40323	241.1875	231.55759	71.2894	304.9585	-0.3889494	956000	-1.7404556e-08	766.2829	-0.020534718	-235.65607	0.3010653	0.010844431	0.18075	79.0	2078.9001457691193
239	811.1006	80.4909	857.48627	517.7471	244.125	234.55656	72.83839	303.90286	-8.652102	960000	1.1444092e-08	764.4276	-0.0039248266	-191.27612	0.2923056	0.016844299	0.21125	3.0	2086.968626022339
240	813.57434	64.389175	864.8241	577.9772	244.9375	231.8909	73.085915	305.18732	-0.23387718	964000	-1.4781952e-08	175.21347	-0.015298657	-93.23476	0.2920453	0.015458385	0.13275	27.0	2095.13134932518
241	835.07996	21.355257	861.20886	766.0191	247.6875	235.0372	71.48086	304.90027	-3.2671661	968000	1.1444092e-08	199.47816	-0.017663388	-97.70441	0.292946	0.012814283	0.1515	79.0	2103.592504501343
242	846.07227	17.468628	873.32806	804.2077	248.8125	238.75719	74.40487	306.99338	-8.303974	972000	1.692772e-08	69.48468	-0.021047082	-31.343739	0.29824236	0.01009538	0.13275	79.0	2112.2528355121613
243	795.67395	78.30579	871.9002	655.9116	235.29411	238.85727	77.119896	308.06363	1.1874456	976000	0.0	178.14098	-0.02614948	-83.66171	0.29154137	0.009595305	0.14375	79.0	2121.142349243164
244	809.07764	47.60099	856.97656	683.1147	238.6875	239.62318	72.59235	306.96887	-5.9105463	980000	-7.390976e-09	77.411026	-0.023157645	-27.503792	0.29372236	0.010804706	0.15	79.0	2129.907693386078
245	842.2586	15.085329	873.5031	822.9098	246.75	237.71503	74.680885	306.79388	-8.155993	984000	-6.6757204e-09	90.48378	-0.0018912232	-47.91513	0.27873182	0.01692403	0.1885	2.0	2138.214658498764
246	711.69543	162.55034	860.7935	222.19019	215.61111	247.72707	72.03268	308.37296	7.2256794	988000	2.384186e-10	2788.0916	-0.020270778	-816.7363	0.27760267	0.010445526	0.17225	79.0	2147.1527190208435
247	739.4155	114.36942	853.52484	504.3435	223.23529	226.232	62.490696	286.50195	0.40802002	992000	-1.9669533e-09	1655.9695	-0.0027559684	-478.14746	0.26883495	0.016513368	0.21075	3.0	2155.4505927562714
248	759.74316	108.05225	866.64655	501.62778	225.88235	225.24442	68.22393	302.34958	-13.236096	996000	-7.152557e-09	1230.0275	-0.00351011	-345.08307	0.26886624	0.016825555	0.17025	3.0	2163.5122306346893
249	810.9258	62.352757	872.6006	655.808	237.25	227.3224	71.93903	304.32855	-1.7868795	1000000	2.3841857e-09	248.88396	-0.020451317	-178.26288	0.26930988	0.015437119	0.15	41.0	2172.6392953395844
250	808.77594	58.05404	862.1335	649.99304	236.625	237.23322	72.73646	306.22983	0.6590824	1004000	3.8146974e-09	101.67164	-0.020168219	-42.851994	0.27056134	0.011736155	0.15575	79.0	2181.1106798648834
251	781.5206	81.68622	861.3364	652.31866	231.47058	235.14284	77.58084	306.63394	-1.7124014	1008000	5.3644182e-09	111.7815	-0.022803996	-41.411377	0.2550514	0.015299755	0.1605	47.0	2189.4854288101196
252	801.6345	57.794117	870.6452	653.01984	235.875	237.41129	75.00327	306.74963	-9.307171	1012000	-2.026558e-08	79.80871	-0.0021342025	-19.368069	0.25100073	0.015546305	0.17125	2.0	2197.575206041336
253	802.81464	51.4308	854.90314	668.7258	243.4375	239.5707	70.396866	306.7524	-3.8469381	1016000	-9.536743e-09	528.19507	-0.0042318343	-359.64978	0.2503095	0.016498877	0.164	2.0	2205.6062428951263
254	741.5754	117.00266	832.5974	500.81573	228.05882	241.25717	66.96417	305.20782	8.93642	1020000	2.3961068e-08	1907.2556	-0.0037546656	-703.5504	0.24980713	0.020219238	0.188	2.0	2213.598655462265
255	794.68976	98.19672	864.8668	528.8654	238.625	215.98233	68.34367	296.02795	-30.488613	1024000	2.0086766e-08	1592.889	-0.0019304579	-829.46893	0.24979477	0.017116655	0.24425	3.0	2221.664760828018
256	822.7947	38.24142	864.42535	750.31696	245.8125	232.30972	71.724754	304.47318	-2.1453066	1028000	-1.7881394e-08	568.69226	-0.019540146	-319.21216	0.24996619	0.008901893	0.1845	79.0	2230.195585012436
257	804.113	59.179436	866.26715	670.7442	240.6875	234.5055	72.813385	305.89362	-0.18828583	1032000	-1.66893e-08	284.42447	-0.013816243	-154.74828	0.24179891	0.015629617	0.18875	20.0	2238.3554871082306
258	775.84143	83.411766	875.01044	663.4802	229.88235	230.34006	82.993324	307.03625	-27.957893	1036000	5.00679e-09	260.0887	-0.004846376	-171.73108	0.23833416	0.016764268	0.157	3.0	2246.387997865677
259	739.7751	100.86362	872.7983	563.67645	221.5	229.58188	75.245995	306.81458	-7.778699	1040000	-1.2993812e-08	268.1888	-0.021269564	-134.99605	0.23846124	0.0070317034	0.16325	79.0	2254.7790508270264
260	764.3823	94.49456	866.4302	552.5439	228.47058	230.8125	74.45909	306.50928	-13.66896	1044000	2.3841857e-09	287.33002	-0.016673857	-95.252716	0.22400399	0.015025572	0.20475	33.0	2263.6164588928223
261	785.88934	83.475746	866.5957	666.279	232.41176	231.96104	76.00375	307.18982	-1.9841671	1048000	2.861023e-09	108.676834	-0.0020520934	-35.74089	0.21822836	0.015336484	0.18425	2.0	2271.856226205826
262	724.4128	79.65298	835.9596	575.40216	222.35294	230.33342	72.49011	308.42267	1.0799971	1052000	-1.0490417e-08	856.62836	-0.013316687	-507.79404	0.21753444	0.015091204	0.15275	22.0	2280.159541606903
263	781.9083	104.801796	861.73663	498.12167	234.94118	230.30197	69.80754	307.11234	-15.746039	1056000	9.536743e-09	816.3421	-0.022904716	-364.06546	0.21144952	0.008651748	0.16575	79.0	2288.822289466858
264	796.3462	78.634415	868.0223	530.2746	234.23529	227.51509	73.43894	305.32913	-7.828351	1060000	1.2993812e-08	527.1683	-0.022991447	-387.55927	0.20488723	0.015235237	0.193	76.0	2297.702301979065
265	737.82153	151.93657	875.6669	499.15225	220.38889	234.93022	72.090836	307.30386	6.4387217	1064000	-2.2649764e-09	637.06506	-0.008504688	-186.84036	0.20091458	0.018171305	0.20525	8.0	2305.795611143112
266	752.878	103.00573	869.9558	556.28156	225.17647	225.58662	75.57342	307.40485	-23.541267	1068000	-1.9729137e-08	259.91037	-0.0073490925	-158.70598	0.20134269	0.015165812	0.211	8.0	2314.046320915222
267	766.08673	128.67047	863.7972	497.48853	235.0625	239.12837	67.8315	307.8685	-9.255681	1072000	-1.2397766e-08	1557.001	-0.018760715	-686.78735	0.19862142	0.009819247	0.157	79.0	2322.906368970871
268	810.7937	83.30186	865.2885	507.1494	242.125	223.38385	73.141884	307.80975	-1.4489594	1076000	-3.2663344e-08	882.8328	-0.008302319	-727.673	0.19746387	0.015710616	0.174	8.0	2331.3344826698303
269	784.3436	112.54269	856.8114	487.88495	238.25	243.36252	67.84884	307.85114	4.4142113	1080000	-1.4781952e-08	1277.4363	-0.0189367	-442.23242	0.19665395	0.011532767	0.16025	79.0	2340.2519199848175
270	819.2475	82.48541	868.2447	511.62894	244.4375	230.58734	71.483086	306.5688	1.3094816	1084000	2.861023e-09	753.93604	-0.010070989	-195.18292	0.20954354	0.015118412	0.21375	14.0	2348.608783721924
271	823.5701	40.539482	870.24365	709.17346	243.0625	237.81917	72.21946	307.92224	3.4782085	1088000	-3.3378602e-09	190.098	-0.02049285	-94.24912	0.20683807	0.015055586	0.1485	53.0	2357.397134542465
272	834.1917	34.183628	873.99756	765.48157	244.9375	237.42896	75.236885	307.91946	-18.605179	1092000	9.775162e-09	97.757454	-0.025500223	-51.58704	0.20449224	0.01124499	0.16325	79.0	2366.2130784988403
273	803.8385	65.210236	872.1243	649.8639	237.3125	240.04356	75.450005	308.43747	-1.7645416	1096000	3.272295e-08	275.30743	-0.020213393	-146.27504	0.1930699	0.006998877	0.16425	79.0	2375.2864384651184
274	772.41486	94.06134	861.4985	503.08725	232.29411	234.65022	75.39012	308.85043	-0.22040558	1100000	-1.4305115e-09	923.6009	-0.009621387	-212.37354	0.18501088	0.01530599	0.176	9.0	2383.3505482673645
275	811.4554	67.57338	870.13916	660.66406	240.4375	228.40964	72.33941	305.36432	1.2180071	1104000	4.2915342e-09	312.04776	-0.02449222	-237.37823	0.1823913	0.014231955	0.18325	79.0	2392.1646242141724
276	815.7193	88.14456	869.54004	503.95374	241.1875	240.81781	73.73512	308.16507	-7.4601126	1108000	1.6093255e-09	669.3534	-0.0036001902	-91.59082	0.1668968	0.015922604	0.198	3.0	2400.3743104934692
277	807.6101	57.024742	870.126	678.59814	242.6875	233.94261	70.27347	308.8886	8.835588	1112000	1.9669534e-08	274.28406	-0.001244844	-163.79102	0.1670489	0.020444952	0.20675	2.0	2408.5603325366974
278	797.19653	57.216858	857.77325	669.32196	241.125	232.95596	73.80286	308.86493	5.861562	1116000	4.768372e-10	396.58365	-0.012736756	-211.86444	0.16759351	0.015577671	0.166	32.0	2416.743729829788
279	801.32324	49.471786	870.3987	727.27435	249.9375	223.9279	73.25814	307.82217	-4.08753	1120000	-1.6689301e-09	552.38403	-0.004401247	-261.23218	0.16160564	0.016485097	0.184	2.0	2424.93736410141
280	779.7787	96.28674	874.35834	528.7263	239.125	236.83665	67.05498	308.38052	-1.2099609	1124000	-5.066395e-09	905.5288	-0.004195363	-506.78314	0.16108014	0.015322169	0.152	3.0	2432.9875559806824
281	801.8956	91.579506	874.71985	493.84485	241.1875	228.99449	72.86746	306.72772	-3.451622	1128000	2.193451e-08	510.36462	-0.022345092	-157.68472	0.16087209	0.011159279	0.17675	79.0	2441.591105222702
282	805.52454	44.15833	869.8128	687.7281	243.75	232.75131	72.58787	307.7114	6.6684246	1132000	2.3841857e-09	301.18256	-0.020742131	-143.32428	0.15402572	0.015328566	0.16925	78.0	2450.659987449646
283	767.11206	102.23569	864.9261	526.087	235.4375	234.97188	70.53894	306.61273	0.089530945	1136000	3.0994416e-09	1044.136	-0.0072921338	-529.13434	0.14354637	0.01652237	0.19075	9.0	2459.141441822052
284	818.8572	30.335672	876.51483	765.7516	248.375	220.09453	71.70029	307.34216	-2.742219	1140000	9.953975e-09	761.69257	-0.018717196	-576.75525	0.14356942	0.015161003	0.145	74.0	2467.6460461616516
285	843.1481	23.474695	870.2094	771.5486	247.625	236.166	73.134346	308.04916	2.8286552	1144000	-1.525879e-08	135.44843	-0.018060097	-84.20299	0.13891436	0.015567664	0.159	61.0	2476.2273247241974
286	814.271	84.94277	866.2806	500.9737	241.75	242.0914	74.30177	309.0919	0.16132545	1148000	-1.7881393e-09	618.1689	-0.011828519	-327.04132	0.11517473	0.015750932	0.151	24.0	2484.3915655612946
287	799.0926	81.31652	866.23694	548.721	235.9375	239.22534	73.30758	309.90018	5.9777546	1152000	-2.5987624e-08	161.96964	-0.024076851	-73.826836	0.10882122	0.012682547	0.15	79.0	2493.227494239807
288	794.9816	69.773346	873.753	668.6016	235.1875	233.43207	77.09158	308.60846	1.9844303	1156000	2.3841857e-09	133.19063	-0.022585917	-67.643875	0.117433265	0.015074095	0.172	64.0	2501.7120656967163
289	820.67114	38.033264	872.06024	704.14014	246.125	235.91934	73.138954	309.32935	-0.35495663	1160000	0.0	144.26752	-0.019770157	-94.53225	0.118482105	0.015005003	0.1525	73.0	2510.1071169376373
290	781.53033	94.17437	866.0376	501.6051	232.35294	236.35916	74.4969	309.50336	4.140601	1164000	-4.768372e-10	530.8218	-0.011766322	-112.24899	0.11108635	0.018172069	0.1845	13.0	2518.2789254188538
291	803.1221	48.34486	860.50745	688.9776	242.625	233.68767	72.541664	309.3035	1.2504072	1168000	1.1920929e-08	211.08789	-0.0037848435	-117.57652	0.10801596	0.016588852	0.2395	3.0	2526.388162136078
292	817.8059	43.08941	869.86414	700.08856	247.0625	231.70607	74.776764	308.11508	3.2389784	1172000	4.9471853e-09	143.41588	-0.024369998	-56.238327	0.10717156	0.008964358	0.19725	79.0	2535.0192410945892
293	821.04395	42.694374	867.60834	725.24396	242.6875	236.44293	74.66548	309.30823	0.033449173	1176000	3.8146972e-08	64.87631	-0.024223724	-23.954342	0.09557442	0.012465343	0.14575	79.0	2543.471467733383
294	815.48254	56.70552	873.755	696.1598	241.4375	237.455	74.905624	310.1127	-5.750392	1180000	2.4795533e-08	72.27669	-0.023888618	-22.637928	0.08438603	0.012450522	0.15575	79.0	2552.0309689044952
295	809.21436	31.908442	855.51556	744.0748	241.875	237.0635	74.45306	310.61636	3.255148	1184000	1.1444092e-08	110.46259	-0.002494308	-47.404858	0.081104726	0.01814708	0.2065	2.0	2560.1431229114532
296	832.64	20.463118	868.6379	792.2773	248.5625	234.5509	77.89738	309.66513	-0.4936056	1188000	2.5987624e-08	120.21992	-0.008752458	-82.0238	0.08082601	0.015376647	0.17725	8.0	2568.1645801067352
297	826.3915	50.335712	873.0548	690.0881	242.5	239.26065	75.412895	310.43057	-9.359342	1192000	-1.8119811e-08	95.754166	-0.023501076	-54.75946	0.08210823	0.015009425	0.206	57.0	2576.3808720111847
298	786.7603	71.79559	871.7038	650.7548	233.29411	234.33684	77.44671	310.83215	4.8111706	1196000	0.0	67.4203	-0.005249918	-25.773903	0.063606896	0.01695946	0.173	3.0	2584.230717897415
299	838.0425	33.497627	874.67896	726.2986	248.0625	238.31694	73.78513	310.95984	-0.19211197	1200000	-3.0636787e-08	49.51379	-0.017755492	-17.589722	0.062559284	0.015298314	0.1425	43.0	2592.5001661777496
