Epoch	AverageEpRet	StdEpRet	MaxEpRet	MinEpRet	EpLen	AverageVVals	StdVVals	MaxVVals	MinVVals	TotalEnvInteracts	LossPi	LossV	DeltaLossPi	DeltaLossV	Entropy	KL	ClipFrac	WM_LossMean	WM_LossStd	StopIter	Time
0	11.877546	6.5979137	51.728218	4.5090675	14.726937	0.31940705	0.04366932	0.39683932	0.10587843	4000	1.1920929e-09	77.3161	-0.02002209	-48.523533	0.91893864	0.019663205	0.235	0.5196041902154684	0.5205829465890157	4.0	10.244655847549438
1	25.821795	28.360596	151.59015	4.7716002	23.5	6.2527013	2.1415405	8.133804	-2.157108	8000	-2.384186e-10	661.2776	-0.020756863	-180.13678	0.9167273	0.015823884	0.181	0.048481833599507806	0.011942334750875737	5.0	21.05446434020996
2	70.36114	55.435493	258.6356	6.7903843	45.87356	15.423389	2.404802	16.274931	-2.2715592	12000	1.6689301e-09	1935.883	-0.02000275	-485.09155	0.9155494	0.007991134	0.1345	0.04063605360686779	0.008720457293407173	79.0	32.050485134124756
3	94.163345	48.25837	202.57388	7.069403	56.771427	25.020618	2.8680193	25.561321	-10.262975	16000	-3.0994416e-09	1562.1342	-0.017601397	-319.04272	0.92114985	0.010262754	0.09525	0.038917226009070875	0.007666996312381041	79.0	42.10173583030701
4	120.83842	54.713646	242.70763	10.914937	65.47541	31.978859	2.971974	32.40658	-0.6960968	20000	-2.384186e-10	2069.378	-0.015931679	-376.28015	0.9198896	0.009494434	0.097	0.036579600274562835	0.0060514605073863125	79.0	52.47506523132324
5	156.2679	54.248558	236.10048	28.52161	81.20408	39.214787	1.7643648	39.37157	3.0092788	24000	-1.4305115e-09	2445.6238	-0.015098751	-423.6383	0.9129011	0.009726046	0.076	0.03971753804013133	0.007125176337347587	79.0	63.287471532821655
6	172.29387	54.78148	268.0103	64.93482	86.26087	45.959045	3.078881	46.399265	-1.7822876	28000	-1.6689301e-09	2522.61	-0.014892175	-408.88452	0.9148855	0.008202005	0.097	0.040534379910677674	0.00694423725413759	79.0	73.71452283859253
7	179.84052	57.615604	251.71887	58.86599	88.40909	50.877407	6.4480877	52.83284	9.09905	32000	8.702278e-09	2376.9326	-0.015203818	-421.39856	0.9059805	0.0062432275	0.09675	0.039722211956977845	0.007362689280601648	79.0	84.07547855377197
8	196.12946	62.1271	262.93317	28.741138	92.4186	53.74691	13.130704	59.11664	-20.284554	36000	5.2452087e-09	2414.2134	-0.00893546	-406.75366	0.89981776	0.018031722	0.21075	0.037233297191560266	0.006821942058885731	5.0	93.60789012908936
9	225.60893	49.060463	302.0836	70.925995	103.47369	59.079037	14.266232	65.35468	-10.464784	40000	-2.2053719e-09	2531.102	-0.016503334	-472.34814	0.8987816	0.009148665	0.09575	0.037788185942918065	0.009397854641818998	79.0	103.69950532913208
10	248.14436	43.602726	331.85373	151.01985	109.05556	64.560295	16.545874	71.819084	-6.685668	44000	2.3841857e-09	2655.7366	-0.016054885	-492.68774	0.89812434	0.011447559	0.08525	0.03517083803191781	0.0067476159721965474	79.0	113.87844395637512
11	250.903	50.663677	327.4056	84.0229	110.69444	70.01294	18.333664	78.4395	0.075614214	48000	3.0398368e-09	2295.324	-0.018201377	-389.48694	0.90553355	0.011356409	0.11175	0.03457394808530807	0.00892486536804626	79.0	124.18195724487305
12	296.20737	40.235397	358.7436	181.43379	124.5	73.88131	20.033443	84.17116	-7.9954357	52000	2.384186e-10	2997.558	-0.016083565	-576.93677	0.9118066	0.009044719	0.11625	0.038017150461673734	0.011120969057923754	79.0	134.61238932609558
13	285.43942	51.155872	352.47217	156.21677	121.625	82.42378	20.46362	90.79554	-5.1307235	56000	-6.556511e-09	2419.3203	-0.020795055	-389.1089	0.9041872	0.015033114	0.1105	0.0397217795997858	0.010034655973277183	74.0	144.57239532470703
14	306.27176	54.796143	377.89447	107.027565	128.19354	83.58622	23.822498	96.2705	-0.12952912	60000	7.7486035e-09	2478.1934	-0.019058986	-404.86108	0.9137093	0.00960124	0.12375	0.0410301373526454	0.01381493061492791	79.0	154.68373441696167
15	319.68176	42.5299	363.3583	185.40767	133.03334	89.166405	24.659882	101.726326	-1.7362486	64000	-2.861023e-09	2126.2446	-0.016718553	-353.96814	0.8995433	0.011375087	0.1095	0.04562364924699068	0.014331333644458554	79.0	164.90748834609985
16	298.54382	59.141922	376.79318	135.58885	128.8	95.715904	23.689207	106.970474	-8.816704	68000	-1.6689301e-09	1757.6842	-0.007057292	-310.33008	0.89466417	0.020771395	0.224	0.043117017187178135	0.013521747710822573	4.0	174.7203984260559
17	329.82822	19.74887	396.36777	289.308	132.76666	95.3035	27.76938	110.92469	3.2737198	72000	-3.4570693e-09	1733.8246	-0.019050883	-356.04565	0.89479417	0.0109935505	0.11725	0.04319225473329425	0.011423240801064037	79.0	184.8745560646057
18	334.98157	27.62182	392.94904	258.36212	134.58621	100.57283	28.921711	115.88381	3.634921	76000	3.1590461e-09	1604.4545	-0.016211389	-286.3905	0.9007232	0.006724682	0.09425	0.04170582706108689	0.014162045541027306	79.0	194.95852494239807
19	337.21033	21.665396	379.1965	279.2237	135.93103	102.5911	31.80092	120.70149	0.43723428	80000	2.2053719e-09	1239.5758	-0.01678695	-217.30072	0.907407	0.010822699	0.11225	0.039711333606392146	0.013168809337213096	79.0	204.96441507339478
20	345.73428	14.911504	387.557	321.1231	137.13792	105.70486	33.58101	125.01591	1.8686873	84000	3.3378602e-09	1161.532	-0.014642377	-204.49347	0.898971	0.0072011435	0.09175	0.03949477566406131	0.01267595179189973	79.0	215.15440368652344
21	347.04657	23.79965	386.3211	260.45532	136.03448	109.73606	33.695583	129.28474	0.9716104	88000	2.861023e-09	1095.0211	-0.014189811	-183.93915	0.9016144	0.015080551	0.11375	0.03600101800635457	0.013431595920035148	45.0	225.02461528778076
22	345.14508	41.88316	399.2392	187.15034	136.31035	111.83214	35.82487	133.32094	1.4324639	92000	3.695488e-09	1053.2511	-0.01729817	-139.0086	0.89935476	0.010331468	0.09825	0.03758471067994833	0.011908891184586283	79.0	234.98095607757568
23	359.17584	21.33606	410.76254	314.0167	140.28572	114.05412	36.493244	136.78014	1.6883636	96000	1.0609627e-08	882.1535	-0.017759744	-162.11365	0.90290445	0.013906656	0.11925	0.03416081288829446	0.010361039024745233	79.0	245.12576413154602
24	366.32635	25.504343	431.19412	309.51105	141.78572	118.31221	36.78754	140.52252	2.2877097	100000	1.7881393e-09	868.64996	-0.018422816	-150.79749	0.89285547	0.010480764	0.1235	0.03494437199085951	0.011023739088711676	79.0	255.16224813461304
25	379.3769	27.972973	441.6727	329.15338	144.14815	120.22002	38.70571	144.17827	0.4305148	104000	-2.771616e-09	896.1573	-0.020935668	-176.81732	0.8876646	0.014044467	0.1375	0.03686852743849158	0.012165232771485717	79.0	265.5245587825775
26	384.8293	52.05602	581.595	223.38863	145.2963	125.33113	38.414646	148.12144	2.6836383	108000	1.7881393e-09	996.005	-0.016306354	-171.20319	0.87764716	0.01527374	0.12975	0.03811767691746354	0.01492108496071426	58.0	275.62994956970215
27	389.31577	28.807009	505.65405	354.47122	146.59259	127.54828	40.550907	151.84445	0.5480068	112000	-6.0796737e-09	718.2077	-0.016845647	-161.92621	0.8711495	0.015165821	0.098	0.03804785380139947	0.011550926244739268	41.0	285.75405526161194
28	401.828	35.691616	509.43942	335.751	148.76923	130.76862	40.48827	155.3503	-2.1121824	116000	-4.887581e-09	826.5075	-0.021597648	-194.34601	0.8716654	0.011671079	0.13175	0.03865077616646886	0.013257233042265512	79.0	296.1020324230194
29	400.79926	34.445347	488.1643	320.1704	148.07408	134.01207	42.3561	159.15004	1.7029502	120000	3.218651e-09	677.6338	-0.02111894	-140.23468	0.8741475	0.015178105	0.1275	0.04171408152207732	0.012798180211034666	68.0	306.2952256202698
30	418.85355	56.89217	590.34314	346.08777	152.15384	134.9748	43.06873	162.5095	0.31425	124000	9.536744e-10	906.0433	-0.021118766	-200.98938	0.89011973	0.008771143	0.1195	0.04590527093037963	0.017418264086714548	79.0	316.43080973625183
31	429.6161	82.63523	618.4866	248.34647	153.42308	141.40825	43.585392	166.19655	3.0138018	128000	-2.384186e-10	1197.4178	-0.022959026	-188.5263	0.8766012	0.011930291	0.1435	0.04709890965372324	0.016471615963038824	79.0	326.54453015327454
32	442.8961	115.51138	612.6419	29.803596	156.28	143.96347	44.027977	170.17464	0.7240062	132000	4.2915342e-09	1303.556	-0.014909027	-221.3761	0.8809856	0.015531089	0.1205	0.0461558872833848	0.016079174700022795	15.0	336.2545499801636
33	463.28625	65.21533	590.49036	397.23822	160.33333	147.22188	46.08866	174.6228	-0.66733074	136000	6.0200693e-09	1123.8988	-0.0131839495	-282.06653	0.8796543	0.0153397545	0.1125	0.04765641694888473	0.018459937714311692	25.0	346.1729545593262
34	500.9656	106.706795	685.6981	211.04987	169.21739	154.96875	46.18708	179.23253	3.8478858	140000	1.6689301e-09	1707.5431	-0.022835659	-313.9203	0.8709759	0.011206389	0.13	0.05086664466187358	0.018589253891943245	79.0	356.41866755485535
35	505.7554	80.32988	638.32886	397.53107	170.0	157.14572	46.892006	184.50531	2.333524	144000	1.0609627e-08	1258.5715	-0.024249237	-270.88855	0.8699141	0.014599994	0.1565	0.05109983067959547	0.018619481542688526	79.0	367.2318115234375
36	521.1297	97.831604	646.8969	256.577	172.91304	163.13026	47.49809	189.36052	5.725093	148000	-6.198883e-09	1668.7415	-0.019840766	-245.7544	0.85878265	0.01501405	0.1325	0.053112939205020665	0.01856515197906328	67.0	377.6516041755676
37	519.4271	99.909004	665.3437	350.32385	173.95454	166.6825	49.662132	193.85756	4.1745977	152000	-2.3841857e-09	1416.3441	-0.0077351774	-176.76318	0.857976	0.01665087	0.19625	0.05203679859638214	0.020804796338689507	5.0	387.8680362701416
38	579.7127	79.84073	695.1	408.93408	189.25	169.2706	51.530502	197.84741	0.3513391	156000	3.8743018e-09	1405.7617	-0.0059362925	-317.36792	0.8571162	0.0151903005	0.1715	0.05333340257406235	0.019012019401955665	3.0	397.93673729896545
39	596.38855	82.15117	714.88635	430.9371	190.14285	176.4601	51.26462	203.1886	-1.7891862	160000	-1.2516975e-08	1301.2277	-0.0224185	-308.76538	0.85677546	0.012949915	0.13175	0.04899490652605891	0.015247191309827542	79.0	408.51648020744324
40	581.09235	85.3348	704.64844	411.3252	186.85715	179.1055	53.661793	208.7633	-1.5906515	164000	-5.4836273e-09	947.35455	-0.023599176	-225.36047	0.85332936	0.00990555	0.13775	0.05308014627546072	0.01821743675131758	79.0	419.0688910484314
41	626.0572	65.37477	717.13007	467.6057	196.45	182.38591	55.885174	213.08345	0.5502734	168000	-1.1086464e-08	1045.5162	-0.02162567	-246.4253	0.8354563	0.011033884	0.12675	0.05262937169522047	0.01931560466077146	79.0	429.4567666053772
42	593.7796	83.942604	816.42285	412.8657	189.95238	183.17766	58.468365	218.17032	1.0925181	172000	0.0	656.9601	-0.0042998544	-159.86078	0.8146108	0.017287256	0.1465	0.051625537611544134	0.01817248594604558	3.0	439.38305258750916
43	653.1066	37.21217	708.25714	546.0432	203.42105	189.26215	58.009583	221.72011	-0.22689724	176000	-1.257658e-08	794.98834	-0.019407166	-200.0987	0.81368554	0.013037527	0.123	0.049248585421591995	0.016966002848557253	79.0	449.6241338253021
44	558.9214	147.29501	768.3326	277.6876	182.19048	197.1906	55.070652	226.24785	-0.5284178	180000	6.3180923e-09	2263.467	-0.0060219835	-243.67651	0.8145014	0.022525357	0.2095	0.049274969808757306	0.015742055242806485	3.0	459.5212938785553
45	508.01706	169.16515	719.54114	24.772705	169.69565	203.77237	49.599632	226.78418	3.4597325	184000	1.168251e-08	3311.0774	-0.0212496	-907.157	0.81433433	0.009997469	0.1465	0.05060448434203863	0.019514154294472674	79.0	470.00187134742737
46	588.8931	128.87874	719.33777	297.50668	189.85715	185.30946	56.305553	225.84476	5.775485	188000	-6.6757204e-09	1684.6315	-0.0057254	-325.2567	0.8116074	0.015923468	0.19725	0.04756167819723487	0.015892635321620857	4.0	480.17748737335205
47	688.16815	147.98071	997.9621	289.73755	224.88235	204.12697	50.475838	227.81483	2.2112916	192000	1.3113022e-09	2741.8137	-0.0046162964	-176.50879	0.81314534	0.02043639	0.201	0.046699639316648243	0.017360202476113074	3.0	490.0638189315796
48	695.5201	88.60728	960.8317	498.3687	216.33333	200.56168	54.667652	229.46251	-2.8605175	196000	9.417534e-09	1527.5348	-0.0026965763	-509.70026	0.81314915	0.015270655	0.15675	0.045882540866732595	0.015547162162256751	4.0	500.9660942554474
49	721.0659	63.823227	881.19183	614.1482	223.23529	201.19878	58.774586	233.8628	2.3824503	200000	-2.1457673e-08	818.3152	-0.021628689	-236.87689	0.8111368	0.0064314473	0.1165	0.04596823241561651	0.017218820586231115	79.0	512.9761555194855
50	732.81195	126.695244	928.6866	396.32867	232.23529	211.93175	56.28743	239.07141	-1.2517886	204000	-5.4836273e-09	1179.3573	-0.019358175	-246.48596	0.8117054	0.013028469	0.124	0.04564947346225381	0.015566350670759435	79.0	523.6167190074921
51	704.8168	67.39768	860.9699	569.27826	219.38889	204.14622	63.408215	242.58067	4.7061825	208000	-3.4570693e-09	475.18082	-0.02201869	-135.96881	0.8218792	0.008839724	0.1245	0.05254278864711523	0.01765282294357808	79.0	534.490077495575
52	707.39526	40.317383	775.1711	594.3579	219.5	208.76337	64.04705	245.73946	1.0595036	212000	-1.7881393e-09	327.54758	-0.022763561	-68.34213	0.800195	0.013213349	0.137	0.04736518980935216	0.016028037522519	79.0	545.6064455509186
53	705.49457	89.41715	1004.45435	587.97406	216.66667	211.11488	64.51448	248.6196	3.9391575	216000	-1.192093e-10	446.2982	-0.022230595	-80.65405	0.7921964	0.0057671578	0.13775	0.049103746637701985	0.013608787039649479	79.0	556.3093314170837
54	661.0357	147.50238	958.6984	207.70593	206.42105	214.79759	64.01372	251.31914	1.3786488	220000	1.34706495e-08	1218.8451	-0.021077204	-183.39758	0.79186517	0.013402117	0.16825	0.04301803074777126	0.01517966774881805	79.0	567.2496798038483
55	719.5988	81.96612	889.72174	591.7383	224.11765	212.05803	64.77443	252.21983	3.2303138	224000	9.417534e-09	990.86597	-0.018502792	-130.344	0.7956362	0.008695672	0.14775	0.04265984568744898	0.014083040388953732	79.0	578.9080674648285
56	727.5522	64.76877	885.8548	663.5677	225.17647	216.73672	65.60083	253.47427	-1.5052452	228000	-2.3841857e-09	288.49188	-0.02226234	-50.63713	0.79147923	0.014304306	0.1425	0.042692816480994225	0.015537796787340716	79.0	589.4588899612427
57	693.63696	54.297108	791.0387	598.65857	215.5	214.27591	67.20813	255.76852	3.328435	232000	5.3644182e-09	213.11665	-0.0028987648	-35.887787	0.8072639	0.017634265	0.20375	0.04240069799125194	0.014607513665615466	3.0	599.609344959259
58	1080.448	515.84125	2477.5576	764.3063	342.9	232.89362	54.862423	257.02576	7.5550685	236000	5.6028364e-09	1364.7949	-0.0076266103	-192.30359	0.8074912	0.015738457	0.16025	0.04952660523355007	0.01920588064512652	12.0	609.8268840312958
59	863.7548	184.79822	1328.0188	644.2848	265.33334	228.84412	62.86565	261.98157	2.0717134	240000	-3.0398368e-09	700.2456	-0.020939423	-162.50165	0.8057932	0.009726738	0.13975	0.04783940466120839	0.014083270979825696	79.0	620.3905069828033
60	769.2899	102.23364	990.1014	598.2645	235.625	225.13925	67.3715	266.03842	0.114831924	244000	1.4901161e-10	441.7283	-0.022208236	-67.13974	0.800636	0.009173008	0.10575	0.04855576870962977	0.014850861504498044	79.0	631.0323460102081
61	795.2308	114.93154	1056.437	673.0662	243.0625	223.09154	71.614075	268.17032	0.47920132	248000	3.5762787e-10	379.4985	-0.022558792	-79.67554	0.798736	0.0060105645	0.14475	0.04833635313436389	0.015737883059341654	79.0	642.0650925636292
62	760.18524	126.07355	1017.4465	415.77875	234.52942	228.71362	69.064865	269.8182	-0.70679665	252000	5.9604646e-09	857.3254	-0.020770213	-179.12909	0.7823765	0.009413152	0.13775	0.04717245515435934	0.01534660471493984	79.0	652.7276475429535
63	770.8982	126.52031	1216.7325	671.46326	233.82353	221.49854	71.46055	270.1372	4.031826	256000	3.0994416e-09	352.2252	-0.019970408	-120.1315	0.78296715	0.0021693164	0.1175	0.047278506122529505	0.014038689272278129	79.0	663.3179590702057
64	791.13245	56.674854	889.639	674.39984	238.9375	228.38097	70.33566	271.3337	2.2255044	260000	-6.7949295e-09	229.28055	-0.019763531	-29.3497	0.77271223	0.008394617	0.1105	0.0439113275334239	0.013078875507969196	79.0	674.6587553024292
65	806.8447	61.05627	918.8986	699.12317	245.625	229.79791	71.27764	272.8476	7.3496046	264000	-5.841255e-09	215.81161	-0.018621966	-18.882568	0.76967424	0.009995833	0.11775	0.04250061767175794	0.01332452550797047	79.0	686.5169718265533
66	823.1626	83.819954	982.51135	658.9287	248.6875	231.87328	71.01038	273.9001	-0.60006475	268000	-9.536744e-10	251.30661	-0.022099905	-27.100311	0.7519528	0.008461982	0.14425	0.04285622606053949	0.014564992315256422	79.0	697.1310348510742
67	783.87744	114.07329	1043.8518	657.52655	238.75	232.99496	70.3351	275.6719	-2.225471	272000	-4.053116e-09	249.09927	-0.023311738	-29.064346	0.725553	0.010459466	0.147	0.04137411018833518	0.014507822064472882	79.0	707.8140277862549
68	761.72363	180.04968	1005.871	186.0315	232.70589	230.7863	72.17987	275.81573	7.3506594	276000	-8.881092e-09	1053.7203	-0.0017256167	-66.89105	0.71589357	0.015051899	0.23475	0.03955923218280077	0.012325414119241011	3.0	718.222615480423
69	1123.9653	469.38364	2514.019	824.3288	353.81818	247.43774	59.901405	275.23248	4.2456427	280000	-3.8146974e-09	1218.1414	-0.018126566	-26.437134	0.7153775	0.008177504	0.1335	0.04287287613376975	0.01416929005586081	79.0	728.992030620575
70	921.9069	111.25397	1260.6929	782.2193	277.85715	240.97337	66.57278	275.97348	4.301922	284000	-3.9339065e-09	1175.6677	-0.017945997	-23.377441	0.70032555	0.0078850435	0.11925	0.04276335585862398	0.015107377986093557	79.0	740.2467069625854
71	988.01697	133.99385	1200.4965	805.2144	296.6154	244.51273	65.95557	277.8376	0.8366928	288000	4.708767e-09	457.7692	-0.020592775	-91.618286	0.7004541	0.011873609	0.132	0.04512902919203043	0.013165361840937542	79.0	750.749890089035
72	908.0822	182.25568	1275.6959	506.55435	275.2143	244.77007	67.703735	282.3018	5.4562945	292000	-5.722046e-09	831.1012	-0.0203327	-151.14886	0.6965442	0.0065601873	0.1265	0.04123253209516406	0.012338126978174059	79.0	761.3448390960693
73	971.6803	185.21582	1388.6564	687.51154	291.84616	245.60565	69.501274	284.3471	3.0692043	296000	-1.6689301e-09	450.06046	-0.02524856	-77.28583	0.6837141	0.0091919685	0.1655	0.044906798470765355	0.014560932705481807	79.0	771.9588801860809
74	921.80725	122.27559	1164.6925	730.06384	275.64285	245.37798	72.33722	287.54495	-1.0890508	300000	4.529953e-09	275.14178	-0.022098603	-28.34169	0.6676349	0.009683292	0.1325	0.04088131638243794	0.012961162315675819	79.0	782.755877494812
75	891.04553	91.46023	1111.8639	747.132	265.6	243.72217	74.82801	288.8631	-7.4993315	304000	-3.5762787e-10	223.82576	-0.019720165	-14.600098	0.66100556	0.005873441	0.134	0.040734982565045354	0.011827714412092625	79.0	793.5889868736267
76	911.9394	139.8061	1189.4938	598.80524	271.0	248.42293	69.80553	289.27365	3.368147	308000	2.2649764e-09	665.21643	-0.01949109	-83.1391	0.65351784	0.0090310015	0.1505	0.03925918372347951	0.011272574554680578	79.0	804.7374658584595
77	881.8393	108.76261	1028.9816	700.5262	264.57144	246.64789	71.75943	290.12756	-1.4475574	312000	-8.3446505e-10	312.96265	-0.022410134	-32.107697	0.65099615	0.0043211957	0.1325	0.038051151763647796	0.014401613969360412	79.0	818.5065786838531
78	856.98254	80.251	980.32623	723.1128	255.33333	243.05595	73.48445	289.94516	4.031236	316000	-9.000301e-09	248.53471	-0.020411942	-27.035004	0.6361969	0.0037113144	0.122	0.03735475720837712	0.013500056166306536	79.0	829.9077389240265
79	904.38214	114.630066	1086.0402	692.5188	270.2857	246.84106	71.808586	289.1701	3.6908636	320000	8.225441e-09	276.08984	-0.018146563	-24.983856	0.63229424	0.0037755964	0.106	0.03574441094882786	0.012136582324116055	79.0	841.3532428741455
80	892.3526	106.22316	1084.3744	707.1139	266.85715	243.95229	74.92104	290.15323	2.6296334	324000	-1.180172e-08	247.1419	-0.022748569	-11.894287	0.6348034	0.011617132	0.16	0.03460147960111499	0.0135845892917092	79.0	852.6089544296265
81	914.4382	133.51698	1236.07	699.75116	272.7143	246.64787	73.34982	290.60413	0.96801805	328000	1.6391278e-08	299.73184	-0.023743737	-28.629456	0.62348664	0.008899741	0.14925	0.03285789894871414	0.011653689443559299	79.0	863.9470245838165
82	894.0003	126.219154	1286.1245	743.18634	264.26666	245.88591	74.705765	291.7997	1.1987104	332000	-3.3378602e-09	285.8729	-0.021375252	-17.749023	0.6220528	0.0066975076	0.14475	0.03440303106792271	0.013048584368012407	79.0	875.0851769447327
83	874.0804	60.21414	997.78503	750.9335	258.06668	246.1579	75.47995	292.42206	2.338491	336000	1.0251999e-08	207.14406	-0.021389415	-5.8817596	0.6124713	0.005297361	0.14025	0.03163514790125191	0.012382189120097718	79.0	886.225456237793
84	804.52246	84.36055	1045.3512	675.886	239.3125	243.44072	76.55116	292.08807	2.5955038	340000	-2.026558e-08	247.62112	-0.025372157	-28.346237	0.61923105	0.0034768516	0.15625	0.031207570964470507	0.010286049956578036	79.0	897.3354940414429
85	923.42694	101.55234	1147.5074	738.4381	271.42856	245.71887	72.072235	289.33023	6.695706	344000	-9.536743e-09	328.73462	-0.019560445	-59.10138	0.60421413	0.0064799357	0.13325	0.03071929667145014	0.009807537179091965	79.0	907.6419765949249
86	888.1727	143.328	1111.4346	578.26215	263.7857	251.55687	70.88436	292.57047	5.803457	348000	-4.7683715e-09	626.37335	-0.020976556	-130.73145	0.5923278	0.011081939	0.14	0.031129476660862566	0.011245376425752011	79.0	917.383150100708
87	849.1787	94.8748	999.5248	708.8335	250.6	241.8396	76.13613	293.54892	-3.6659575	352000	-9.894371e-09	298.24118	-0.02210105	-68.743805	0.59667385	0.007531206	0.14325	0.030077211894094943	0.011267730236848928	79.0	927.3723134994507
88	906.85834	104.30301	1102.2787	722.80176	268.14285	249.07996	72.78162	292.54428	0.61989594	356000	-2.6822091e-09	264.31827	-0.022542413	-124.786606	0.58914655	0.0054402957	0.1385	0.029503963980823757	0.011542293137916264	79.0	937.5093936920166
89	985.89124	144.68126	1403.3868	837.8266	288.6154	249.19872	70.32332	294.21326	1.1885757	360000	-7.152557e-09	305.3913	-0.025255421	-131.74117	0.5700183	0.015137754	0.15425	0.029519921727478506	0.010830794996521701	68.0	947.7226371765137
90	894.5397	112.09472	1149.7155	585.3066	263.93332	251.54402	73.52202	301.33743	1.4951653	364000	-9.536744e-10	735.02527	-0.0026994757	-108.69653	0.561224	0.015486414	0.184	0.027784114861860873	0.009025282586435982	3.0	957.4174642562866
91	920.18207	104.61426	1141.6621	762.27594	269.2857	248.71538	73.11707	301.94644	2.0301638	368000	1.180172e-08	127.079735	-0.022403026	-53.658485	0.5606907	0.015131887	0.16225	0.026337478468194606	0.008487317272911597	57.0	967.2086625099182
92	838.02295	73.48757	979.4373	712.33606	247.25	245.22629	76.55292	304.81754	2.2550497	372000	-4.768372e-10	79.004616	-0.024440465	-37.016525	0.5519648	0.0038294352	0.137	0.0273991094250232	0.009901828057584538	79.0	977.5128412246704
93	925.43066	113.91774	1134.8411	723.3559	271.7143	247.16447	74.0	305.4575	3.4813323	376000	-1.5556813e-08	79.54245	-0.006554573	-24.757427	0.54816496	0.015839037	0.20275	0.028144323732703924	0.011514231870278679	7.0	987.1996695995331
94	1356.4916	431.74457	2500.8936	936.2627	396.8889	272.0109	65.74275	307.26236	5.8070874	380000	1.4126301e-08	340.7463	-0.025998335	-148.52635	0.5461556	0.013867455	0.14075	0.030039476631209254	0.009389593825790203	79.0	997.5795156955719
95	1240.9946	232.31746	1773.3578	919.56116	371.22223	279.54596	66.10482	315.12424	3.7731748	384000	7.152557e-09	1482.1031	-0.0058845407	-398.24414	0.5504518	0.01588067	0.15525	0.03299504240974784	0.011105806949353543	4.0	1007.2032449245453
96	1038.0247	146.16357	1271.2104	821.2201	300.46155	257.57547	75.89086	316.03275	4.966984	388000	-8.8214875e-09	153.43813	-0.025780031	-73.491	0.5508181	0.012687037	0.1845	0.02899914251640439	0.009849923131528127	79.0	1017.5308129787445
97	889.52313	201.51286	1215.7571	552.8909	264.4	263.9823	72.00436	318.64362	4.661138	392000	-6.7949295e-09	2231.5774	-0.0052504223	-698.9303	0.5324482	0.022574287	0.16775	0.03026665541343391	0.010373036618111847	2.0	1027.3308827877045
98	1036.0138	139.55408	1264.1594	792.6984	301.69232	253.73817	70.40318	316.94473	2.2056866	396000	9.059906e-09	306.39	-0.022271818	-198.79161	0.5322212	0.015294573	0.15875	0.03021389426663518	0.010105414886869096	57.0	1037.3511843681335
99	996.2694	166.9461	1182.3867	675.8358	294.23077	263.81125	73.50344	319.1127	0.993783	400000	2.5749207e-08	1526.5128	-0.004368506	-245.05383	0.52765846	0.01643958	0.2005	0.026170882722362877	0.008141808939748989	3.0	1046.9461379051208
100	1035.8347	173.22871	1392.9758	805.74976	300.76923	252.46928	73.72523	317.96634	1.1429114	404000	8.225441e-09	273.80472	-0.007730043	-176.98206	0.5264623	0.016570963	0.13025	0.025705013275146484	0.00932203327487613	8.0	1056.7320523262024
101	1745.6315	620.49335	2782.6611	1155.8812	522.1429	289.18332	58.614193	320.0927	6.1744113	408000	-8.34465e-09	1314.2603	-0.017126145	-180.59424	0.52275425	0.012690679	0.17275	0.030341949425637723	0.009005902152599918	79.0	1066.909919500351
102	1275.9564	210.89499	1638.3772	984.0161	368.0	276.52576	68.678116	323.61285	2.406025	412000	1.2278557e-08	185.22131	-0.026108997	-81.73789	0.50595427	0.012936093	0.176	0.030631644716486335	0.009766632038353183	79.0	1076.9184370040894
103	1142.8038	357.50146	2142.1216	860.3882	332.08334	268.59476	77.85619	326.46762	-0.3836198	416000	-5.632639e-09	109.481064	-0.026271282	-33.187386	0.50011194	0.01394522	0.1795	0.028354039564728737	0.008579526232443603	79.0	1087.1138234138489
104	1047.3928	333.82413	1778.21	183.37653	305.92307	267.09744	76.52711	328.02634	-0.22587061	420000	-2.1457671e-09	1114.3518	-0.0035171842	-81.11328	0.48360792	0.018040596	0.2435	0.02971236763522029	0.01080622819989937	3.0	1096.7671313285828
105	999.88324	256.25095	1722.6835	751.65063	289.46155	256.61572	76.40882	328.24054	-8.216356	424000	2.861023e-09	209.74373	-0.023041066	-82.39105	0.48310563	0.015179508	0.16225	0.028837809022516012	0.01028513511308265	75.0	1106.767248392105
106	1203.0624	393.43015	2363.0886	809.9629	345.27274	273.91724	74.54532	330.22757	-3.0560412	428000	1.07288365e-08	177.72156	-0.0040237284	-66.70857	0.4714886	0.01506413	0.211	0.029409303916618227	0.010839449702300288	3.0	1116.4913873672485
107	1293.858	187.51501	1699.3865	973.48267	369.0	280.60498	73.62677	333.33246	0.7771163	432000	1.2457371e-08	135.67125	2.8578817e-05	-54.782486	0.47157568	0.016951716	0.206	0.026176426922902465	0.009229532059887927	2.0	1126.0327026844025
108	1156.3661	582.95447	2525.2805	586.4817	397.2	313.9472	43.455193	336.39218	4.2477727	436000	-5.00679e-09	12589.166	-0.006354752	-7433.674	0.47139588	0.015502843	0.23325	0.028030892573297023	0.009469331079280389	4.0	1135.8955101966858
109	2241.4712	728.0419	3130.3494	1426.0312	651.8	241.61563	44.20322	322.9853	-9.166981	440000	-1.3947487e-08	5028.212	-0.0011089472	-4684.2456	0.47146153	0.015515334	0.1755	0.029916705945506692	0.010129272182406498	2.0	1145.8204357624054
110	989.164	153.97401	1264.0769	844.7495	287.69232	269.63083	75.57672	334.12592	8.164426	444000	2.861023e-09	1012.46216	-0.016246185	-290.503	0.4715048	0.011231899	0.14825	0.030421572821214795	0.010032574745386349	79.0	1156.15842294693
111	1049.9753	178.70064	1265.26	754.56995	303.6154	257.0414	69.64182	332.36237	6.7287335	448000	3.8146974e-09	414.47464	-0.0059759305	-291.9096	0.47251755	0.016343975	0.16275	0.029393343469128013	0.009773865639858761	7.0	1166.096565246582
112	791.83386	338.64877	1807.9882	304.9974	239.9375	275.4033	69.40965	333.88577	-4.457247	452000	0.0	6458.8994	-0.003930823	-2283.7207	0.472832	0.015517131	0.1505	0.027892057234421373	0.008638380096448522	3.0	1175.8395035266876
113	1060.208	172.60861	1404.2947	815.45746	303.92307	238.2793	63.000748	324.68546	7.103406	456000	-4.4703485e-09	1542.2018	-0.014094415	-1409.5646	0.47347587	0.015259254	0.14975	0.027600645618513227	0.010619547244898735	20.0	1185.7272822856903
114	1113.3046	464.5468	2597.9456	788.4947	327.16666	268.276	75.8476	333.82764	4.8019834	460000	1.1712313e-08	1359.6619	-0.008046245	-375.0421	0.47415495	0.016622696	0.16125	0.024889186024665833	0.009385849228724808	14.0	1195.6334674358368
115	1118.8058	328.31277	1793.6089	566.8356	320.5	270.687	69.42454	331.96066	7.6787696	464000	1.7166137e-08	2073.7502	-0.0030109964	-354.72974	0.47784728	0.024249487	0.29775	0.02289117645472288	0.008480850963867267	3.0	1205.367534160614
116	1462.5172	515.3008	2786.7322	943.4613	429.1111	293.29263	60.670162	333.23288	6.665321	468000	-3.3378602e-09	3399.1428	-0.014401405	-477.77026	0.47908923	0.006394954	0.14925	0.025130773391574622	0.009327443279643879	79.0	1215.894822359085
117	1421.649	650.5305	3189.7017	963.43396	414.0	277.57416	65.37781	330.64734	11.246859	472000	-1.6629697e-08	559.95105	-0.021849303	-413.95966	0.4897552	0.015052171	0.1275	0.0232262818235904	0.007233880828712086	48.0	1226.0750255584717
118	1133.3575	269.23358	1863.1814	783.9063	324.08334	276.31766	76.41104	333.69193	6.008276	476000	1.1205673e-08	183.66061	-0.022192221	-83.40981	0.4927907	0.012084751	0.1415	0.023862282233312725	0.008649792017181848	79.0	1236.4722063541412
119	1096.5084	264.71472	1731.6145	790.8511	311.33334	268.32925	77.54457	334.2506	5.0542426	480000	-1.0371208e-08	215.9618	-0.00543281	-60.304245	0.49710986	0.015441232	0.17875	0.02309213384985924	0.006777223826366524	2.0	1246.0286717414856
120	1664.7632	448.2833	2582.0598	947.1621	482.125	293.81985	67.50129	335.2711	8.432538	484000	-1.2159347e-08	203.69183	-0.021926468	-65.06207	0.49638805	0.012868839	0.12475	0.025209586825221775	0.008498338367419384	79.0	1256.7602133750916
121	1836.3171	560.6519	3058.7053	1139.4587	524.8571	293.8684	68.19955	336.50458	3.981831	488000	1.859665e-08	225.23306	-0.021732185	-89.764465	0.48518237	0.014128909	0.132	0.02495058024302125	0.007753866900533991	79.0	1267.2054283618927
122	1852.618	516.88495	3027.1206	1436.542	533.0	301.93494	68.03722	339.29428	-4.577903	492000	-4.053116e-09	120.3289	-0.02311786	-31.936378	0.47992653	0.010073399	0.153	0.024972010534256697	0.008290662713630253	79.0	1277.3858110904694
123	1702.4171	326.25964	2260.633	1348.1222	485.7143	301.14487	67.904015	340.3986	3.979981	496000	-4.7683715e-09	203.35878	-0.023635004	-44.5085	0.46984866	0.011928831	0.17	0.026301904562860728	0.008248887337277062	79.0	1287.4204382896423
124	1483.5853	338.72852	2193.8894	1125.5859	419.25	296.36386	71.58937	341.4506	6.64155	500000	-9.417534e-09	195.32405	-0.02603007	-57.39897	0.45850846	0.010873721	0.16425	0.02508432501927018	0.009802237014149463	79.0	1297.6049554347992
125	1362.8282	336.0735	2191.9644	976.5657	393.0	295.52795	71.997345	342.5541	5.1135216	504000	-2.0503998e-08	2775.5461	-0.015543639	-441.87793	0.45004627	0.007841672	0.172	0.02533973374404013	0.008623867061253248	79.0	1307.7530796527863
126	1353.4602	250.88448	1855.3777	903.506	382.8	277.83255	71.524185	335.84888	2.2365823	508000	2.002716e-08	372.93573	-0.020345492	-260.72473	0.43990633	0.015175776	0.14875	0.02371431576088071	0.007495184547300462	53.0	1317.685344696045
127	1212.9359	210.56665	1588.075	941.8381	344.27274	281.4541	80.09658	341.3125	2.8340669	512000	2.2649765e-08	94.88172	-0.0056342822	-16.803421	0.43236214	0.015337223	0.197	0.02270263006910682	0.008680065883610288	7.0	1327.4736683368683
128	1853.3373	873.81256	2977.0574	853.5651	612.8333	314.57852	37.31501	341.33627	4.047062	516000	9.1195105e-09	4894.185	-0.0026353265	-1924.2615	0.43232307	0.016854031	0.18375	0.023163199853152037	0.00898826452057195	3.0	1337.2294704914093
129	2741.6887	376.171	3342.8289	2304.3945	797.5	277.50775	47.693493	334.9527	-7.7156525	520000	-2.3841857e-09	2123.8752	-0.0023263774	-1946.4918	0.43236813	0.018666696	0.21225	0.0236275733448565	0.007717666685966954	2.0	1346.8718457221985
130	1648.7651	248.27881	2055.4924	1365.486	469.0	295.0427	71.52734	342.84735	9.030298	524000	3.8146974e-09	186.30286	-0.026975723	-74.1414	0.43233106	0.009856775	0.15625	0.02643019713461399	0.008329852022800224	79.0	1356.943128824234
131	1361.2747	141.0008	1642.1693	1185.3691	390.6	288.035	79.071075	343.80896	4.9712305	528000	-2.3841857e-09	108.49056	-0.025855547	-51.66369	0.4272266	0.014306992	0.155	0.025997570967301726	0.01159644041503846	79.0	1366.9460566043854
132	1259.5	277.56	1737.0583	890.85614	360.18182	279.2664	76.550644	342.9647	7.38481	532000	1.6450882e-08	108.47388	-0.0036447681	-21.113663	0.41769364	0.017969096	0.24	0.023694987492635846	0.00798223315902751	2.0	1376.5150215625763
133	2215.3374	441.58585	2847.9783	1738.0153	639.4	311.14148	58.804928	343.20944	11.935084	536000	4.2915342e-09	172.52908	-0.02226984	-72.8891	0.4169801	0.015001053	0.14475	0.021237644460052253	0.006992611343146295	64.0	1386.4127683639526
134	2652.23	948.7396	3420.4417	1047.1948	787.0	324.9944	43.789726	344.35376	9.327223	540000	-1.4662743e-08	137.31627	-0.02026988	-24.107025	0.4082578	0.011245582	0.13175	0.022218035412952305	0.007977288767609272	79.0	1396.4611735343933
135	2690.7798	786.7017	3324.0576	1163.9836	792.6	322.23236	49.44812	345.60452	8.336699	544000	-6.0796737e-09	130.96347	-0.02310434	-36.626854	0.39891163	0.0062612304	0.14425	0.02183879123069346	0.007452931772676785	79.0	1406.4685859680176
136	2595.7905	847.49725	3368.1194	1247.2356	783.8	327.42966	39.606926	346.74417	9.936705	548000	1.3113022e-09	138.89229	-0.012950528	-65.15959	0.38977328	0.015332193	0.16425	0.021668021930381656	0.007834683530753103	12.0	1416.3167102336884
137	1382.2852	276.82446	1769.1992	829.92334	397.0	284.79575	79.51258	347.03986	8.089402	552000	-1.8566848e-08	149.44406	-0.021738434	-54.496025	0.3894533	0.011634968	0.16625	0.021696495711803435	0.007245834197023904	79.0	1426.3117265701294
138	1309.7861	248.95158	1877.1296	916.0755	376.9	282.21832	75.2451	346.62277	7.895145	556000	-1.07288365e-08	86.147705	-0.023279078	-19.980644	0.37428674	0.009263152	0.1485	0.01976868698373437	0.006546759959697169	79.0	1436.3098533153534
139	1831.4167	650.6315	3264.3018	1013.42395	522.4286	298.58725	69.90952	346.55768	5.648281	560000	-2.2172928e-08	150.41762	-0.02437787	-42.154648	0.3611819	0.015061258	0.1625	0.01964084723033011	0.0053409357585292895	69.0	1446.4247436523438
140	1766.8993	859.53314	3508.5935	948.97406	515.0	318.3636	57.172894	347.89023	4.033143	564000	-2.682209e-08	2927.3005	-0.015990729	-397.3186	0.36079004	0.0067252214	0.128	0.02150328438729048	0.008855143218458043	79.0	1456.5853536128998
141	1929.4161	623.9568	3198.7126	963.2215	559.7143	302.28226	55.710102	344.145	8.583288	568000	3.695488e-09	2630.4695	-0.0027344688	-166.47583	0.35721976	0.018463455	0.196	0.02082521526142955	0.007585204687149394	3.0	1466.2524814605713
142	1831.3557	308.75546	2361.0322	1331.2405	514.5714	291.47488	64.65911	343.64832	6.1592174	572000	-2.7418137e-08	551.7987	-0.021023674	-461.2527	0.35744438	0.009315287	0.131	0.019173564687371254	0.0070011647832200815	79.0	1476.3704631328583
143	1652.8788	193.4188	1869.9768	1319.6527	465.25	303.72128	72.31987	348.96548	5.744439	576000	-1.07288365e-08	89.09545	-0.02462609	-19.350838	0.35213962	0.013951412	0.162	0.019908765591681005	0.008511040271180454	79.0	1486.4318482875824
144	1898.2545	723.4281	3260.8118	950.871	533.4286	307.14758	69.73411	349.1839	7.637951	580000	-1.9073487e-09	129.02112	-0.022637816	-23.73912	0.35102528	0.010399688	0.15575	0.020819328632205723	0.008635383570020801	79.0	1496.4754145145416
145	1630.4048	559.3606	2924.2441	982.04626	460.375	302.77057	71.26749	350.85324	2.1088843	584000	2.6702882e-08	117.20772	-0.026361436	-33.322556	0.34895277	0.015044102	0.17725	0.02015135624445975	0.007729810070730154	57.0	1506.4508113861084
146	1947.782	472.73495	2360.0898	1180.0636	543.8571	310.44006	69.27564	351.17728	6.188499	588000	7.629395e-09	1579.2013	-0.016177405	-194.31934	0.33765247	0.008555284	0.1745	0.018656167979352177	0.006066649189766897	79.0	1516.5952684879303
147	2742.2356	770.19586	3525.0786	1747.2717	774.25	330.15082	39.21292	349.14386	7.1747427	592000	2.384186e-10	288.25998	-0.015298443	-201.83899	0.32819626	0.015326814	0.146	0.019117582752369345	0.007269808195656402	18.0	1526.2836604118347
148	1201.4741	202.446	1558.7341	957.62225	336.33334	304.3342	76.2623	355.15878	5.94356	596000	3.3378602e-09	169.36375	-0.025398824	-92.91805	0.33134574	0.0105719	0.137	0.017971110241487624	0.006500254140749236	79.0	1536.2257602214813
149	1176.9037	340.8551	1981.0208	697.8677	328.75	282.0785	81.430176	355.12988	4.737161	600000	4.2915342e-09	181.35306	-0.023048725	-53.214508	0.32051298	0.010623114	0.16475	0.01721478534396738	0.006183882598040461	79.0	1546.1493306159973
150	1220.395	206.63501	1693.7234	976.8789	340.45456	285.69662	77.48891	355.05212	3.4414644	604000	2.3841857e-09	133.5541	-0.0035906713	-42.85518	0.30480096	0.016096836	0.196	0.018783722799271346	0.006396108375319141	2.0	1555.7887675762177
151	3278.2698	146.06897	3512.165	3133.1028	1000.0	336.3145	29.95651	354.2409	4.888308	608000	1.5735626e-08	250.64584	-0.023624439	-155.01068	0.3047194	0.009833913	0.1525	0.019530194383114576	0.00825368113314894	79.0	1566.223137140274
152	2984.4482	235.31847	3197.2476	2588.0955	940.0	320.94553	31.238976	351.8298	-0.98865604	612000	-1.1920929e-09	133.19742	-0.027085226	-57.557297	0.30000743	0.007757008	0.166	0.020577240083366633	0.007146633310951335	79.0	1576.1786432266235
153	2686.455	719.19934	3549.271	1817.3329	792.25	320.67694	40.26124	351.0951	13.925724	616000	1.4305115e-09	1487.5149	-0.007933167	-92.89966	0.29535252	0.015328794	0.156	0.021690145656466483	0.00789373627020125	2.0	1585.567066669464
154	1139.23	239.59183	1699.8708	874.3769	320.08334	284.9934	68.63677	349.58707	5.520632	620000	3.4809112e-08	618.7896	-0.027363235	-467.32422	0.29499477	0.015384855	0.1835	0.020733932200819254	0.008115863674983006	77.0	1595.6396589279175
155	948.0953	117.41154	1148.9039	794.23364	268.5	267.63562	80.76965	346.32196	10.240206	624000	9.298325e-09	381.44763	-0.0024840687	-154.47916	0.2857388	0.017758902	0.23525	0.019084035460837187	0.008153061628311468	2.0	1605.039921283722
156	2180.354	970.0727	3460.6196	1113.8665	644.2	320.6391	39.400166	351.0892	-0.6576195	628000	-6.6757204e-09	1505.0847	-0.005086619	-74.51721	0.2857433	0.016407086	0.229	0.020569561114534736	0.0071801624936098235	3.0	1614.5408675670624
157	2514.2192	799.1604	3285.2822	1134.7787	740.8	315.37894	50.868553	351.1601	17.691334	632000	7.927418e-09	328.1602	-0.026558807	-177.73892	0.2852936	0.011183653	0.165	0.019496580669656396	0.006912662265320382	79.0	1624.4555826187134
158	1488.8638	503.61215	2597.6687	1022.3479	415.55554	302.7299	66.08471	353.79422	25.549616	636000	1.1920929e-08	339.5484	-0.03100482	-244.84479	0.2665101	0.01395261	0.1695	0.01865487624425441	0.006805795129717631	79.0	1634.2871170043945
159	1690.5115	454.66354	2446.049	963.22565	461.375	304.11426	75.71605	354.27606	8.61294	640000	-7.092953e-09	283.96082	-0.027705137	-135.40123	0.27010202	0.0134361405	0.184	0.019215882220305503	0.008216775611395239	79.0	1644.08682847023
160	1721.2881	667.10785	3134.1719	1047.1157	467.0	308.96774	74.30545	357.74286	0.90397835	644000	2.3841857e-09	214.95096	-0.023573477	-54.547134	0.24596487	0.0151212085	0.1605	0.01784408139064908	0.006074566626373924	58.0	1653.8072447776794
161	1775.8125	777.82837	3465.984	958.9834	493.57144	323.20624	66.03694	359.78488	-1.3417602	648000	-4.1723253e-10	225.1732	-0.0038976013	-65.8392	0.23058464	0.01793573	0.2445	0.016293283198028804	0.00598908483711191	3.0	1663.3714821338654
162	1909.6116	382.3366	2646.514	1560.3676	526.1429	317.66843	73.04307	360.90277	-7.9718084	652000	-1.8417834e-08	262.4605	-0.025528466	-85.05	0.2300648	0.008888222	0.1345	0.019230852806940674	0.007075231634906487	79.0	1673.4022371768951
163	1767.5747	524.21497	2889.5657	1079.4244	486.75	309.12714	75.73963	361.20743	3.9751992	656000	1.6093255e-08	352.49554	-0.0090347435	-151.66933	0.22513625	0.017309273	0.19175	0.01758085634559393	0.006395027876039819	10.0	1682.9327065944672
164	1509.8408	410.469	2289.68	772.8596	412.44446	304.23825	74.223816	359.65967	4.272311	660000	1.26361845e-08	194.46788	-0.026823943	-66.93731	0.226771	0.012954972	0.16325	0.016690030130557715	0.00680105928494569	79.0	1693.2870337963104
165	2131.9753	481.9227	2786.2495	1478.7423	585.5	320.74176	69.430664	361.21964	4.6493497	664000	-9.536744e-10	98.332695	-0.0017080817	-37.012836	0.23523585	0.015789064	0.20375	0.01620335895102471	0.0058154662352875594	2.0	1703.103040933609
166	3203.8235	37.01201	3253.5427	3150.7466	1000.0	341.7377	16.798437	361.68167	263.6144	668000	-6.198883e-09	302.9591	-0.001612858	-207.61073	0.23494159	0.019868568	0.25275	0.01780850540380925	0.007341857924409893	2.0	1713.0938823223114
167	1272.2372	408.01947	2078.57	785.779	353.36365	300.1386	76.18614	360.10675	-1.2329578	672000	-1.7702579e-08	966.27484	-0.02242172	-582.61414	0.23474109	0.011090053	0.128	0.018610970294103028	0.006146899220286414	79.0	1725.9505007266998
168	1191.2037	337.21033	1887.3542	785.4629	333.72726	289.96124	77.11516	358.0923	3.82687	676000	2.0384789e-08	396.18716	-0.024968168	-142.19693	0.24218178	0.013217859	0.17875	0.01923633079044521	0.006758784562577964	79.0	1735.9900624752045
169	1431.0995	658.58734	2865.9382	916.36725	395.8	285.71814	79.530975	355.96198	7.7328663	680000	-1.9311905e-08	384.82626	-0.0041580587	-179.85997	0.23672868	0.015563364	0.17925	0.019904828532598912	0.007950809638556796	3.0	1745.6850819587708
170	1505.5278	409.89313	2440.2007	939.7875	420.33334	307.23383	73.40726	361.35724	3.1771245	684000	1.9967556e-08	594.1585	-0.010230872	-312.5754	0.2355153	0.015470266	0.13775	0.018079108828678726	0.0063930447569654075	9.0	1755.6104855537415
171	1616.998	414.9201	2063.444	1064.4187	443.44446	289.44867	84.740906	360.47867	3.2084885	688000	4.529953e-09	782.18634	-0.024885325	-573.82117	0.23335674	0.010850467	0.16225	0.016863761893473564	0.00495249413181242	79.0	1766.182400226593
172	1974.0713	925.1618	3537.292	977.2603	543.2857	317.62262	66.74761	362.13757	9.496386	692000	9.6559525e-09	193.8741	-0.024385909	-81.95622	0.216647	0.013932426	0.15875	0.01734193501994014	0.006324107911669961	79.0	1776.583768606186
173	1377.7356	497.3234	2326.8093	855.6011	377.8	302.02362	77.298035	364.4873	-0.7080002	696000	1.2338162e-08	348.7926	-0.024001906	-90.93536	0.21312481	0.010853044	0.15475	0.016453081024810672	0.005658597325576936	79.0	1787.1751539707184
174	1368.2295	350.7352	1898.503	879.544	371.9	298.8571	77.4886	363.44168	-2.523281	700000	8.8214875e-09	226.74901	-0.010834876	-109.79765	0.19005291	0.016666379	0.2015	0.01622247142251581	0.006980879930597699	9.0	1797.2216441631317
175	2278.218	587.7374	2919.051	1285.8723	628.5	326.75537	67.75404	365.02585	2.759297	704000	3.9339065e-09	454.07837	-0.02133142	-94.48151	0.18935578	0.009157074	0.16425	0.016347300577908754	0.005387211371213539	79.0	1807.6744911670685
176	2575.4019	638.56006	3467.768	2040.674	713.0	330.29648	58.609592	363.87506	2.1318617	708000	9.536743e-09	121.88242	-0.0028391022	-87.43724	0.18359552	0.017031018	0.16125	0.016274001006968318	0.005946719869707079	3.0	1817.7694463729858
177	1913.4542	710.4334	3556.6956	1265.5493	527.0	320.42456	69.18831	364.9569	0.12235546	712000	-4.6491624e-09	136.70944	-0.026921587	-74.663025	0.18336508	0.015205508	0.15825	0.01676070163026452	0.005501462148492159	66.0	1828.1473717689514
178	2352.6074	614.3683	3447.0776	1429.0333	657.3333	329.88824	61.185196	364.33286	-2.8431888	716000	-1.847744e-08	423.21576	-0.02344293	-93.354706	0.17303339	0.0075990306	0.1605	0.015372295607812702	0.004822959457692576	79.0	1838.1575236320496
179	1784.0161	794.5025	3630.446	1194.6769	482.375	305.73846	79.50857	362.29752	4.789384	720000	-5.00679e-09	258.87833	-0.020979043	-226.30771	0.16427197	0.016306857	0.175	0.014400899093598128	0.004611238520387222	45.0	1847.9377655982971
180	2035.4551	839.64026	3457.5403	1244.455	563.0	325.5955	67.67016	365.20584	-7.226349	724000	-1.6212464e-08	46.321297	-0.02716091	-15.924223	0.14896572	0.012834018	0.171	0.014501941120252014	0.005319746476976583	79.0	1858.0851075649261
181	2264.5525	910.48364	3528.5525	1179.6731	625.5	330.82858	59.977287	364.2303	1.9309049	728000	0.0	116.67	-0.0280402	-45.67469	0.13731447	0.010949406	0.16125	0.015189903825521468	0.006169515409138989	79.0	1868.270090341568
182	1948.6521	841.47015	3163.4985	1116.1967	524.4286	312.89728	75.73489	365.09152	0.34977388	732000	-8.34465e-09	166.93747	-0.025122734	-89.66436	0.1292251	0.009321299	0.1855	0.015026669600047171	0.005145708694768501	79.0	1878.213345527649
183	2081.8933	533.901	2747.5374	1237.5782	566.0	325.56775	66.15518	366.96848	5.1795487	736000	-4.529953e-09	117.26777	-0.027851544	-33.592613	0.1064978	0.012314421	0.166	0.013725527566857637	0.004850579246793801	79.0	1888.6579446792603
184	1349.1088	378.159	2299.2292	971.8534	363.0	297.06107	83.0884	368.09973	11.674192	740000	-2.7894973e-08	107.95252	-0.025511404	-50.804676	0.10218096	0.011617318	0.15675	0.012594777513295413	0.004151875218710763	79.0	1899.1039397716522
185	1559.2953	451.71777	2431.0627	1041.3936	420.44446	309.19226	77.489296	368.15405	-11.027721	744000	-1.6689301e-09	88.259056	-0.026764002	-27.190735	0.093689546	0.009940012	0.15725	0.013714797184802592	0.005047776471358177	79.0	1909.6339309215546
186	1604.7991	661.7441	2846.9377	946.4626	433.77777	310.221	75.80175	368.33923	-5.3661623	748000	6.0796737e-09	101.18477	-0.0114341695	-39.132458	0.089196526	0.01567062	0.1655	0.013039264865219592	0.004531118304771144	8.0	1919.748715877533
187	1279.2727	609.04425	3168.877	827.8113	342.27274	297.0101	81.79012	369.52655	6.028083	752000	-1.4126301e-08	136.26558	-0.005343022	-57.46402	0.08910857	0.01590038	0.21875	0.013979595857672394	0.005123483308740956	3.0	1930.1834218502045
188	1115.6526	100.949295	1316.3152	984.81537	300.07693	287.83664	81.897224	369.8525	6.1088867	756000	-3.8146974e-09	78.37599	-0.0047065197	-39.991016	0.08874384	0.016242174	0.1925	0.01360462441574782	0.004974601814508975	3.0	1939.6361615657806
189	3473.774	36.518234	3526.369	3432.8442	1000.0	358.9814	16.723122	369.29413	264.86584	760000	-4.768372e-10	63.18739	0.0022488737	-30.225307	0.08804449	0.020033613	0.2445	0.013034905842505395	0.004565567123187423	2.0	1949.4505515098572
190	915.94354	75.500015	1056.9786	757.4398	251.2	270.35245	81.84169	366.5829	5.0802226	764000	-1.180172e-08	167.84991	-0.00075638696	-124.827156	0.08763537	0.022841685	0.2365	0.01199350029695779	0.003764352556252592	2.0	1959.026153087616
191	3408.5273	18.18875	3433.2517	3388.7861	1000.0	348.78793	17.322025	366.20462	259.8738	768000	-1.0550022e-08	88.05287	-0.012561408	-59.575882	0.08765212	0.01525646	0.168	0.012985827019438147	0.004290518044147493	18.0	1968.6922538280487
192	2706.519	945.96014	3537.7734	1295.109	779.2	340.65015	42.370556	366.0026	5.922675	772000	-1.847744e-08	923.701	-0.0032281661	-313.80682	0.084570244	0.021165375	0.21525	0.014708941662684083	0.0058323662247535815	3.0	1978.221232175827
193	3476.8945	18.946316	3499.752	3451.5024	1000.0	346.48856	13.491632	360.80713	263.02435	776000	-1.6689301e-09	131.7353	0.00012933517	-94.38397	0.083797775	0.015061171	0.248	0.014770221752114595	0.006500469104068245	2.0	1987.7926461696625
194	1029.4949	103.742325	1272.4163	869.7637	281.42856	284.12244	89.837425	364.59903	-6.514495	780000	4.339218e-08	408.34042	-0.0014327266	-344.19806	0.08322224	0.019306527	0.178	0.01366222211625427	0.0046456943253567	2.0	1997.38969540596
195	1022.2174	151.57274	1257.3965	764.2524	283.14285	276.59763	82.293785	362.1293	3.5891805	784000	1.2874604e-08	134.24466	-0.02859785	-61.293793	0.082811154	0.0137820775	0.193	0.014195919949561358	0.006410535191490007	79.0	2007.2156059741974
196	1148.583	231.54259	1668.9293	853.6856	314.5	279.32706	78.300934	360.34793	5.11141	788000	-3.5762787e-10	96.5467	-0.02621677	-55.136402	0.08040307	0.009028276	0.195	0.013175727552734315	0.004970593588438781	79.0	2017.223363161087
197	1109.6228	177.09058	1586.2976	938.5457	304.23077	280.62662	81.133606	360.00687	6.0134354	792000	-5.4836273e-09	50.45899	-0.027339999	-12.527565	0.060247105	0.015017202	0.1615	0.013785710227675736	0.005117176213630399	45.0	2027.0234458446503
198	1247.3422	274.92505	1846.7181	795.547	343.27274	287.3874	80.86419	362.5227	-2.0669208	796000	-6.9141386e-09	102.79911	-0.019413348	-19.10437	0.04618791	0.015484988	0.15475	0.013712834571488202	0.0056692296510344395	36.0	2036.5884611606598
199	1615.9495	376.603	2240.2017	1152.1849	440.1111	303.9745	72.88852	363.17453	6.5447097	800000	1.6093255e-09	91.79752	-0.024351396	-51.748447	0.038952902	0.01512211	0.1625	0.013272548750974238	0.0049169770250791	52.0	2046.2680487632751
200	1404.2152	317.91403	1841.112	839.4963	385.5	303.18896	78.0622	365.0112	4.3095975	804000	-1.525879e-08	601.55347	-0.018864373	-158.38858	0.03924199	0.012026652	0.20425	0.013875768459402025	0.006425791561000105	79.0	2056.068666934967
201	1360.9152	301.74106	2057.4507	1047.0236	373.4	290.50974	79.92937	364.11276	-3.456183	808000	3.576279e-08	116.94935	-0.012899501	-54.368443	0.025336184	0.016253343	0.186	0.013018665034323931	0.005868189601148973	20.0	2065.715597629547
202	1589.7631	326.3958	2199.9001	1109.8909	432.33334	304.6872	76.88115	364.70337	-4.4908037	812000	-8.5830685e-09	43.76833	-0.029838076	-18.014267	0.020875612	0.009783559	0.159	0.012864721538498998	0.004789084953101433	79.0	2075.6131467819214
203	1833.8923	323.1018	2266.8098	1207.3688	497.75	314.5945	74.36825	365.78568	10.539888	816000	7.7486035e-09	36.652927	-0.029045809	-10.634268	0.010583719	0.014757412	0.1775	0.011698292982764542	0.005496792296812164	79.0	2085.318811893463
204	2088.1345	831.3865	3542.2717	1100.5288	567.1429	320.51212	72.43134	366.79953	3.1546683	820000	-7.390976e-09	56.44639	-0.02613479	-12.203564	-0.003923893	0.015021471	0.1775	0.010853982318658383	0.004190133810216276	75.0	2095.307037830353
205	3021.436	854.41473	3573.7344	1542.8904	852.5	352.13388	34.015766	367.6425	10.559406	824000	-1.0967255e-08	53.289917	-0.020065153	-23.27926	-0.009088358	0.010193675	0.1485	0.012096003978513181	0.005434453213539308	79.0	2105.149121284485
206	1829.7854	199.96411	2143.1284	1572.5538	496.42856	324.0136	72.77057	367.56006	-3.8016667	828000	4.6491624e-09	71.01684	-0.003938559	-26.568893	-0.013983726	0.015670175	0.14625	0.011079146210104227	0.004210243653898014	2.0	2114.5354063510895
207	3399.9397	51.7513	3467.5127	3340.6262	1000.0	355.12463	15.558377	366.50528	268.41843	832000	-2.8252602e-08	100.480064	-0.0003273387	-80.53316	-0.013815044	0.023055892	0.2885	0.010865228199400008	0.003466441881155614	2.0	2123.812931537628
208	1128.5322	244.47644	1767.5125	906.8454	308.41666	294.41245	79.59666	366.60568	11.02321	836000	3.552437e-08	470.5034	-0.02377	-214.54683	-0.013639012	0.0106267445	0.14075	0.011364429544191807	0.0038548073834132435	79.0	2133.709825515747
209	1164.7074	163.9407	1647.4934	991.0268	313.16666	283.411	80.53669	364.90344	-4.7730074	840000	-8.3446505e-10	158.03435	-0.028404169	-97.66055	-0.0132495165	0.01247491	0.17075	0.012283534784801304	0.004256884010416257	79.0	2143.5014114379883
210	1269.2954	301.8692	1936.345	957.03284	339.54544	291.2361	79.370705	364.9125	-5.199499	844000	2.4706125e-08	140.56398	-0.026893305	-87.77167	-0.031195678	0.013718956	0.16875	0.011332565508782864	0.0046205072125009294	79.0	2153.372104406357
211	1246.4209	396.97565	1714.2584	190.67014	339.81818	304.31882	77.54727	365.72226	-6.8974557	848000	1.5854836e-08	1369.1522	-0.0050792336	-303.11328	-0.043178	0.01746425	0.19525	0.011358931371942162	0.0048919615019624085	4.0	2162.8972408771515
212	1352.6757	301.61893	1984.3728	1062.455	361.18182	291.2336	79.94502	364.50882	3.9509497	852000	6.198883e-09	286.79062	-0.025909698	-198.44806	-0.043928064	0.013420592	0.17	0.011777819385752081	0.0043015709223211615	79.0	2172.657773256302
213	1353.7013	272.64633	1874.2279	1008.68866	359.45456	299.1522	81.85694	366.02426	-5.3776555	856000	2.6226044e-08	59.804108	-0.024962151	-29.889912	-0.052232783	0.009875411	0.1585	0.010132951117120682	0.0037061178370572856	79.0	2182.494103908539
214	1588.591	432.43463	2391.0354	1126.1318	423.22223	314.6454	74.49604	367.1861	-0.13798428	860000	1.0967255e-08	94.70277	-0.0025566604	-45.318348	-0.062478144	0.017272163	0.1945	0.010408478570170701	0.0034385466235328423	2.0	2191.9249215126038
215	2193.4133	595.30615	2968.0242	1301.5352	586.0	330.5858	68.93432	369.05685	-26.524448	864000	1.4305114e-08	98.68879	-0.029673077	-39.30971	-0.06278531	0.010969348	0.17425	0.009933265652507543	0.0034624754844837166	79.0	2201.717661857605
216	2330.9312	770.6741	3564.116	1480.3921	631.8333	338.98297	62.38643	370.9246	-5.9399233	868000	9.298325e-09	136.79034	-0.003513079	-70.26674	-0.078999154	0.020776216	0.2805	0.012291776668280362	0.004881553817307587	2.0	2211.17977809906
217	976.554	96.83204	1199.5339	870.1956	263.73334	272.69995	88.94163	369.61545	1.7106609	872000	-3.886223e-08	296.65512	-0.0033968042	-242.31577	-0.07959262	0.021777444	0.29575	0.01227086897008121	0.004632241176212365	6.0	2220.636607170105
218	1450.5953	550.1741	2555.6306	892.51544	390.3	302.68906	77.17703	368.33813	1.3177462	876000	2.4080277e-08	222.54991	-0.0031483273	-111.74656	-0.08056295	0.016872672	0.21425	0.012569948667660355	0.004523425626420299	2.0	2229.8553681373596
219	1256.1177	328.35562	1947.2708	877.0562	336.36365	293.7218	82.94419	371.59964	-5.5546227	880000	-4.0173532e-08	192.91624	-0.024732025	-50.871155	-0.08077653	0.013935797	0.16375	0.012079852870665491	0.003629244673786616	79.0	2239.643831729889
220	1092.2048	243.06726	1597.067	876.3998	297.0	289.57584	83.091965	373.0566	-4.7354016	884000	-1.835823e-08	308.62012	-0.0010561052	-170.48541	-0.080149055	0.016533999	0.19625	0.01236159491352737	0.004393333167379944	2.0	2248.9186339378357
221	2709.3955	1071.8684	3635.4346	889.7538	746.0	337.997	55.277573	371.45306	7.305247	888000	-1.7523766e-08	318.21848	-0.011986951	-164.67691	-0.0803874	0.015028722	0.14025	0.013283922025002538	0.005017057936119876	12.0	2258.2948236465454
222	2755.774	503.24985	3257.4084	2106.4675	747.8	329.41507	72.58713	373.48233	-5.417637	892000	-1.990795e-08	331.515	-0.029413223	-192.23126	-0.08059891	0.013534035	0.20825	0.014235788611695171	0.005470623514830395	79.0	2268.2943041324615
223	2612.8228	737.1884	3478.371	1809.441	725.6	344.91397	51.80762	374.55722	8.002987	896000	6.8545343e-09	128.47769	-0.024070192	-52.208008	-0.09348389	0.012952664	0.16975	0.012270710705779493	0.0042637122203825605	79.0	2278.233480453491
224	2922.2986	937.5523	3644.4004	1311.5974	837.5	347.07047	37.644405	374.0419	11.969172	900000	-7.152557e-09	139.58334	-0.025129495	-35.62455	-0.10567681	0.008310001	0.16875	0.01385167932137847	0.0053002572745194975	79.0	2288.553579568863
225	2498.3323	811.79205	3577.9895	1744.1478	717.4	345.07388	38.99287	375.6904	-6.0842566	904000	-5.6028364e-09	2023.4596	-0.0023656674	-474.26074	-0.11758968	0.022027591	0.26	0.014810455334372818	0.006243247567044867	3.0	2299.1400802135468
226	3509.6973	91.24094	3622.8594	3376.932	1000.0	349.95804	20.310432	372.72104	253.82115	908000	-5.9604643e-10	170.86475	-0.003211003	-105.299774	-0.117708296	0.015149826	0.1515	0.014016946721822023	0.00453390688558958	2.0	2309.096549510956
227	2262.5908	937.9301	3505.414	1024.746	620.6667	337.25653	68.95345	375.56906	-13.065887	912000	2.6702882e-08	1348.6442	-0.005517802	-516.69507	-0.11816824	0.015226208	0.2225	0.014642812134698034	0.006174874819050333	3.0	2318.4973101615906
228	2137.074	804.321	3642.0393	1192.3293	569.8333	320.84384	65.81911	374.73788	8.372339	916000	3.051758e-08	816.05444	-0.010933165	-742.9504	-0.11853671	0.015406145	0.16475	0.013826775182969868	0.004555039361167656	8.0	2328.0751016139984
229	1220.0679	241.05602	1730.3748	974.65436	322.75	301.21558	85.35686	375.29703	10.595119	920000	5.1259996e-09	232.54742	-0.009605162	-126.79485	-0.118055135	0.018291349	0.1945	0.015425491505302489	0.0067277869630863706	8.0	2337.4993505477905
230	1310.346	313.93356	1815.4786	765.80695	351.9	311.31326	76.76384	373.94223	10.350425	924000	2.6226044e-09	1558.702	-0.008881779	-266.73303	-0.11999974	0.015329865	0.18475	0.012257349891588092	0.004792712279730228	12.0	2346.9314601421356
231	2920.8774	943.2296	3476.2856	1287.2434	837.5	351.20193	34.94372	372.5413	9.587717	928000	-9.179115e-09	79.6838	-0.020321341	-48.809265	-0.11929015	0.0132641075	0.1305	0.013072191895917058	0.00565643088700723	79.0	2356.763468027115
232	2092.6328	1035.5145	3566.6667	971.6608	578.8333	335.7856	60.244152	373.15143	9.1611595	932000	5.6028364e-09	174.14279	-0.02512805	-73.957886	-0.11490664	0.015937744	0.1675	0.011024071541614831	0.00394772864180675	53.0	2366.5254015922546
233	2697.9966	932.3153	3607.7554	1096.1744	732.6	348.28625	52.744225	375.06818	19.358807	936000	3.4332274e-08	40.52834	-0.017560497	-23.404861	-0.11785742	0.015278003	0.159	0.010678419410251081	0.004221150792873391	14.0	2375.984340429306
234	1404.1465	480.76608	2255.258	936.27673	373.8	309.32037	77.54602	377.25818	-12.661039	940000	5.4597855e-08	264.87125	-0.022096718	-85.435486	-0.121558025	0.01508543	0.19825	0.010897440109401942	0.0036291993293532097	33.0	2385.725611448288
235	1209.3143	316.3581	2144.7014	946.4148	322.83334	295.56918	83.19918	376.60443	3.1670809	944000	-5.9604646e-09	122.60539	-0.025860498	-38.466415	-0.13049671	0.0117373895	0.18975	0.00958106322446838	0.00356811876384037	79.0	2395.531715154648
236	1218.1575	245.01213	1726.1976	888.45294	323.16666	293.6932	80.78067	377.7367	1.7542686	948000	1.4781952e-08	181.15158	-0.0017286753	-56.492615	-0.13872968	0.017114352	0.2295	0.011080923154950142	0.004592909545064069	2.0	2404.894133090973
237	3402.6123	39.49063	3445.3613	3353.9727	1000.0	350.90912	17.462278	377.64395	266.90787	952000	-2.0980835e-08	147.89435	-0.02039484	-50.70703	-0.1392072	0.011640222	0.1335	0.010806304621510207	0.0043356269107156144	79.0	2414.551702976227
238	3326.9285	145.17828	3492.6174	3095.3152	965.75	344.2527	31.697065	378.4603	-17.224716	956000	4.196167e-08	172.37047	-0.0243581	-130.10378	-0.15197618	0.01221198	0.147	0.011358317080885172	0.003927122315135417	79.0	2424.921560049057
239	2743.3223	1007.799	3571.7788	1005.71075	771.2	342.07806	44.89051	376.79254	22.561867	960000	9.775162e-09	115.47239	-0.023338296	-78.61133	-0.15785702	0.015110382	0.158	0.011346208355389535	0.004807456445734894	64.0	2435.109386920929
240	2735.8157	873.9957	3488.1907	1604.5835	781.4	346.32864	43.726044	379.4246	-0.55437183	964000	2.360344e-08	84.925064	-0.0047941105	-59.333305	-0.15341794	0.01916152	0.26925	0.0107686492591165	0.004204896925678485	2.0	2445.1179254055023
241	1760.0598	322.74188	2146.298	1278.0927	465.125	306.44724	74.79675	375.55618	9.1047	968000	-2.3007393e-08	464.1998	-0.016302433	-424.38977	-0.15273373	0.015080142	0.14125	0.01021132240537554	0.004778149842849702	34.0	2455.3766601085663
242	2309.586	482.1536	3088.948	1624.1108	612.0	335.1971	67.799286	379.8374	5.0799503	972000	-7.152557e-09	49.449608	-0.026354866	-16.7132	-0.15376456	0.00858473	0.1585	0.010604621325619519	0.005107163831282342	79.0	2465.5045034885406
243	1967.2588	603.0018	2919.3738	1269.6738	525.1429	333.6707	68.66426	381.75903	1.8519921	976000	-3.7074088e-08	1283.1139	-0.005704976	-148.82935	-0.1671172	0.016994908	0.18775	0.010744650079868735	0.004037836486984828	3.0	2475.1915833950043
244	2930.7034	803.7542	3439.752	1539.4023	850.0	348.28183	28.386793	375.3822	38.63282	980000	-1.2695789e-08	79.136154	-0.021993062	-56.5354	-0.16708203	0.015145477	0.13625	0.00943801315035671	0.0033730058507696957	39.0	2485.015872001648
245	2892.4644	877.5754	3599.3032	1477.9731	795.0	351.66037	46.65608	378.11374	2.4596047	984000	-2.6464463e-08	73.36495	-0.026194662	-45.79397	-0.16925913	0.015140416	0.19875	0.010848857094533742	0.003841609440119248	78.0	2495.171818971634
246	1478.7131	535.6885	2597.1223	967.672	390.9	311.40805	83.94962	382.08075	3.7657962	988000	2.2053719e-08	129.5252	-0.01117918	-82.22914	-0.17321923	0.016970625	0.2025	0.010731281554326415	0.004074102126985665	9.0	2504.8882801532745
247	1832.9458	593.8455	3115.9614	1307.0775	481.5	322.58334	75.90641	381.9931	-0.85540104	992000	2.3841857e-09	47.249897	-0.0037034354	-23.790627	-0.17309374	0.017358242	0.1925	0.010242499839514495	0.0037198629169111585	2.0	2514.458489894867
248	2129.6301	755.67535	3589.589	1195.3367	568.5714	337.5706	68.77166	383.5577	8.12579	996000	-5.841255e-09	34.135807	-0.014596799	-13.801113	-0.17302693	0.015569489	0.1295	0.010077349548228086	0.003406996136579999	14.0	2524.1275329589844
249	1898.1674	611.7743	3009.5298	1054.1117	499.625	324.75595	77.12597	383.18567	1.998559	1000000	5.7816507e-08	42.771427	-0.0010159115	-15.56315	-0.17411296	0.015294754	0.2305	0.010010553244501352	0.004324483098082073	2.0	2533.8780331611633
250	1186.0602	415.03903	2425.7124	908.45374	318.58334	298.5937	82.41196	381.4459	-7.2464952	1004000	-4.839897e-08	191.42188	-0.026153037	-107.61719	-0.17478515	0.01227178	0.169	0.009141104703303427	0.0033185591074752206	79.0	2543.933817386627
251	1297.0869	287.83255	1916.1143	966.7037	344.63635	300.90472	80.87734	380.8901	-2.4231968	1008000	2.2649765e-08	126.14579	-0.0021856108	-35.591774	-0.18117939	0.021979189	0.28525	0.010181362221483142	0.004398421376671904	2.0	2553.6007418632507
252	1126.3019	158.79799	1370.1981	764.68146	302.0	292.01837	79.6297	379.42657	6.2870607	1012000	-6.556511e-09	917.3424	-0.004350549	-124.519104	-0.18168148	0.016906304	0.239	0.01112992709968239	0.0053894841233812175	3.0	2563.2464759349823
253	1174.0325	168.64352	1579.9116	946.11475	313.08334	286.327	80.32792	371.16608	-10.1425705	1016000	1.0490417e-08	95.964294	-0.02261972	-56.845123	-0.18133332	0.015159525	0.17625	0.009545861897058784	0.0030311366361382174	41.0	2573.1105768680573
254	1225.3661	212.35564	1636.7555	1007.30896	326.66666	292.78705	81.38772	377.64523	2.833768	1020000	-5.00679e-09	71.52175	-0.027050653	-33.949203	-0.19548942	0.015095077	0.18425	0.01065252463100478	0.004522713638809209	57.0	2583.0623664855957
255	1200.817	261.9087	1865.1234	977.5458	319.5	295.35406	83.85816	381.0754	-0.85272217	1024000	-1.3828277e-08	44.565083	-0.0017907643	-26.261017	-0.18825449	0.02065792	0.25775	0.009404239356517791	0.0048825772562903335	2.0	2592.7676196098328
256	3367.6252	336.89084	3693.8552	2837.751	941.0	353.61832	34.846413	382.54904	8.482026	1028000	-1.7881394e-08	120.46212	-0.021052001	-66.67697	-0.18818393	0.010101859	0.1665	0.010331204447429626	0.0039295251695610454	79.0	2603.3869349956512
257	3406.682	89.304504	3547.4893	3310.9255	967.25	351.23825	32.671097	384.26804	23.31888	1032000	3.5643577e-08	37.541676	-0.023259802	-12.615168	-0.21479703	0.01515913	0.18975	0.009998173587955534	0.003856908904555638	73.0	2613.605667591095
258	1638.7656	331.3855	2231.2678	1141.8115	434.875	321.81747	78.37727	384.01025	2.6106696	1036000	2.1219254e-08	89.26288	-0.0011421158	-68.12299	-0.22471498	0.015703484	0.18875	0.011489016208797694	0.004641363036059176	2.0	2623.010637998581
259	2937.839	503.8922	3420.8918	2194.4868	821.0	348.76907	42.55947	384.02048	13.310149	1040000	-1.1324882e-08	114.80032	-0.00851903	-75.60776	-0.2250363	0.015460819	0.181	0.010524854324758052	0.003855459559801138	6.0	2632.4292871952057
260	1303.1384	229.05608	1693.5554	1005.427	343.0909	310.95187	84.76203	384.30496	-9.987881	1044000	-3.284216e-08	170.78438	6.3194634e-06	-137.41452	-0.22462833	0.018389432	0.23425	0.010593269593082369	0.0038584638140688383	2.0	2641.743448972702
261	993.84436	66.13995	1147.642	904.8497	266.0	282.04068	81.69269	366.89102	10.952261	1048000	5.4121017e-08	132.28702	-0.0017275953	-88.16237	-0.22467026	0.015288311	0.15675	0.011085227546282113	0.006029397414967721	2.0	2651.3236949443817
262	1230.3903	379.61526	2351.5173	603.46875	325.83334	297.3613	78.68419	378.34958	-14.808984	1052000	-1.3113022e-09	1226.5223	-0.0028930411	-226.51105	-0.2247578	0.01697091	0.22475	0.009743632264435292	0.0034001764954652534	2.0	2660.9441752433777
263	1851.6349	873.831	3682.6033	1075.9331	490.0	324.3108	71.70535	382.8348	7.5171194	1056000	2.861023e-09	66.45935	-0.01663914	-45.799294	-0.22497952	0.01565664	0.18725	0.010852907972875983	0.0036573157946820445	23.0	2670.6297318935394
264	1480.823	328.27298	2160.1877	1071.3398	389.1	311.98212	80.2153	382.5132	-8.204579	1060000	2.5987624e-08	47.207024	0.00064755994	-15.437267	-0.22815906	0.02182926	0.27475	0.009696831591427327	0.003959887076211245	2.0	2680.3489451408386
265	2776.2656	1076.1929	3462.3975	913.5319	820.0	351.28415	28.030987	383.2761	19.691301	1064000	-7.510185e-09	823.1409	-0.003320044	-528.27185	-0.22872397	0.020259485	0.224	0.010784992040134967	0.005102043132263715	2.0	2689.9628808498383
266	3390.7378	75.43703	3505.2512	3293.2754	967.5	338.02554	36.94391	369.33975	-7.6879086	1068000	1.2278557e-08	454.31805	-0.001672709	-423.54535	-0.22942351	0.015339743	0.213	0.011857805359177291	0.004765990142034223	2.0	2699.4070587158203
267	3398.105	29.50351	3438.955	3366.7273	1000.0	347.70325	15.300289	379.67902	264.65	1072000	3.71933e-08	46.107235	-0.023465281	-8.693577	-0.2302172	0.015003457	0.17675	0.012502303151413797	0.004738015371004551	72.0	2710.130195617676
268	3367.6965	149.74602	3528.7268	3122.5361	956.75	349.93976	28.15553	379.86807	99.47138	1076000	-1.66893e-08	131.71265	-0.0049873167	-74.50269	-0.23638476	0.017705042	0.22175	0.012944470425136387	0.004746792794324378	2.0	2720.3820610046387
269	1477.5137	295.21478	2153.6338	1031.909	389.1	295.8799	102.45443	380.68207	-44.868538	1080000	2.4855137e-08	925.9277	-0.017810421	-869.1011	-0.23666371	0.015060056	0.17325	0.011656534867361188	0.0046726169196082135	30.0	2730.318428039551
270	1667.4597	703.0345	3344.6956	1031.0989	443.33334	322.7466	75.254135	382.6879	-0.78654003	1084000	-3.3736228e-08	411.5261	-0.026292901	-121.05313	-0.23733586	0.015362041	0.19225	0.011583993881940842	0.003830832677855883	57.0	2740.8907084465027
271	1735.797	741.25934	3383.71	1023.95184	457.75	319.3009	74.972244	378.9101	9.28578	1088000	1.7702579e-08	129.83253	-0.024488831	-55.786194	-0.24715267	0.015032559	0.181	0.010979242413304746	0.003586250456809553	79.0	2751.6773705482483
272	1570.2507	508.45987	2942.5159	1143.3928	412.55554	316.35468	79.434364	381.69275	-16.198826	1092000	-1.6689301e-09	110.09074	-0.032672424	-75.91519	-0.25993535	0.012196019	0.20825	0.010198404572438449	0.004163477230537197	79.0	2762.3774523735046
273	1377.5941	252.61893	1750.3745	1043.22	363.8	313.99225	77.81764	381.80386	4.505508	1096000	-2.8073787e-08	233.47206	-0.013643454	-121.619484	-0.27270296	0.015789483	0.18725	0.008780305518303066	0.0030264093405305685	11.0	2772.0997021198273
274	1310.3827	253.00723	1914.6754	989.71893	343.72726	301.1765	84.53881	379.87616	-3.027153	1100000	5.1259996e-09	106.821846	-0.014124748	-63.83692	-0.27337503	0.015429564	0.16625	0.009237629189155995	0.003923273452200908	14.0	2781.954513311386
275	3536.5598	72.52973	3628.3552	3454.8713	978.0	358.93625	35.851913	382.98773	17.057608	1104000	-3.0755995e-08	50.899963	-0.023962753	-17.63498	-0.27416727	0.008191797	0.15525	0.009506436656229198	0.003575467453905019	79.0	2792.1536498069763
276	1435.692	327.75558	2106.214	1035.5724	376.7	316.6435	78.27494	383.4204	8.1336975	1108000	1.7702579e-08	115.40633	-0.028144572	-79.601746	-0.2852303	0.015268063	0.1805	0.009419660130515695	0.005272337045449006	47.0	2802.0425720214844
277	1525.7281	733.83307	2999.6316	174.92061	407.8889	323.02637	77.87399	384.74698	-2.051127	1112000	-3.015995e-08	1305.1683	-0.00920842	-179.95386	-0.28628093	0.016456153	0.20525	0.009408535454422235	0.0035565378133432324	12.0	2811.752383708954
278	1555.5714	649.4672	2759.8472	1031.4785	415.44446	309.66888	77.214134	380.79895	-4.799143	1116000	1.835823e-08	224.00165	-0.0022254589	-177.34265	-0.28655288	0.0151631795	0.27925	0.010321667264215649	0.003932602275626597	2.0	2821.6483030319214
279	1809.8474	423.14386	2400.7961	1334.0795	484.14285	329.02313	72.17354	383.26697	-7.615481	1120000	1.013279e-08	154.06613	-0.0034949696	-73.576584	-0.28721142	0.019280294	0.26925	0.01013390535954386	0.003909434561827376	2.0	2831.254048347473
280	2273.4314	963.5477	3577.8474	1340.1301	614.8	342.10544	61.3181	381.31894	9.353977	1124000	-3.8981437e-08	37.421883	-0.022698278	-20.374792	-0.2875506	0.016351318	0.16575	0.009305974706076086	0.003544182234701024	59.0	2841.232135295868
281	2214.1619	1030.2142	3724.241	1303.9469	592.3333	339.9858	65.044235	382.65634	0.759634	1128000	-6.7949295e-09	88.58049	-0.0071366294	-70.35624	-0.28979605	0.016622601	0.181	0.008525730329565703	0.0031545088821518658	6.0	2850.8561112880707
282	1894.4305	1082.8362	3594.0513	1076.5364	513.0	339.63544	64.268524	383.7233	13.530132	1132000	4.7683715e-09	44.05181	-0.029198624	-18.075026	-0.2910579	0.006374744	0.16075	0.00970955568831414	0.004256590533851864	79.0	2861.205746412277
283	1946.5438	841.86316	3403.0703	1178.7815	525.1429	335.42337	66.80286	384.36533	4.8243356	1136000	-9.1195105e-09	246.1092	-0.024227966	-122.747955	-0.30608043	0.008602941	0.196	0.008940489399246871	0.003285796319866794	79.0	2871.0200514793396
284	1121.5162	219.2283	1687.7584	899.3342	298.3846	293.60153	85.909904	382.97537	-0.018776417	1140000	2.2649764e-09	251.82274	0.00093277305	-132.14453	-0.31633282	0.02604557	0.2955	0.00911518904613331	0.003456794608133329	2.0	2880.4716608524323
285	2517.9888	1016.332	3556.8003	1191.6772	701.2	342.9253	50.26616	383.08545	-13.277556	1144000	3.504753e-08	279.34598	-0.01455181	-119.16342	-0.31645525	0.018131156	0.179	0.01101637661922723	0.004258459855018641	15.0	2889.7423849105835
286	3077.987	778.2465	3561.7334	1730.5616	867.0	354.2138	34.000782	380.38242	2.934094	1148000	-1.66893e-08	104.21666	-0.011784555	-66.75034	-0.3167692	0.015689302	0.153	0.010926445336081088	0.004370762484699533	11.0	2898.8810529708862
287	1656.7976	772.41473	3586.6836	1091.798	442.33334	301.72797	82.97451	381.87332	-3.2456326	1152000	9.983778e-09	1028.3887	-0.0068444135	-957.2822	-0.3232137	0.016099993	0.136	0.010671244994737207	0.004107874728081696	4.0	2908.0767998695374
288	2038.7267	1095.1927	3641.1284	1089.701	550.7143	340.66537	63.084976	384.1122	-3.496717	1156000	-1.0251999e-08	163.17911	-0.0012603357	-100.32701	-0.32597673	0.017248463	0.27325	0.010844317879527807	0.004383090850815498	2.0	2917.55055642128
289	1096.1162	167.25104	1535.7008	889.9287	292.66666	296.72525	86.88603	385.5705	-6.4167805	1160000	2.515316e-08	230.98013	-0.020423157	-103.6057	-0.32701677	0.01513804	0.199	0.011123433983884752	0.004231396147295103	34.0	2927.3881256580353
290	974.92413	122.3503	1229.029	727.38934	264.26666	275.7665	82.65247	374.01492	-5.1780725	1164000	-4.8339366e-08	216.54933	-0.024620067	-96.63971	-0.33547464	0.016025191	0.20925	0.009455392826348543	0.0036715298031205204	52.0	2936.8865928649902
291	888.5891	63.084408	1006.68005	783.9	245.0	262.32394	82.79227	353.51224	-3.013453	1168000	-8.106232e-09	112.975655	-0.022768043	-57.077957	-0.34068346	0.007019901	0.159	0.011250303760170936	0.007422586060346293	79.0	2946.6286613941193
292	882.02136	84.30544	1098.5043	679.78217	243.9375	260.93088	80.05055	350.38126	-8.356925	1172000	6.318092e-08	106.403244	-0.013688378	-41.72773	-0.34816313	0.01665286	0.19875	0.009038836255203932	0.0031768159462748804	11.0	2956.1856319904327
293	833.6721	72.45691	917.64014	680.5785	234.94118	253.30663	78.60505	343.30652	2.5346866	1176000	-4.7683715e-09	106.28178	0.00028331947	-45.012268	-0.34854168	0.016924039	0.2845	0.008136581485159696	0.0029688807494468263	2.0	2965.683813095093
294	1130.817	413.2378	2529.6226	899.55237	304.53845	268.87985	81.08522	374.88486	-6.7226424	1180000	-5.733967e-08	440.602	-0.014969267	-377.046	-0.3485547	0.016571917	0.188	0.009027557447552681	0.00353924096360265	22.0	2975.3691127300262
295	1474.2552	576.41516	2621.9917	912.61145	387.4	305.91553	81.698006	379.8418	-0.8066764	1184000	4.7683715e-09	172.68492	-0.003801159	-80.93894	-0.35241076	0.016161773	0.17775	0.009472228582017123	0.004584492057661236	2.0	2984.7633345127106
296	1756.9374	819.20795	3512.0261	1087.1632	469.875	327.3972	76.12736	383.67413	-0.6970506	1188000	-9.1195105e-09	103.87573	-0.030202601	-42.527863	-0.35315898	0.0141157275	0.19375	0.00844728634459898	0.0029031330864493264	79.0	2994.6441235542297
297	1568.6288	575.81995	3165.1702	1117.8912	407.66666	316.2079	80.57359	382.74908	2.0668893	1192000	-1.2993812e-08	56.372265	-0.018662449	-25.409475	-0.35628936	0.0153402295	0.13475	0.009006035500206053	0.003240375626659523	18.0	3004.1198179721832
298	2109.327	1071.4716	3662.2065	1130.2932	562.7143	337.47226	71.44803	384.2402	5.5618925	1196000	4.4703484e-08	70.30345	-0.015122182	-20.454746	-0.36239666	0.0168249	0.20975	0.008351304484531284	0.0028210200160397624	15.0	3014.131598711014
299	2320.8616	981.75745	3646.4587	1345.2213	622.5	346.64316	58.66856	382.85257	7.558963	1200000	7.152558e-08	84.9252	-0.013906139	-30.870266	-0.36203668	0.015181764	0.144	0.009108291112352163	0.003355729218124235	16.0	3023.2386684417725
