Epoch	AverageEpRet	StdEpRet	MaxEpRet	MinEpRet	EpLen	AverageVVals	StdVVals	MaxVVals	MinVVals	TotalEnvInteracts	LossPi	LossV	DeltaLossPi	DeltaLossV	Entropy	KL	ClipFrac	WM_LossMean	WM_LossStd	StopIter	Time
0	11.73644	6.6814027	59.253654	4.1179056	14.565694	0.32014662	0.04378988	0.39636075	0.08174807	4000	2.1457671e-09	79.012505	-0.021485474	-47.76673	0.91893864	0.019605063	0.24425	0.5122507689148188	0.5209834185111015	4.0	11.56524658203125
1	22.349577	21.416443	117.216965	5.5876746	21.695652	6.1488104	2.130159	8.12194	-2.2067125	8000	-1.0728836e-09	369.2958	-0.022516206	-113.10803	0.916739	0.017237922	0.20025	0.046926885452121495	0.011967539241392582	5.0	22.038917779922485
2	81.33695	53.980602	224.16953	9.09036	51.83117	14.857918	2.3496704	15.849863	-2.1193194	12000	4.6491624e-09	2096.3572	-0.019730441	-592.07007	0.9155977	0.005100252	0.139	0.043043327927589414	0.010138521119741768	79.0	33.07173800468445
3	100.75603	53.346718	240.80586	9.571305	59.52239	25.565617	1.9385788	25.837507	-7.683741	16000	1.9073487e-09	1848.0913	-0.011029205	-357.38	0.9123706	0.01577744	0.16325	0.039369563665241004	0.0069697290595730306	6.0	43.79765963554382
4	124.9571	71.6363	240.41425	11.300404	72.2	32.764935	1.2897747	32.901466	6.2136164	20000	-2.384186e-10	2443.359	-0.008740665	-413.9558	0.91060984	0.01519021	0.17425	0.037940512113273143	0.006552184482102801	11.0	54.74002766609192
5	169.61958	62.240788	254.52315	46.51408	94.38095	39.890965	0.8577409	39.944683	12.206839	24000	2.6822091e-09	2586.0234	-0.013373345	-425.39233	0.9090839	0.010448493	0.092	0.04047764968127012	0.007590774017450457	79.0	66.38971185684204
6	198.23276	49.929115	259.21356	35.449963	107.10811	46.728916	0.9926969	46.764473	10.658749	28000	-5.543232e-09	2564.8806	-0.011507895	-403.062	0.91519475	0.0041322135	0.07775	0.04323725873604417	0.008984002066297023	79.0	78.20035910606384
7	199.322	38.19984	241.9533	76.49157	104.26316	53.22528	0.0034670415	53.225803	53.09266	32000	1.013279e-09	2148.8667	-0.011101137	-265.4707	0.9011731	0.0061890148	0.08075	0.04007894940674305	0.008236313564482609	79.0	89.69995355606079
8	204.82455	29.968756	238.4749	73.87478	106.675674	58.462383	0.5454439	58.478424	28.466228	36000	-3.218651e-09	1904.395	-0.01178791	-246.5138	0.90895385	0.004302744	0.06625	0.039554651714861395	0.007783168623605089	79.0	101.21771883964539
9	206.19945	32.377674	249.67516	81.5919	105.64865	60.839657	6.8746367	63.033943	0.71897995	40000	2.2649764e-09	1792.7285	-0.012723173	-451.07764	0.9061075	0.009030227	0.0735	0.03811765428632498	0.006280352838974256	79.0	112.60344219207764
10	211.22871	35.655876	300.59848	114.69335	106.10811	60.518085	15.333156	68.22345	-1.9856244	44000	-5.00679e-09	1506.7458	-0.011672391	-258.53174	0.889685	0.005232997	0.0915	0.03811455763876438	0.006870791911138665	79.0	124.43522143363953
11	213.00504	38.19523	290.35974	115.27785	107.0	64.42155	17.374022	73.21397	4.1331606	48000	-2.503395e-09	1329.8527	-0.010739584	-217.27087	0.88536423	0.006398457	0.08375	0.03761580914258957	0.006799697642514223	79.0	136.20689606666565
12	222.02644	30.195118	280.64035	144.8252	110.30556	65.858604	19.438076	77.58162	-1.3014462	52000	4.8279762e-09	1168.0626	-0.015810447	-196.56097	0.89159995	0.0069555882	0.094	0.03613631827756762	0.00618826607462808	79.0	148.04467058181763
13	209.89339	41.580902	305.99963	123.42783	102.17949	72.80143	17.215826	81.88235	-0.2712549	56000	-3.3378602e-09	1134.6132	-0.016601788	-191.05084	0.89173657	0.011225056	0.108	0.037780395895242694	0.008869290054611787	79.0	159.78353452682495
14	239.94322	65.73644	323.2942	88.44888	112.37143	69.611565	22.658632	85.45146	-7.2131386	60000	1.1920929e-09	1969.0339	-0.022809839	-516.55225	0.9044082	0.012090585	0.1415	0.0386109490506351	0.009357390599309961	79.0	171.25096678733826
15	267.9356	59.10719	335.57327	104.758	121.0625	78.19252	21.760649	90.11359	-1.6393366	64000	-1.9073487e-09	1905.3918	-0.01857956	-335.9403	0.89918524	0.009774376	0.13375	0.037311442904174326	0.009686943764381213	79.0	182.75916576385498
16	281.46732	49.40596	341.25125	164.96077	125.548386	84.97449	22.531815	95.6371	-27.658232	68000	1.5497208e-09	1719.7023	-0.016832057	-290.75476	0.9060462	0.008965128	0.11	0.040191458147019146	0.010187096311513147	79.0	194.46697688102722
17	294.65906	58.718655	346.10547	121.897705	127.90323	88.33048	24.143648	100.83196	2.7247124	72000	5.960465e-11	1789.7559	-0.017515294	-297.5802	0.9023228	0.01268738	0.12925	0.04185130508616566	0.012194567100538468	79.0	206.66720342636108
18	309.86432	50.008797	380.5764	132.00906	133.2	91.644424	27.080215	106.27061	-0.18775749	76000	-8.225441e-09	1538.9691	-0.0066885054	-313.68762	0.9011549	0.018298876	0.1785	0.043880909476429225	0.015699121854492782	5.0	218.3453550338745
19	312.1968	39.95999	360.44165	195.64452	132.16667	96.353584	29.323315	111.73143	-4.194871	80000	4.6491624e-09	1384.9618	-0.00633854	-273.59753	0.90032285	0.017529467	0.212	0.04285681223496795	0.011823408505281343	3.0	230.1179177761078
20	311.76724	43.56526	374.85913	214.03523	128.6129	102.03581	28.422058	116.693985	-0.27553356	84000	3.8146974e-09	1393.3955	-0.0029770238	-350.18665	0.899226	0.021067763	0.225	0.04762512410059571	0.015579771863597908	4.0	241.82487034797668
21	341.97342	57.123276	484.1942	128.32571	139.39285	105.40544	29.826405	121.437004	0.33614337	88000	-1.04606155e-08	1612.5033	-0.004765379	-402.04028	0.89940095	0.015567877	0.16025	0.04770375231280923	0.016007412200347553	5.0	253.2513358592987
22	365.29562	98.59748	627.81165	159.43338	146.48148	109.72531	31.688494	126.63298	-0.43121898	92000	9.536744e-10	2104.8228	-0.0060492167	-315.4619	0.8979257	0.016834633	0.2205	0.051003968250006436	0.014260557913516367	5.0	264.7562518119812
23	359.35797	160.97748	1054.1765	113.98932	148.15384	115.322945	33.526825	132.10129	-3.5532677	96000	5.4836273e-09	2342.7173	-0.0054030158	-346.77478	0.89663213	0.017274272	0.2255	0.058514823876321315	0.021274645994452942	5.0	276.2052729129791
24	400.9177	131.8737	853.3333	190.38675	156.8	120.27467	31.89333	136.8063	3.1426547	100000	-8.940697e-11	2386.395	-0.01751902	-346.74585	0.8972924	0.009254621	0.10375	0.0600153498351574	0.017918833282453743	79.0	288.2916910648346
25	420.598	148.33101	893.3548	118.396416	163.25	129.04079	30.523495	142.19661	-0.85082245	104000	7.1525574e-10	2703.938	-0.019767625	-331.55103	0.89837307	0.008469465	0.10525	0.062149816751480104	0.019818946434906823	79.0	300.6719443798065
26	432.99814	158.27214	1089.654	300.92554	163.91667	127.28189	36.207397	147.24312	-1.3747199	108000	3.8146974e-09	2269.0266	-0.02080517	-388.76404	0.90727574	0.014161345	0.145	0.06427900014445186	0.021298772378839967	79.0	312.7573230266571
27	561.5641	315.55225	1445.6975	332.2154	205.05263	135.75606	35.807266	152.91397	-3.8969014	112000	-4.6491624e-09	3793.7056	-0.020036845	-742.7539	0.89305127	0.0070664887	0.115	0.0688076739385724	0.026289617886213142	79.0	324.9731411933899
28	481.34763	170.66081	1014.437	323.71857	179.40909	141.61412	39.710094	161.29102	2.911401	116000	5.841255e-09	1898.4457	-0.020722263	-331.7057	0.87966543	0.0114767775	0.125	0.06941554298624396	0.023721699904531084	79.0	337.0874352455139
29	574.7378	274.28378	1510.4286	366.7524	206.05263	147.01445	39.8472	166.46788	-3.849512	120000	-1.3411046e-09	2898.012	-0.022525376	-512.4617	0.87104356	0.010964734	0.1495	0.07033320190384984	0.023139073848073573	79.0	349.48770904541016
30	509.71585	132.23598	826.1179	364.1685	180.13637	150.96274	43.358227	173.28394	1.8838899	124000	-1.9073487e-09	1700.273	-0.018035809	-265.23193	0.86007285	0.015131715	0.13025	0.06414095439016819	0.01955869943996224	47.0	361.5767779350281
31	580.5371	269.89047	1238.0042	97.125206	205.10527	160.17241	40.01617	178.25493	2.8158305	128000	8.881092e-09	3263.6545	-0.0092939725	-436.86157	0.84323764	0.015417493	0.12975	0.06654326848685742	0.019476034957743346	10.0	373.46641087532043
32	507.55472	192.89908	915.7503	157.76773	180.5	158.21657	47.1602	183.8164	1.2489295	132000	4.887581e-09	1980.8561	-0.02051864	-350.30627	0.8410081	0.011451828	0.1345	0.062447649482637646	0.01890171978852791	79.0	386.1080331802368
33	569.861	231.73845	1133.7971	136.26956	198.5	164.98956	43.889736	187.7036	2.206915	136000	1.9073487e-09	2948.306	-0.019107766	-309.63623	0.8358567	0.011759372	0.12225	0.05864344958215952	0.018960631036851677	79.0	398.5904817581177
34	646.65344	429.54135	2146.4248	160.09302	231.35294	171.98	44.60855	192.12505	-6.1563816	140000	4.4107438e-09	2158.574	-0.019316312	-306.04736	0.83554786	0.008489272	0.127	0.06187251185998321	0.019310751303206895	79.0	410.55763387680054
35	562.1723	212.1566	1317.8806	337.43375	196.35	169.02168	49.599255	196.87808	-2.3372726	144000	5.1259996e-09	1098.6627	-0.008722091	-194.3847	0.84243304	0.015148855	0.15025	0.06361762341111898	0.02114358963017204	13.0	422.4539897441864
36	765.83026	598.4693	2186.7205	162.01016	290.16666	185.159	39.57652	200.36784	-2.860369	148000	-2.7418137e-09	2813.8433	-0.02072907	-347.2395	0.8395035	0.0064338753	0.14225	0.06781279459595681	0.01958561006377075	79.0	434.7101860046387
37	664.2673	328.6415	1291.3773	138.32472	224.375	182.7738	42.81058	203.8333	3.788982	152000	1.6093255e-09	4297.201	-0.021507323	-775.4492	0.8203916	0.0135046495	0.13725	0.06492962192744017	0.019763625563546196	79.0	446.78275418281555
38	824.2679	377.87308	1512.4427	176.79802	290.76923	191.03462	44.277252	209.50993	8.976459	156000	7.1525574e-10	2049.3408	-0.019109165	-318.34363	0.829805	0.010748841	0.124	0.06503885515034198	0.019160006555790154	79.0	458.9838433265686
39	753.8313	330.8664	1698.5029	182.94011	253.33333	194.60716	45.139473	214.22385	6.4244547	160000	-1.847744e-09	2756.7375	-0.019753706	-243.37549	0.8200348	0.009934989	0.1215	0.06468967318534852	0.019862422429154092	79.0	471.52748942375183
40	843.1964	264.90842	1410.4166	610.57855	285.6154	198.86511	46.648582	218.37305	3.1154702	164000	-5.1259996e-09	1391.8824	-0.0034916345	-294.4536	0.8185619	0.015288965	0.15025	0.06393684517592192	0.018435606502509902	5.0	483.4488241672516
41	775.92267	252.52751	1605.786	469.19333	255.66667	196.00758	52.44512	223.19006	4.236456	168000	-6.6161157e-09	1005.27783	-0.020927891	-215.4082	0.8179916	0.011236721	0.115	0.06458427470177412	0.020296323672228122	79.0	498.78506231307983
42	834.92096	218.0896	1411.608	565.4594	280.2857	202.10304	53.652447	227.45589	-3.1602228	172000	7.56979e-09	1077.7987	-0.022351557	-163.22461	0.8238671	0.0090837395	0.1175	0.05340709002688527	0.015617949510819833	79.0	510.7612476348877
43	748.93933	131.50418	988.7368	524.4749	243.625	199.43658	57.46421	231.12347	-6.7001424	176000	-6.198883e-09	896.3378	-0.021072047	-213.61847	0.81659955	0.014121374	0.127	0.05315003814175725	0.016530046371936096	79.0	523.1430330276489
44	642.1298	146.46881	892.0065	349.48404	213.58824	204.11041	58.212654	234.4771	2.46361	180000	0.0	1056.0895	-0.019256761	-70.77466	0.82037795	0.0069005815	0.1325	0.05375381560996175	0.01583389600920255	79.0	535.4618308544159
45	753.77637	155.13162	1187.1432	603.28326	248.375	202.46869	58.186275	235.08551	-1.2855027	184000	-7.1525574e-10	610.4193	-0.022634674	-128.44275	0.8115862	0.010770746	0.13975	0.05300947422161698	0.01684153919974014	79.0	546.5827198028564
46	635.36304	148.25058	1106.8746	393.5202	210.42105	199.42508	63.067844	237.6309	1.1231678	188000	-2.2649764e-09	491.2196	-0.022849565	-59.092712	0.8117422	0.010132711	0.14	0.0509044318087399	0.017524370005455987	79.0	557.4356713294983
47	858.0642	571.7555	2679.4827	268.39197	294.84616	213.52957	52.98824	238.75424	4.3378787	192000	6.3180923e-09	908.9773	-0.0051151514	-254.52863	0.79305923	0.01822718	0.21275	0.050389155298471454	0.018253532896207965	4.0	567.2261025905609
48	715.1285	200.45964	1352.0854	411.7914	232.0	202.2844	62.96595	240.7571	-9.594412	196000	-2.503395e-09	695.1829	-0.020433057	-163.18274	0.7932597	0.007736894	0.128	0.04683041252195835	0.014221918579855282	79.0	577.5792238712311
49	754.1524	132.61331	1018.04065	573.7776	240.5625	208.23593	61.373074	243.03189	-13.682102	200000	1.3351441e-08	585.8907	-0.021169772	-133.54459	0.7805469	0.0054150154	0.113	0.046303430814296005	0.017727689586858542	79.0	588.0553016662598
50	651.8639	190.36995	1111.2203	351.8602	213.44444	210.46756	62.672745	245.89131	-9.409476	204000	-5.2452087e-09	1371.2999	-0.022207534	-209.98523	0.7768425	0.0105452025	0.17425	0.04313864411786199	0.014781022474373906	79.0	598.4429116249084
51	758.0903	176.01405	1098.581	414.9107	244.0	207.45392	62.9983	246.68744	-0.14530826	208000	2.503395e-09	634.63074	-0.019223046	-163.38705	0.7770743	0.009052466	0.107	0.042692101020365955	0.01408076246923208	79.0	608.7503435611725
52	899.0791	313.03226	1682.4895	533.9781	297.53845	217.53737	60.164204	249.12898	4.6101484	212000	1.0728836e-09	501.9547	-0.0023579267	-105.304565	0.77320987	0.0150957	0.15775	0.04219005707651377	0.013110160703344436	4.0	618.6975345611572
53	765.67633	247.19641	1340.4155	490.1477	252.2	222.15396	57.79327	251.6006	0.1387949	216000	-1.3113022e-09	742.5859	-0.02163771	-257.10184	0.77278703	0.010294629	0.127	0.0405698268301785	0.011628148825309532	79.0	628.913577079773
54	601.68933	214.90472	1051.679	163.697	199.4	212.65698	62.505615	252.31456	-5.7449617	220000	-2.503395e-09	2215.4412	-0.022113096	-420.87158	0.7719998	0.008489728	0.15875	0.040229734759777785	0.011845883551107226	79.0	639.3160190582275
55	820.30817	412.28778	2236.7698	592.5676	269.2143	211.17358	62.503616	250.10625	-1.2507896	224000	-2.861023e-09	708.3971	-0.020899763	-266.758	0.75118846	0.013355789	0.14975	0.04011187279596925	0.011474892533160148	79.0	649.7705767154694
56	871.86237	205.03253	1317.1375	643.2075	281.92856	219.7973	59.96429	251.7797	-0.8061762	228000	4.23193e-09	605.96515	-0.023137206	-119.25604	0.73604566	0.0124921715	0.14475	0.04081511478871107	0.012442930672737943	79.0	660.1642906665802
57	773.7404	174.24959	1152.4678	552.4313	248.75	215.16553	64.95983	254.95497	-1.5005641	232000	4.6491624e-09	605.4962	-0.023293456	-126.6124	0.74097276	0.008072885	0.15375	0.039180587660521266	0.013119174086991701	79.0	670.5478820800781
58	1280.9038	822.1904	2793.4312	620.0403	438.8889	236.40292	50.349228	257.18506	3.8951552	236000	-6.3180923e-09	647.193	-0.022708671	-190.94452	0.71854913	0.01159864	0.14	0.04348981361836195	0.014356011988958332	79.0	680.8444380760193
59	775.27386	293.16153	1799.0138	595.6849	245.35715	225.00018	62.31172	261.76166	-3.5153232	240000	3.695488e-09	447.96902	-0.023591967	-90.80914	0.70543873	0.009278053	0.1265	0.03788967877626419	0.011329966883096043	79.0	691.0207440853119
60	763.87335	147.12936	1103.5724	578.93835	243.9375	221.60641	66.98237	264.64468	1.6072197	244000	4.6491624e-09	613.5244	-0.003422933	-146.68771	0.7068431	0.018539283	0.1995	0.038468253519386056	0.012503211311944935	3.0	700.8832256793976
61	1219.268	619.6097	2508.2217	586.294	423.0	240.55743	53.604034	265.53275	-2.122377	248000	1.2993812e-08	358.74094	-0.024181485	-71.76001	0.7063861	0.012198925	0.1335	0.03864006193354726	0.012327822122063998	79.0	711.1383094787598
62	1165.1979	588.93866	2504.5808	618.1845	398.8	241.1505	52.564896	266.80792	-1.1247025	252000	5.722046e-09	2353.0815	-0.008905574	-358.47766	0.7062516	0.0153363785	0.17825	0.04113685972988605	0.010497046197564338	12.0	721.0744912624359
63	850.04877	265.11954	1699.7738	609.7342	271.07144	221.62422	63.173016	265.85736	5.9972963	256000	4.7683715e-09	412.9888	-0.02260503	-142.79529	0.70531976	0.012509387	0.1295	0.03669296447187662	0.012486466799330399	79.0	731.3578460216522
64	911.78156	196.42592	1374.6685	627.1017	294.07693	228.32622	63.859898	268.44327	1.5382166	260000	6.0796737e-09	232.46188	-0.024576081	-39.03099	0.6967006	0.009998435	0.14075	0.038390027545392516	0.012812898137001608	79.0	741.5784075260162
65	1093.7303	571.8893	2727.238	663.10425	363.36365	237.39554	61.048378	270.55463	0.09200621	264000	-3.8146974e-09	223.37085	-0.022680772	-58.462402	0.6910201	0.010611116	0.14825	0.039606222938746216	0.012459076235957253	79.0	751.8405621051788
66	875.13544	262.26837	1666.339	617.3927	280.7857	226.69821	67.39185	273.19467	5.1229844	268000	-1.7881393e-09	222.04994	-0.025233652	-46.57846	0.69098306	0.014132084	0.151	0.037853156086057424	0.01302115582714516	79.0	762.2278144359589
67	910.29816	208.06114	1272.0743	630.50726	294.6154	230.45268	67.53402	275.02042	0.23303175	272000	-1.192093e-10	240.21786	-0.021511083	-47.116364	0.6788298	0.012999756	0.1555	0.03332001388072967	0.010259293248943072	79.0	772.5858674049377
68	945.587	198.3839	1457.7373	642.1641	299.07693	233.1145	65.63432	276.43073	-5.9668617	276000	-7.748604e-10	194.23065	-0.024358371	-56.525864	0.6756765	0.014289302	0.15175	0.03586842834018171	0.012142443682863954	79.0	782.8687658309937
69	795.687	137.71706	1065.7029	608.8553	249.375	224.58427	71.392525	278.76895	-1.5712695	280000	-6.198883e-09	188.98105	-0.021889951	-54.71675	0.6591009	0.011484303	0.1405	0.035072131156921385	0.01194244102529413	79.0	793.1119952201843
70	816.0323	149.6004	1153.0991	554.28625	255.33333	225.65306	70.04368	280.04654	-3.554625	284000	-3.5762786e-09	146.79796	-0.02355497	-35.909325	0.6553207	0.009532481	0.133	0.030369686521589757	0.008377825111240396	79.0	803.4228427410126
71	848.39294	221.72679	1303.8423	554.8653	266.14285	230.51413	68.84935	281.236	0.8492651	288000	7.1525574e-10	153.66054	-0.024260445	-39.398285	0.6603106	0.008927458	0.14875	0.0307049541734159	0.009380884095611074	79.0	813.693531036377
72	958.08795	310.7	1634.1774	629.0671	300.92307	235.17891	68.753174	283.14926	-0.024185658	292000	-1.3113022e-09	267.40823	-0.020972371	-59.604492	0.648818	0.010694736	0.132	0.02922475819475949	0.010976563717256199	79.0	823.96941614151
73	826.2738	159.39888	1105.4016	634.892	257.0	230.2075	70.35317	285.98862	5.6503315	296000	8.34465e-09	131.28197	-0.025235776	-29.605171	0.63052315	0.01425557	0.15025	0.02762354495935142	0.008367016231395652	79.0	834.2016561031342
74	933.24207	177.21478	1260.2836	640.45935	284.7143	234.19048	70.5326	287.17087	2.207747	300000	-1.3828277e-08	218.06116	-0.024169197	-86.48003	0.620806	0.0109831225	0.141	0.028013559207320213	0.008955831568251544	79.0	844.3250761032104
75	930.6774	342.8663	1750.4281	555.1322	296.76923	243.22403	68.64668	290.06897	-1.4366736	304000	-2.384186e-10	265.53537	-0.021692941	-101.58136	0.61787677	0.0074049802	0.15325	0.02795328253880143	0.008712863787795727	79.0	854.5196583271027
76	979.10895	202.85733	1331.5421	620.77594	300.69232	237.57869	70.235535	290.36072	1.5859594	308000	-1.5497208e-09	215.14131	-0.023189524	-94.4373	0.60751176	0.012117387	0.1375	0.02670084553770721	0.008179909832305312	79.0	864.7634525299072
77	810.6599	163.08354	1154.8477	614.20734	253.2	234.5055	73.4195	293.1364	0.92285395	312000	1.2516975e-09	160.48103	-0.022266494	-83.2534	0.5995417	0.011955399	0.157	0.02502778603695333	0.0075943062446650654	79.0	875.0151176452637
78	974.8009	223.79166	1376.9529	609.94885	299.07693	240.92058	69.751175	293.66534	-2.7612739	316000	-7.033348e-09	155.37341	-0.02577599	-55.105423	0.59635055	0.013311619	0.1535	0.025218472508713605	0.008067247743245019	79.0	885.171694278717
79	923.9847	201.01451	1339.9019	620.95514	284.5	239.80428	72.42696	296.1987	2.680862	320000	8.46386e-09	162.304	-0.023423655	-42.577812	0.58657366	0.009473946	0.1715	0.025054713934659956	0.007089194689180605	79.0	895.2770504951477
80	951.6008	160.55795	1356.642	730.8248	293.76923	245.8415	70.51924	297.3702	4.5373483	324000	-1.4781952e-08	80.77889	-0.022469508	-38.337456	0.5665671	0.011917385	0.144	0.02428566957823932	0.007990158294738562	79.0	905.6770536899567
81	1021.1186	172.91408	1413.5094	659.33923	311.16666	249.04826	69.222626	297.81973	4.388124	328000	3.218651e-09	124.66918	-0.027738793	-35.34076	0.5493261	0.00976383	0.17375	0.022237238362431525	0.00639590578809175	79.0	916.066202878952
82	1052.5981	144.7524	1363.6624	864.1588	321.27274	254.76859	67.94613	299.45984	-0.7031169	332000	3.3378602e-09	96.4424	-0.020045185	-27.374146	0.527758	0.015023491	0.1345	0.023745798198506238	0.00800831830986782	62.0	926.2842507362366
83	1063.8292	198.89198	1607.2799	819.7651	322.41666	253.72337	70.179016	301.26862	-4.8672585	336000	5.2452087e-09	91.11298	-0.022703294	-26.768387	0.5318418	0.010290926	0.16175	0.023319658394902944	0.007192125877134953	79.0	936.3676302433014
84	1141.6298	307.579	1740.988	837.34314	353.0	257.07956	69.46974	303.2261	2.8967595	340000	6.556511e-09	113.757034	-0.022784501	-26.319534	0.5315889	0.013907199	0.136	0.02271647725254297	0.006746446995070827	79.0	946.7190804481506
85	876.01074	227.04465	1375.2324	616.47766	267.5	239.04254	73.63579	304.411	1.7055097	344000	2.1457671e-09	144.475	-0.0035794606	-35.993324	0.5254056	0.018216517	0.213	0.023852478070184587	0.007564329988727175	3.0	956.4171094894409
86	1296.6086	459.6997	2273.8018	878.6726	399.22223	263.97342	63.535683	305.23416	1.0721188	348000	-1.5497208e-09	305.30716	-0.024762077	-115.59595	0.525	0.01509376	0.16875	0.024994337996467948	0.007536508509859861	72.0	966.3495903015137
87	1402.1149	577.62177	2820.0352	844.2337	443.33334	267.11496	62.62935	307.76157	4.2197976	352000	1.4305115e-09	247.03719	-0.02295773	-67.815765	0.5329889	0.004437165	0.149	0.0270625136513263	0.008421979014689277	79.0	976.3939130306244
88	1360.3673	497.94406	2470.0757	752.45856	414.44446	267.8033	64.71479	309.24734	2.2802591	356000	6.0796737e-09	172.30983	-0.021857062	-65.708206	0.5295678	0.011894167	0.15525	0.025986374961212276	0.006775104366297014	79.0	986.5749626159668
89	1054.1322	246.41374	1676.4811	613.17017	317.75	258.4665	73.458305	311.32724	0.86721087	360000	-7.152557e-09	95.7172	-0.025104478	-22.66674	0.53202504	0.011831146	0.16675	0.02624289793893695	0.008011636204805368	79.0	996.7973186969757
90	1176.676	240.84326	1638.237	740.985	351.18182	263.3707	71.043396	312.0796	3.4512773	364000	-1.3351441e-08	140.53183	-0.024615832	-39.389473	0.51606154	0.012951772	0.1585	0.027881710277870297	0.007675319600116988	79.0	1007.0498237609863
91	1088.6285	135.58871	1379.0077	826.6133	330.08334	260.8766	73.715096	313.78357	4.449026	368000	-4.768372e-10	145.27744	-0.023703478	-44.411667	0.4982363	0.007977965	0.16875	0.023898439826443792	0.007127789850122933	79.0	1017.266042470932
92	1095.4534	158.72191	1372.4784	848.9535	333.25	255.25047	73.66667	313.1243	-5.3793406	372000	7.152557e-09	61.61042	-0.008941116	-16.596436	0.47185725	0.0151295625	0.16675	0.021480210991576314	0.0068156458996126565	9.0	1026.9981644153595
93	980.7909	206.15503	1635.5945	813.3252	299.07693	250.71399	74.0389	313.06842	6.087348	376000	2.1457673e-08	124.41787	-0.0010258335	-30.96872	0.46881574	0.018401098	0.18725	0.01961093912832439	0.005744839265950986	2.0	1036.7208127975464
94	1013.9612	170.01572	1388.8313	720.68585	304.58334	250.98703	69.17338	313.06778	3.4143753	380000	1.1086464e-08	188.313	-0.025835285	-69.53775	0.46736458	0.014054469	0.18475	0.02177612816914916	0.006793145459556203	79.0	1047.0548779964447
95	1279.7297	630.4152	3007.6282	608.79663	388.5	267.7989	69.683495	314.08536	6.136776	384000	-1.0609627e-08	99.95693	-0.02545116	-24.36547	0.4655561	0.011244724	0.1655	0.02191828646697104	0.006314498725912128	79.0	1057.2275428771973
96	1301.4276	485.74173	2395.977	609.2583	393.1	267.58704	69.88133	314.59363	-1.5401154	388000	-2.861023e-09	143.0575	-0.023027765	-22.48922	0.45515472	0.015621439	0.18075	0.023148562526330352	0.006745971463067376	66.0	1067.3790006637573
97	1191.9598	357.39597	2195.4004	817.94794	355.36365	263.9152	72.54602	316.3156	3.4893756	392000	1.9550324e-08	110.9628	-0.0039811456	-19.42923	0.43172392	0.015901284	0.1315	0.02263158606365323	0.00698892931567531	2.0	1077.0461146831512
98	1589.1232	580.817	2478.5723	566.55597	480.0	286.4899	59.348515	318.3063	-4.195536	396000	1.9073487e-09	1435.1549	-0.0044119903	-83.61633	0.43121284	0.015244482	0.193	0.02231824119575322	0.006901174003432344	3.0	1086.7742760181427
99	1514.5752	365.57364	2044.5872	920.88367	452.25	281.48718	66.81867	319.61392	6.1340046	400000	2.3245812e-09	351.98514	-0.022577453	-142.31517	0.429815	0.014801124	0.1645	0.024336657421663403	0.009252154169633375	79.0	1097.3171753883362
100	1277.3796	245.73665	1675.6385	868.882	382.1111	276.3853	71.66645	323.26865	1.1809711	404000	5.4836273e-09	152.24098	-0.01913114	-40.660667	0.41854432	0.015127551	0.14675	0.022741137063130735	0.006231822602905492	41.0	1107.6837038993835
101	1356.309	194.41055	1777.8854	1141.105	404.1111	276.23676	70.52782	322.43106	3.7682037	408000	5.6028364e-09	84.08994	-0.0237412	-24.276459	0.4152276	0.013785768	0.181	0.02102892691269517	0.006535332654592418	79.0	1118.703287601471
102	1247.8694	494.02148	2363.2417	572.8339	378.2	274.7209	72.73125	323.5889	-0.38763666	412000	-2.4795533e-08	220.20322	-0.02466691	-110.764984	0.40372163	0.015137727	0.1675	0.023286470277234912	0.008011168613185954	59.0	1129.1368653774261
103	1258.1558	348.39307	2003.3563	651.835	378.7	272.88556	69.880516	322.97855	2.4266725	416000	-2.384186e-10	1264.0964	-0.005685844	-251.24811	0.39835745	0.015353188	0.211	0.022764262491837144	0.008765106055671467	8.0	1138.9240448474884
104	1295.5214	371.6651	2218.4497	799.32263	383.6	264.10144	67.172165	321.45023	3.778463	420000	-1.5974045e-08	398.00027	-0.013945642	-296.89792	0.39886227	0.0153733445	0.127	0.018579967953264713	0.006424808242125581	26.0	1148.858978509903
105	1628.3813	301.61005	2081.029	1163.7578	487.5	283.38022	68.658745	323.63885	-1.237823	424000	4.2915342e-09	85.72208	-0.024346	-24.730469	0.392765	0.011862783	0.1655	0.019348611896857618	0.005200077573911276	79.0	1159.808051109314
106	1400.0242	496.949	2401.4028	612.0186	419.1111	281.9673	67.49796	325.28223	2.1954417	428000	7.987023e-09	1402.3433	-0.0048174113	-87.17029	0.3837316	0.017886529	0.20475	0.019643079973757267	0.006980120631646281	3.0	1170.0943865776062
107	1023.8446	162.96587	1477.7859	824.8208	304.92307	255.16644	76.24954	321.90707	-6.2735586	432000	-1.1324882e-09	115.75886	-0.022015637	-47.97406	0.38334006	0.011614298	0.17675	0.020081011410802603	0.00662316770714928	79.0	1180.7235429286957
108	1035.0425	128.29077	1277.0302	877.0766	307.75	257.9008	72.26278	321.56717	3.2850275	436000	-4.2915342e-09	108.1837	-0.022926653	-30.445396	0.38110974	0.011959082	0.1585	0.017568910443224013	0.00524979119328817	79.0	1191.1879363059998
109	1035.7218	186.36775	1392.2468	698.41504	305.58334	260.1741	71.87757	322.99332	1.2159574	440000	9.536743e-09	112.32676	-0.026158182	-44.075157	0.36934245	0.013957646	0.189	0.01735578607302159	0.0052886438164564085	79.0	1201.3721663951874
110	1269.2512	319.1833	2116.0212	949.7384	373.1	272.42932	69.86866	323.7882	5.7714295	444000	2.384186e-10	133.2104	-0.008648792	-33.18582	0.36703098	0.015474197	0.18125	0.01708922968711704	0.005619068303678253	9.0	1211.2600650787354
111	1118.745	207.35246	1467.1876	748.65155	330.66666	267.29413	73.69049	325.3601	5.6924872	448000	4.7683715e-09	165.18292	-0.023719678	-69.69498	0.3672038	0.010268088	0.16825	0.01569783633109182	0.00519890184753977	79.0	1221.8456919193268
112	1326.3174	258.59915	1903.9349	1008.4902	389.4	270.8611	71.64553	324.68036	6.1150236	452000	-4.529953e-09	120.86685	-0.013225212	-67.45542	0.34957504	0.015383764	0.14575	0.016028659781441093	0.00485291357620701	14.0	1231.8999495506287
113	1121.1238	135.42252	1378.781	915.2992	330.0	268.9531	75.022934	327.09595	6.495962	456000	-2.2649764e-09	88.58464	-0.025465036	-45.47604	0.3455775	0.014209417	0.19475	0.01544202326796949	0.004750633408784003	79.0	1242.2225029468536
114	1182.9102	341.08444	1778.8694	653.9547	349.72726	269.17212	73.401276	326.33926	3.2822285	460000	-1.4305114e-08	133.71967	-0.026511045	-40.83909	0.33795258	0.0146307	0.182	0.014641122003085911	0.00490124823654722	79.0	1252.662652015686
115	1108.2821	311.64322	1720.0479	653.29175	329.83334	263.8835	76.80297	327.1814	4.373978	464000	-8.3446505e-10	163.68744	-0.025170676	-42.61058	0.32378596	0.015713267	0.20475	0.015920384963974358	0.004827317711245503	47.0	1262.6973917484283
116	1211.2675	237.8328	1512.4073	837.5181	356.36365	265.70886	72.82571	326.93042	-1.512063	468000	7.867813e-09	117.68775	-0.0024241202	-73.65386	0.3116312	0.016689884	0.18525	0.014474575892090797	0.004394584424406309	2.0	1272.6914157867432
117	1458.3307	343.95197	2200.4988	1026.542	430.1111	281.5891	69.23492	328.00623	0.14935493	472000	1.0848045e-08	213.11661	-0.022575645	-63.463196	0.31122425	0.01393067	0.154	0.014727559769526125	0.005565455146770388	79.0	1283.267314195633
118	1315.1965	190.0133	1594.2507	919.6215	387.3	277.2047	71.37205	327.94788	8.368168	476000	-1.6331672e-08	132.95961	-0.025291946	-36.720085	0.31701466	0.0106142415	0.16225	0.015124537190422416	0.006021996214977455	79.0	1293.6754722595215
119	1027.7717	397.05966	1538.073	146.04402	307.07693	273.15576	69.206245	328.25436	-6.451856	480000	2.1457671e-09	2260.3284	-0.0040624365	-464.02686	0.31466466	0.020296143	0.26175	0.016644848180003464	0.005216083601581375	3.0	1303.6841402053833
120	1501.74	640.7475	2778.5522	813.3221	445.875	273.29788	70.50232	326.8545	5.5299716	484000	1.0371208e-08	384.54895	-0.024342593	-281.11456	0.31451955	0.012881679	0.14925	0.01668990767095238	0.0058665113895012425	79.0	1313.9444386959076
121	1317.2872	409.08896	2031.978	912.64526	389.55554	280.2788	68.544785	329.7416	2.7787519	488000	1.4781952e-08	146.57426	-0.022960646	-75.899994	0.30544356	0.015060727	0.14775	0.016853989255614578	0.005409630410699849	59.0	1324.6265769004822
122	1473.0874	680.18524	3235.0247	928.7889	441.1111	279.82297	72.20788	331.6148	3.4552867	492000	6.437302e-09	96.67078	-0.0281662	-51.22242	0.29680648	0.011042608	0.154	0.016415749485604467	0.005321574050928885	79.0	1335.1142687797546
123	1543.6881	583.20135	2895.7573	987.6851	456.25	281.21643	65.06577	331.25894	5.7555385	496000	-7.1525574e-10	102.65337	-0.020265335	-54.20475	0.29172724	0.011509275	0.14125	0.016669012177735566	0.005615967299223509	79.0	1345.628947019577
124	1472.836	328.87976	2180.9658	1107.432	430.1111	281.21506	71.3184	332.80072	-7.7108984	500000	-1.0967255e-08	76.7414	-0.023327118	-34.178036	0.28663492	0.0103188595	0.15925	0.01425984060857445	0.0044845149119330735	79.0	1356.1693563461304
125	1697.8363	503.05096	2675.822	912.86414	493.875	291.1579	68.51018	335.47803	6.0138984	504000	-9.536743e-09	86.63668	-0.0019743387	-21.54969	0.27286652	0.017127318	0.22525	0.017000141264870764	0.005530700294381202	2.0	1366.1691491603851
126	2044.5924	613.9217	3131.532	1436.4087	645.6667	308.53238	49.59479	338.49133	3.348723	508000	-5.841255e-09	2077.5486	-0.0042721266	-1297.7498	0.27271703	0.015154914	0.176	0.017967772255651653	0.005666164282117691	2.0	1376.216274023056
127	1449.4926	655.5329	2850.1018	602.1859	487.25	285.5077	48.43164	334.80246	9.946325	512000	4.7683715e-09	4931.711	-0.008286786	-1904.427	0.27298033	0.017133227	0.1465	0.018755939179100095	0.006705662363642569	4.0	1386.4127135276794
128	2189.6611	751.09357	3199.5735	1133.0789	665.6667	251.41147	42.617508	310.14868	5.9757314	516000	-1.5377998e-08	3587.018	-0.013388752	-3016.3145	0.27280378	0.01523122	0.09125	0.02020711626857519	0.005660069440327304	21.0	1396.7035586833954
129	1665.025	715.8284	3103.105	810.80914	510.2857	288.60968	59.82211	339.19678	-9.372576	520000	-9.536743e-09	1017.19836	-0.026702732	-390.75946	0.274147	0.004874361	0.161	0.020858446252532303	0.0059817164831844575	79.0	1407.4093623161316
130	1416.915	980.4487	3258.7688	721.72864	429.33334	280.71124	69.81876	338.2783	-2.9806447	524000	1.9550324e-08	390.7394	-0.025746489	-214.66861	0.26332924	0.011425315	0.14325	0.0196257621049881	0.005018454260064706	79.0	1417.8482644557953
131	1031.7885	291.1562	1680.9321	709.0204	301.46155	255.34009	74.38325	337.83728	4.680871	528000	1.502037e-08	201.71707	-0.009273545	-116.51385	0.26380193	0.015314059	0.19775	0.0189575629029423	0.005176945537664873	9.0	1427.809693813324
132	1806.7059	975.2387	3305.8762	754.294	537.1429	301.95975	60.02794	338.7051	-1.0319009	532000	1.5497208e-09	121.84686	-0.024954408	-62.53434	0.26287973	0.010605901	0.16025	0.016356388032436373	0.005171741785208326	79.0	1438.1557912826538
133	1427.408	416.46317	2091.7253	880.80774	416.44446	287.01572	72.20061	340.9425	-1.4701033	536000	-2.6822091e-09	120.77599	-0.026958546	-71.92353	0.25430033	0.012267346	0.1845	0.01842533204238862	0.006942360495785147	79.0	1448.0640876293182
134	1431.8052	355.48975	1980.2753	972.4806	422.0	285.51248	70.10182	340.83258	4.16059	540000	-1.3113022e-08	747.1708	-0.024819538	-377.86234	0.24496065	0.010873412	0.19625	0.015929558193311096	0.006867332327652332	79.0	1458.2652373313904
135	2793.7266	538.0664	3223.0068	1872.3977	860.0	306.1355	41.738716	339.83688	7.721606	544000	-3.0994416e-09	317.95166	-0.02190485	-182.00757	0.22982489	0.015005459	0.13775	0.016647101468406617	0.005592136180901482	49.0	1468.2923529148102
136	1711.8594	781.46606	3202.7734	903.7668	513.3333	304.77463	58.949955	340.61072	0.4715767	548000	-2.026558e-09	106.81264	-0.008264374	-53.477585	0.22006541	0.016519995	0.198	0.015194324143230915	0.005126891487370466	7.0	1478.169873714447
137	2272.5	1006.90674	3216.0159	907.5515	690.0	314.33643	46.690292	340.733	2.5464048	552000	-1.7881394e-08	133.48328	-0.023646973	-54.827293	0.21994875	0.0114422375	0.13225	0.015227969135157764	0.005569022223009399	79.0	1488.4071049690247
138	1969.3888	868.2762	3165.7866	977.3579	587.8333	302.21255	59.219112	341.38342	4.7755065	556000	3.8146974e-09	176.48827	-0.022176465	-114.73984	0.21880183	0.008236339	0.12675	0.015878801080398262	0.004799089855909941	79.0	1498.7352883815765
139	2549.558	870.73413	3306.5393	1479.4484	759.2	316.91147	46.142376	341.36948	7.595253	560000	3.8146974e-09	73.04473	-0.021401579	-33.59512	0.21523853	0.015266993	0.15525	0.01590553140733391	0.005853404405368257	47.0	1508.7107117176056
140	1848.7068	941.6688	3331.2842	986.3034	547.0	306.36606	61.437794	342.9566	-6.9805713	564000	1.0251999e-08	73.380936	-0.027521096	-28.553627	0.20210604	0.010836561	0.171	0.015802991492673755	0.005216045978643325	79.0	1518.85178565979
141	2532.4778	871.3952	3291.4734	1442.3226	752.4	318.6794	47.6674	343.02502	-3.8777628	568000	-4.684925e-08	42.332508	-0.029818313	-13.685818	0.18460679	0.012264143	0.20025	0.014820816405117511	0.004196536334285268	79.0	1528.826599597931
142	1396.7258	361.94724	1848.0776	911.3369	405.1111	290.44162	73.383446	344.52075	-5.763803	572000	1.9073486e-08	92.097206	-0.026478216	-49.216408	0.1674832	0.013764012	0.1735	0.014021730907261372	0.0050207121774714075	79.0	1538.9466264247894
143	1795.168	932.7477	3399.7117	826.02783	522.0	298.64548	63.87166	343.82312	2.516173	576000	-9.894371e-09	74.989555	-0.027767457	-34.845554	0.16620255	0.009499022	0.172	0.013690426759421826	0.004600947331567975	79.0	1549.0013134479523
144	1776.9705	830.3393	3328.2815	888.66516	518.8571	303.1502	64.077354	344.89725	6.56019	580000	0.0	54.45902	-0.022637337	-22.638058	0.15876499	0.010498844	0.13925	0.013245242740958929	0.005862549701216146	79.0	1558.969562292099
145	2415.591	771.9569	3297.1467	1270.0214	706.4	316.1157	54.998695	345.07065	8.674757	584000	-2.5749207e-08	29.919937	-0.023548527	-8.181171	0.15628035	0.011606155	0.15075	0.013738998644985258	0.005725267690231207	79.0	1568.910038471222
146	2401.8481	814.65955	3315.4072	1143.97	703.4	317.82303	53.253296	345.71304	4.4628778	588000	4.4107438e-09	52.730576	-0.023692394	-14.009533	0.14864793	0.0088444	0.14575	0.011995059503242374	0.004586079591799349	79.0	1578.761343717575
147	1569.6152	863.6081	3459.0374	928.67065	454.125	292.92978	72.37509	346.2363	-0.42336226	592000	-1.2159347e-08	79.71789	-0.023770906	-45.50596	0.1438946	0.014243944	0.16325	0.012875410546548664	0.004508721509895558	79.0	1588.8409423828125
148	1638.4791	701.50323	2968.8	1064.3057	474.42856	300.12607	66.55084	346.28885	1.120336	596000	-1.45435335e-08	44.683056	-0.02557637	-11.234581	0.14639859	0.010131616	0.1535	0.011263528461568058	0.0036777887290131983	79.0	1599.0297920703888
149	1715.1072	542.3558	2614.5806	1142.0361	495.375	293.3078	70.329346	346.52484	7.4557104	600000	-2.861023e-09	45.97266	-0.02449883	-21.51065	0.12928891	0.0068479106	0.17925	0.012529264357872306	0.0042322592844528115	79.0	1608.994924545288
150	1344.4504	605.24304	3069.6882	926.61584	389.1	284.08713	75.09524	346.70615	-11.01837	604000	-2.9802322e-08	58.08533	-0.0001275003	-23.652527	0.103193685	0.021691762	0.287	0.011112460382282734	0.0038545604084637675	2.0	1618.6150813102722
151	2038.8317	560.30493	3220.1375	1573.792	612.6667	311.85187	56.52874	346.66785	1.386745	608000	3.3378602e-09	735.7016	-0.0075892243	-399.73334	0.10292187	0.015319118	0.15975	0.012109863990917801	0.0041326507131227925	7.0	1628.290559053421
152	2698.7354	659.34375	3414.6426	1969.6108	796.25	315.00024	47.975765	345.63736	6.5556426	612000	-7.033348e-09	109.31735	-0.024763087	-80.29191	0.10287603	0.0131627945	0.17325	0.0132916178740561	0.00385191248106689	79.0	1638.2486259937286
153	2103.633	1018.29504	3303.809	928.7726	624.0	313.43707	54.764072	346.32635	-1.4516196	616000	1.001358e-08	63.981445	-0.023449017	-25.342148	0.10013343	0.012654173	0.1425	0.012572590592317284	0.004087598025241218	79.0	1648.3818144798279
154	2266.8184	755.8393	3319.8894	1487.2719	662.8333	309.43478	59.857624	346.52563	8.864506	620000	-3.194809e-08	75.34936	-0.0013511115	-31.243107	0.09137805	0.016153872	0.178	0.012743828701786697	0.004115736472473445	2.0	1658.0821161270142
155	1810.3606	976.308	3331.293	927.42444	526.8571	304.4655	65.82722	346.848	-1.7269397	624000	-8.3446505e-10	65.98496	-0.025025027	-25.450222	0.09164791	0.008628248	0.1525	0.012532505337148905	0.0048573218234136736	79.0	1668.7270991802216
156	1845.543	938.03265	3339.8794	930.19006	537.4286	305.89282	64.54707	347.86673	-9.457317	628000	3.838539e-08	45.65598	-0.025786169	-14.402658	0.07172883	0.0135224955	0.16875	0.012044314295053482	0.0036000140072865276	79.0	1679.5202178955078
157	1315.9532	511.459	2436.4973	894.79407	379.0	288.53745	70.0407	348.43387	2.9919667	632000	1.0490417e-08	270.08777	-0.023118041	-160.15878	0.059242055	0.007811646	0.146	0.011556082530878484	0.005079926310940124	79.0	1689.8822131156921
158	1500.3413	784.78925	3487.8442	938.23224	431.55554	286.8098	72.65018	348.39066	-14.163557	636000	-2.9802323e-09	143.6965	-0.0025120776	-55.18023	0.058601297	0.021058254	0.24775	0.01215695898514241	0.004504999570374123	2.0	1699.8665380477905
159	1722.0621	1047.1117	3359.3186	748.29553	509.14285	311.2264	58.821762	349.26044	3.9033523	640000	-1.2874604e-08	150.5009	-0.023334032	-106.82483	0.05829569	0.004771208	0.135	0.010683488950598985	0.0034321809751061043	79.0	1710.244547843933
160	2222.5225	1042.4358	3339.9236	979.18665	661.2	320.9103	47.530655	348.38962	10.853994	644000	-3.9339065e-09	147.5622	-0.025268434	-62.819443	0.04526989	0.010949428	0.15575	0.011350780525244773	0.004926597995982587	79.0	1720.5473957061768
161	1446.3739	852.9573	3335.4446	892.7251	424.25	294.00168	72.20561	347.80234	8.813467	648000	-4.053116e-09	182.41437	-0.025095912	-127.319664	0.047581356	0.010654566	0.17325	0.012366756931878626	0.0044759362689986105	79.0	1730.9853398799896
162	2266.9604	1048.7079	3368.8643	1001.5651	668.2	315.49655	54.837246	349.15863	-5.3323207	652000	4.6610833e-08	105.76129	-0.0035039957	-59.495182	0.041304667	0.016641341	0.2	0.012116035586223007	0.003960733289910499	3.0	1740.835605621338
163	2200.0964	1100.2683	3331.8994	922.0733	663.0	322.964	51.674343	350.13837	8.436256	656000	3.33786e-08	109.48231	-0.0064282906	-68.86801	0.041474424	0.01557256	0.199	0.011628423184156418	0.003457989768534095	6.0	1750.7986409664154
164	2263.0479	732.7865	3366.6448	1027.6605	655.1667	308.26587	65.104866	349.65445	20.386253	660000	-1.835823e-08	238.2264	-0.01589902	-179.3299	0.039350193	0.015069967	0.14975	0.011912598726339638	0.004243745559508054	34.0	1760.9280750751495
165	2225.9287	587.89825	3329.142	1677.3555	648.0	318.8006	56.604332	350.28952	6.592242	664000	2.9802322e-10	71.017784	-0.023161182	-39.268143	0.027581217	0.011896126	0.15125	0.012957032222766429	0.004199158022787884	79.0	1771.2570152282715
166	2819.829	626.9203	3495.9854	1967.951	821.75	328.43307	47.082466	350.4554	1.826128	668000	-6.3180923e-09	92.72168	-0.004700879	-39.477093	0.024837412	0.015511751	0.216	0.011986029928084462	0.0042866132364035164	3.0	1781.080049276352
167	1655.8536	729.1469	3353.6013	984.7651	481.0	306.42993	65.54797	350.80426	-9.099577	672000	-7.629395e-09	107.08794	-0.021717153	-49.77032	0.025001768	0.015106216	0.17225	0.011503155282698572	0.003397173884744613	69.0	1791.29625415802
168	1943.8463	542.76373	2690.1826	1075.6782	556.3333	306.74957	63.259464	349.95703	7.6944084	676000	-7.390976e-09	48.047867	-0.0083584385	-22.777054	0.012610396	0.015171771	0.195	0.011335118575952947	0.003734217367803145	6.0	1801.129422903061
169	1707.9867	550.88293	2870.5645	965.44763	490.25	300.11026	70.08078	350.7533	3.2794628	680000	-3.33786e-08	105.929695	-0.024357477	-46.919365	0.009875178	0.007979706	0.17475	0.01181758573744446	0.004241196248164111	79.0	1811.3910722732544
170	1230.7783	482.87576	2352.1118	658.69183	357.4	284.4745	76.51593	349.82184	-5.477816	684000	-1.3589859e-08	139.1649	-0.025293767	-55.949936	-0.0021139781	0.012890501	0.17475	0.010501646818593145	0.0032150863799263385	79.0	1821.6106424331665
171	1679.436	582.4223	3094.5552	1212.5779	481.25	292.31845	71.71205	348.59818	6.8376207	688000	4.7683715e-09	59.351192	-0.016299935	-33.46261	-0.0055567822	0.015981937	0.1585	0.010825275471433997	0.003676886435077354	18.0	1831.392849445343
172	1244.9452	300.41162	1813.6892	906.1246	360.27274	281.25424	75.85442	349.4349	-0.0810709	692000	-1.4424324e-08	133.51584	-0.0214425	-66.15309	-0.014410735	0.014849817	0.18375	0.010388975818641484	0.0036400404372322905	79.0	1841.7201170921326
173	1712.0205	642.71985	3202.509	934.24615	492.875	294.7001	68.591484	348.59018	2.174419	696000	-1.45435335e-08	137.68825	-0.021950016	-45.564735	-0.01966572	0.015094875	0.15975	0.010310912106651813	0.003827344959569322	44.0	1851.7522644996643
174	1654.2471	260.89578	1913.4666	1176.1587	474.25	293.81256	71.66337	349.9925	-6.247269	700000	-9.536743e-09	114.17477	-0.0085611	-55.810734	-0.025124472	0.015302452	0.21175	0.009544675503857434	0.0035564442640729	5.0	1861.461528301239
175	1865.055	732.7355	3368.7268	1157.6771	542.5	310.85544	62.745213	349.54263	0.41231537	704000	2.503395e-09	51.701668	-0.023498854	-24.81491	-0.02634259	0.010565195	0.14925	0.010308903204277157	0.003644921227405943	79.0	1871.7089591026306
176	2109.98	968.9961	3377.9968	974.77826	618.1667	319.69247	56.297173	350.76447	13.627578	708000	-5.3048135e-09	48.32699	-0.025006762	-23.954565	-0.025610564	0.007926856	0.16275	0.00911531489342451	0.0030988339019503075	79.0	1881.9290339946747
177	1201.8726	859.05676	3221.8389	95.83472	352.18182	289.83606	70.411865	352.98456	-1.8187737	712000	4.2915342e-09	1929.5763	-0.01715543	-660.86914	-0.044908088	0.011467026	0.15025	0.007593340743333101	0.002791086689219136	79.0	1892.4953880310059
178	1373.1355	621.3488	3064.6323	676.5193	397.2	278.37064	77.11933	350.0693	-16.301073	716000	1.45435335e-08	331.37756	-0.0036265214	-261.2182	-0.040777687	0.016703686	0.12575	0.009078428479842842	0.003595294719265764	3.0	1902.7390372753143
179	1150.5371	236.25343	1607.4742	839.01556	332.83334	265.89923	78.9374	348.21118	2.4754586	720000	-9.298325e-09	203.66006	-0.013167585	-104.330376	-0.0413053	0.015394163	0.18275	0.008824634912889451	0.0029593977839334476	17.0	1912.9005064964294
180	1842.8131	528.73914	2831.6868	1132.7964	531.2857	300.51895	67.662674	351.71378	-13.534187	724000	-1.37090685e-08	88.69302	-0.025938025	-52.92016	-0.04368274	0.011595471	0.17925	0.009818598846904933	0.003625158852911014	79.0	1923.4143733978271
181	1695.9048	485.56964	2750.6982	1030.8315	488.625	296.47345	71.89161	352.8396	7.008235	728000	-1.7881394e-08	98.67528	-0.02259366	-39.077198	-0.041943274	0.015296503	0.185	0.009541723763104528	0.0036742333589038644	48.0	1933.6777966022491
182	2130.3079	509.06406	2740.6628	1147.0856	614.1667	303.06763	67.429985	350.91565	6.349478	732000	-2.2649765e-08	67.55095	-0.023009812	-22.97329	-0.052706793	0.007723705	0.172	0.009451134752016515	0.003873036906829132	79.0	1944.044028043747
183	1788.1094	707.8265	3378.7095	1243.6077	519.1429	305.93393	65.46802	350.85342	11.960663	736000	0.0	39.6308	-0.022948971	-11.458132	-0.067867234	0.015327161	0.1615	0.010504889953881501	0.004796702084826948	59.0	1954.339602947235
184	1633.758	373.58444	2228.98	1001.5306	472.125	298.27884	73.00001	352.2023	2.732386	740000	-2.3126603e-08	94.019485	-0.02978587	-48.958267	-0.06886573	0.01077611	0.189	0.009295604010112583	0.0031971985518692188	79.0	1964.584465265274
185	2728.045	730.7814	3373.9094	1592.7648	799.5	328.2178	41.35208	350.47437	11.084248	744000	-2.2411346e-08	64.35273	-0.018308038	-49.300423	-0.08892684	0.015426776	0.14975	0.010310492857825012	0.004129458365249816	33.0	1974.8114128112793
186	2225.4841	864.6978	3405.875	1308.3545	645.8333	317.6415	61.64938	352.26776	8.595688	748000	-2.0503998e-08	95.149155	-0.016639175	-72.7146	-0.10041467	0.016370136	0.19475	0.009541480741463602	0.003215075255470423	18.0	1984.8715164661407
187	2613.7996	688.70233	3413.372	1741.4628	770.8	330.51575	43.87663	352.65646	14.0737095	752000	-2.4795533e-08	1587.3801	-0.004810175	-194.17139	-0.109616086	0.021139348	0.26825	0.009722737940028309	0.0033882258912923775	2.0	1994.826753616333
188	1501.2242	353.29745	2311.721	1106.4429	431.1111	283.48456	75.2582	343.07788	-3.4593978	756000	-6.6757204e-09	120.474785	-0.021852672	-89.988556	-0.110919915	0.015112888	0.17075	0.00918695097323507	0.0030393476967708207	59.0	2004.8535029888153
189	1608.8756	375.6537	2448.2322	1112.6542	464.25	295.23657	70.853264	345.6369	-0.64165926	760000	-1.3887882e-08	77.22005	-0.0013049473	-35.809433	-0.13036446	0.019104593	0.21575	0.007330409795977175	0.002734664261454497	2.0	2014.594874382019
190	2075.8215	701.96857	3365.0645	1422.1241	607.3333	314.43393	55.620575	348.20923	2.4622817	764000	5.2809714e-08	1434.8783	-0.0047557717	-244.7843	-0.13057646	0.01830221	0.20575	0.008612327550072223	0.0031542612213864064	2.0	2024.2696287631989
191	1258.742	142.61691	1463.7662	1023.9275	362.72726	278.97458	76.73527	346.59134	-5.1026597	768000	1.9073486e-08	98.92308	-0.0033599748	-72.38994	-0.13128452	0.015963733	0.19125	0.009318694197572768	0.00297512492696071	3.0	2033.8918762207031
192	1698.627	700.7673	3347.9722	1142.2183	486.42856	294.6306	68.42078	345.89258	4.916663	772000	1.001358e-08	79.94256	-0.02079148	-53.777523	-0.1319598	0.015266525	0.18125	0.009559134053997696	0.0037111462267730086	57.0	2043.8233411312103
193	2122.6084	492.27505	2831.0242	1623.6573	605.5	305.1423	67.29591	350.4474	0.68071365	776000	2.2768974e-08	43.947147	-0.023769086	-14.403923	-0.13412447	0.0114068	0.15575	0.008493820396251977	0.003123007510834817	79.0	2054.0623989105225
194	1734.677	260.69208	2221.038	1377.7203	499.125	300.7965	70.92173	353.10654	7.305912	780000	-1.5109778e-08	103.25097	-0.02340579	-58.023773	-0.14114158	0.015915627	0.16225	0.00878023580648005	0.003736292356941837	66.0	2064.162750005722
195	1515.1346	380.21533	2260.1082	1079.059	436.0	288.8147	73.53153	350.07068	4.5742993	784000	3.33786e-08	44.829914	-0.0005141153	-13.301474	-0.15519094	0.020157969	0.2325	0.00902613930637017	0.003542990788666353	2.0	2073.8504750728607
196	2087.5728	579.0464	3164.7712	1455.784	600.4	310.76074	61.998856	352.27417	-9.617821	788000	-9.6559525e-09	46.254807	-0.010683678	-21.262827	-0.15570265	0.015608935	0.17375	0.008222920701373369	0.003140746305625579	10.0	2083.6139602661133
197	2792.185	674.58276	3371.1729	1720.5461	816.0	331.31882	43.94007	355.4218	16.032103	792000	-3.9696694e-08	25.49912	-0.026096517	-19.666498	-0.15694061	0.012209039	0.16125	0.008074065891560168	0.003118810641196708	79.0	2093.9140090942383
198	2248.9915	831.8899	3397.5842	1419.069	656.1667	321.7383	57.264606	358.62723	2.5773816	796000	6.198883e-09	34.999733	-0.0025705716	-12.564999	-0.16746159	0.016000703	0.234	0.0094737689755857	0.00433539826972942	2.0	2103.8241741657257
199	1319.5554	262.6657	1742.1113	891.92035	380.5	284.02963	76.16171	356.7432	-0.61360455	800000	1.0490417e-08	80.07575	-0.010988444	-32.355038	-0.16740021	0.015238965	0.1755	0.010173156713135541	0.004476434536939291	11.0	2113.82910490036
200	1645.1152	469.8154	2309.1797	924.80023	472.7143	297.6789	67.768166	354.6356	6.913355	804000	1.9431114e-08	61.528454	0.0004426299	-23.775127	-0.16974714	0.016296994	0.2135	0.00921329868491739	0.0031786868145905227	2.0	2123.8812725543976
201	2467.4573	896.8356	3356.3718	913.5248	723.6	324.19003	52.096798	356.5261	4.034356	808000	-5.00679e-09	1514.001	-0.0055202907	-268.2129	-0.17038825	0.020611687	0.24525	0.008695451929233967	0.0034525532506483234	5.0	2133.8178787231445
202	1309.051	528.62115	2359.7114	755.2855	378.3	285.171	72.86873	350.51694	-3.402214	812000	-2.5749207e-08	111.847176	-0.002184454	-59.089336	-0.1709291	0.022838313	0.3075	0.008457005189266056	0.003481355830136027	2.0	2143.7976775169373
203	2619.1091	589.0661	3389.4634	1825.2325	758.0	316.44608	56.466892	352.0481	11.627027	816000	1.7166137e-08	73.00288	-0.0022754804	-43.28247	-0.17145403	0.01664037	0.165	0.009748262017965317	0.0041834158876361514	2.0	2153.692071914673
204	2291.4634	699.6469	3385.5315	1430.2694	658.6667	312.83713	61.086853	355.772	2.3746376	820000	1.835823e-08	88.21048	-0.016199749	-69.32844	-0.17138866	0.015382296	0.177	0.009615059709176421	0.004835455147414025	22.0	2163.369358778
205	2971.4016	500.50018	3380.1995	2118.3792	859.5	329.3443	47.340866	356.57672	-4.922676	824000	2.1457671e-09	97.25987	-0.017897313	-67.97195	-0.17144513	0.015493711	0.14075	0.00852222157176584	0.0029777673375969444	27.0	2173.1324455738068
206	2400.0608	777.3874	3380.8635	1377.6709	690.4	318.8468	61.005962	356.24646	1.925437	828000	9.536744e-10	151.67497	-0.0006641614	-104.74657	-0.17697755	0.01739293	0.206	0.009060840902384371	0.003583896808944668	2.0	2182.7531621456146
207	3061.748	612.00854	3498.1042	2005.5199	892.0	334.03534	42.00294	358.01758	7.4375997	832000	-1.001358e-08	16.533422	-0.027890258	-9.613623	-0.17825617	0.011644753	0.177	0.009084117028396576	0.003602895283122916	79.0	2192.984214782715
208	2715.884	723.4748	3380.735	1562.3018	789.8	329.84174	50.169838	357.86847	7.15052	836000	2.5987624e-08	38.660404	-0.0045605632	-27.068127	-0.20731589	0.020078165	0.2405	0.008481825867202133	0.003475284058835754	2.0	2202.8247866630554
209	2500.9568	517.85815	3444.0205	1874.4857	717.8	317.86884	59.602085	358.26062	2.5693865	840000	-1.7881394e-08	33.83349	-0.0076281214	-23.326519	-0.20725928	0.015366212	0.17375	0.008232023795135318	0.004566543804262647	8.0	2212.577619791031
210	2243.636	655.95074	3076.7112	1221.4432	640.0	318.95612	60.448875	359.65173	7.257014	844000	3.3378602e-09	42.58803	-0.003693583	-23.498356	-0.2095577	0.015623189	0.27525	0.008983538462780416	0.0035574935432410052	3.0	2222.3790879249573
211	2642.4148	633.1745	3360.3555	1528.324	778.2	331.62088	46.242027	358.3201	8.574118	848000	-1.7881394e-08	3130.094	-0.008334509	-495.32935	-0.2103823	0.025091773	0.2975	0.008763575002085418	0.003970962730786152	2.0	2231.9984884262085
212	1364.7542	206.44518	1768.4775	979.227	390.5	282.61826	73.808304	343.76523	3.713839	852000	-3.9100648e-08	159.80135	0.001010569	-114.67142	-0.2105226	0.015717918	0.21825	0.008185391440056264	0.0035458431082076775	2.0	2241.826037168503
213	1052.3074	117.06186	1263.4979	911.4764	304.46155	265.1942	81.443275	340.75336	-9.930649	856000	-4.339218e-08	102.44753	-0.02396906	-46.38689	-0.21088523	0.013205888	0.19	0.008464319191407412	0.003039157802703997	79.0	2252.098109960556
214	1186.8867	173.90117	1567.9113	915.8202	338.9091	272.73438	74.10935	340.68057	-3.583302	860000	-3.218651e-08	70.53535	-0.021431657	-33.926147	-0.214132	0.01514075	0.16325	0.008565187379717827	0.003946072715016448	51.0	2262.175492286682
215	965.4818	276.8327	1352.5933	87.91094	281.42856	266.9529	79.45419	344.22668	5.5661235	864000	-1.1086464e-08	876.29144	-0.005842428	-179.23279	-0.21349055	0.019062085	0.247	0.007203353873919695	0.0028914059560276166	3.0	2272.0475420951843
216	1248.979	131.90335	1550.4926	1001.60034	360.63635	273.63586	76.07741	343.05222	7.4943385	868000	2.026558e-08	108.47765	-0.0025226453	-54.043873	-0.21345587	0.016179346	0.23975	0.008342888348270208	0.003290100089638399	3.0	2281.7929923534393
217	1365.7756	103.47662	1502.0009	1194.9288	391.4	281.12912	75.33965	349.06195	-0.11411095	872000	2.2053719e-08	60.808254	-0.020002645	-34.443665	-0.21391596	0.016596567	0.18575	0.006640638201497495	0.0026384672790047514	47.0	2291.919893026352
218	1548.3922	303.39563	2046.719	1193.4142	444.44446	289.4384	75.92994	353.387	1.850688	876000	7.152557e-09	51.892826	-0.0058350367	-16.083641	-0.21655485	0.015782224	0.21275	0.007446467974223197	0.003136910456312466	6.0	2301.7388219833374
219	2136.8618	656.42786	3312.067	1543.8516	623.4	313.2663	58.25301	359.2479	8.934633	880000	3.8146972e-08	39.915398	-0.001963069	-17.902306	-0.21827	0.016515896	0.2355	0.007995627780910581	0.0033531545902757256	2.0	2311.501814842224
220	2600.2207	715.15826	3321.4993	1742.7522	765.6	325.6205	48.90167	361.3889	9.830767	884000	3.8146972e-08	37.726307	-0.0075333915	-21.276474	-0.21882868	0.015215796	0.13325	0.00828077993588522	0.002858162502111937	5.0	2321.2019011974335
221	2594.05	717.083	3344.536	1716.2112	759.8	323.62854	50.0287	359.92334	-18.036934	888000	-1.1920929e-09	34.301525	-0.00038703548	-19.812859	-0.22014566	0.017186355	0.227	0.00907650637673214	0.0033044002866401256	2.0	2331.02189040184
222	1810.5203	428.56857	2414.1648	1176.5372	516.8571	304.3858	66.079956	357.34927	1.0035949	892000	3.361702e-08	118.56983	-0.00188408	-53.421135	-0.22056553	0.019190455	0.1875	0.0092512251669541	0.003958430450093271	2.0	2340.7358899116516
223	1339.0345	291.50125	2041.7153	1009.71014	384.8	287.7641	76.51796	355.57394	2.4746437	896000	6.6757204e-09	174.78325	-0.021341618	-105.057655	-0.22060446	0.0069921124	0.176	0.009769026578869671	0.004124315907791853	79.0	2351.2895205020905
224	1614.9348	617.3155	2874.6287	997.50214	464.5	293.35626	70.33183	352.01007	2.0204916	900000	4.8041343e-08	64.834946	-0.020985823	-30.38945	-0.21502401	0.01557881	0.175	0.008327325580175966	0.0029182779487822073	53.0	2361.2563598155975
225	1842.4723	594.63257	3194.27	1171.5522	527.8571	301.0535	68.41019	357.8975	-9.195301	904000	-1.3947487e-08	65.53083	-0.021661319	-27.675793	-0.22547655	0.011441694	0.19575	0.008186819495167584	0.0037956057895689233	79.0	2371.272589445114
226	1510.4113	363.4781	2325.2595	1121.7422	429.44446	287.83505	74.92917	356.1232	9.393589	908000	1.45435335e-08	143.20625	-0.008232407	-96.03516	-0.23299658	0.015330363	0.14575	0.008223479920998216	0.003585797854477151	9.0	2380.9250876903534
227	2254.9705	816.1756	3445.4668	1249.8766	645.6667	312.49496	61.36722	361.3663	7.7431636	912000	-5.8650972e-08	47.989487	-0.002019495	-20.828104	-0.23403631	0.015305871	0.14975	0.008242102640215307	0.003371023398772971	8.0	2391.2072291374207
228	1718.8914	321.31198	2220.255	1267.8326	490.5	300.9697	73.01001	361.2681	-8.2813	916000	-1.2755394e-08	77.15749	-0.027147837	-34.045856	-0.23408474	0.012208722	0.17325	0.008374745941255242	0.003719066981975744	79.0	2402.3750126361847
229	1734.5686	525.16785	2928.699	1183.4945	494.14285	303.04926	67.97175	359.40042	9.8791685	920000	-3.218651e-09	48.289875	-0.008808313	-13.4431305	-0.22170554	0.019391062	0.172	0.007677407702431083	0.003262442726547284	9.0	2412.4758446216583
230	1486.9214	336.228	2335.001	1018.834	422.55554	292.1295	74.077934	356.93445	0.35151148	924000	3.516674e-08	59.137978	-0.027080337	-21.749496	-0.22282566	0.0083964085	0.171	0.007238999558612704	0.002697416714509143	79.0	2422.9882459640503
231	1695.3315	733.49927	3407.878	1047.4811	486.625	303.28986	68.04983	359.30017	-0.80046654	928000	-4.6253206e-08	72.23973	-0.023547541	-19.601665	-0.23142761	0.0113646425	0.17925	0.007993827976752072	0.0032028566602626644	79.0	2433.5351135730743
232	1630.7515	515.55975	2284.578	829.80084	461.375	298.29745	73.35714	360.9267	1.6490724	932000	3.2663344e-08	50.390003	-0.0014098393	-36.5779	-0.23503602	0.015841773	0.15825	0.0058780848444439475	0.002544729452781966	2.0	2443.560061454773
233	3201.5637	251.335	3465.2148	2808.0679	923.0	331.36978	49.37548	362.56442	1.6138496	936000	-1.3351441e-08	47.681736	-0.024831528	-35.8778	-0.23520248	0.011298214	0.14975	0.0061429524957202376	0.0027368375591099213	79.0	2453.492862224579
234	2602.3503	773.69775	3376.0278	1691.598	770.5	338.45358	31.969955	359.44748	7.5808506	940000	-1.8000602e-08	1598.7794	-0.0034631048	-601.6423	-0.24513656	0.01983091	0.23125	0.007489292889367789	0.00250057376979913	3.0	2463.563086271286
235	2715.5962	540.5382	3375.809	2023.9673	778.6	319.79965	55.1521	357.93094	3.8322716	944000	-1.26361845e-08	98.46438	-0.0026557657	-84.15564	-0.24510522	0.015423142	0.21	0.007789833773858845	0.0034552055869048175	2.0	2473.933498620987
236	1349.0701	206.69202	1716.21	984.2472	384.8889	295.72864	75.268654	355.57083	4.3634777	948000	2.3186207e-08	80.122894	-0.015193116	-37.37785	-0.24517936	0.017400267	0.197	0.00703127846121788	0.003073903091113886	17.0	2484.117112159729
237	2818.96	552.9182	3364.062	2022.3738	804.75	319.90338	55.039223	357.16983	1.5245471	952000	1.6450882e-08	113.71064	-0.016423045	-75.60816	-0.23969075	0.016054362	0.13925	0.008321754443459213	0.0034866922939722493	20.0	2494.358106136322
238	1877.7761	335.87607	2449.2769	1445.1937	533.5714	304.64255	69.21716	358.80673	3.8927455	956000	1.4901161e-08	77.14076	-0.0071992553	-49.123085	-0.23838139	0.017924314	0.26675	0.007570113365072757	0.0027385031893472117	5.0	2504.19482755661
239	2210.1243	557.70074	3377.9553	1681.8116	634.8333	317.68637	59.808994	358.87595	7.19913	960000	-1.9073487e-09	70.55172	-0.028002057	-40.63008	-0.23892212	0.0129875345	0.16975	0.00874455965589732	0.004125320642077866	79.0	2514.251479625702
240	2220.286	596.4054	3362.7673	1647.9401	637.3333	315.9239	60.84253	358.01242	8.025648	964000	9.775162e-09	123.37141	-0.015304958	-61.4822	-0.23810689	0.015916634	0.18575	0.007879597812425344	0.003219176838749121	20.0	2524.0048229694366
241	1816.9746	356.3819	2177.797	1319.6487	514.0	311.30188	66.72361	358.37494	5.5798097	968000	4.7922136e-08	58.976906	-0.021351304	-35.40317	-0.2486971	0.015919492	0.175	0.007222398333251476	0.0031169946288800926	35.0	2533.8880417346954
242	2672.5984	643.68274	3497.8967	1829.925	770.2	326.15646	53.20881	362.71588	16.536602	972000	3.039837e-08	49.40254	-0.0032470368	-34.044533	-0.26486206	0.017568229	0.218	0.007543773392681033	0.003091608444121245	3.0	2543.726395368576
243	2944.4355	762.4341	3398.0396	1623.9408	865.25	338.5625	30.11911	360.82022	20.952778	976000	-1.5616417e-08	21.33695	-0.008430522	-12.565291	-0.26572767	0.015806241	0.195	0.007724951561540365	0.002756276190825232	6.0	2553.4660913944244
244	1644.002	478.2272	2537.1895	942.94336	467.125	300.62195	74.99	358.37054	-1.45157	980000	3.8146974e-09	67.159096	-0.0070191068	-31.370434	-0.26638085	0.01551033	0.143	0.007335486433003097	0.002549150433962109	6.0	2563.406553506851
245	1579.2498	320.70465	1995.0808	954.74664	450.25	298.28592	73.294754	359.11096	2.951748	984000	-5.2452087e-09	49.771297	-0.001209095	-16.306355	-0.2676495	0.019410027	0.2105	0.008141447720117868	0.0035561361938661862	2.0	2573.004476547241
246	2025.7761	1106.5629	3354.8777	620.85864	614.0	337.40512	29.231215	355.48776	28.610939	988000	-9.536743e-09	4599.701	-0.0071136937	-1644.2842	-0.26836208	0.020547103	0.2455	0.007391482233069837	0.0027004886583044617	3.0	2583.121416091919
247	2739.3633	623.23285	3362.2334	1963.1797	815.5	305.60974	45.66819	356.5756	-42.587463	992000	2.5212765e-08	1644.9905	-0.009275354	-1370.4014	-0.2686507	0.015838778	0.1345	0.00785445617744699	0.0031313083066550887	14.0	2592.9854736328125
248	2152.8157	716.32043	3090.881	862.3193	611.1667	301.22275	72.88356	355.4735	-8.739592	996000	-7.1525574e-10	409.03516	-0.009171374	-352.0539	-0.26742297	0.016768597	0.21675	0.009590372822713107	0.004130755320340398	5.0	2603.149289369583
249	3058.5518	531.8511	3425.5793	2140.027	879.25	328.67892	47.919254	359.4471	3.5557828	1000000	4.768372e-10	84.41995	-0.02557337	-31.881752	-0.2683832	0.0121928435	0.16475	0.009881004323251546	0.004334159264886558	79.0	2613.5867614746094
250	1997.2115	1133.5941	3418.7598	603.563	594.8333	329.58408	45.47022	358.61316	7.6124496	1004000	4.4107438e-09	3182.6465	-0.0031233346	-1027.4541	-0.27434734	0.020055756	0.1885	0.00847917675971985	0.0033248943307382386	3.0	2623.2434363365173
251	1712.0574	271.62833	2025.1558	1150.4404	487.25	291.55057	68.54958	362.1688	3.4852948	1008000	-2.4318695e-08	549.4994	-0.008930444	-488.42044	-0.27446383	0.016234545	0.139	0.009454012890346348	0.004289828321105062	7.0	2633.1314425468445
252	2960.865	431.78284	3353.7512	2299.0996	868.0	331.04074	42.650036	364.85284	11.819529	1012000	-1.0609627e-08	77.13805	-0.026933555	-41.31743	-0.27557582	0.013106109	0.17475	0.008483841898851097	0.0033488706076898597	79.0	2643.5894153118134
253	2262.1384	624.68805	3372.3015	1505.1741	650.2	321.61612	57.266495	365.76837	9.702542	1016000	-3.0994414e-08	63.72398	-0.01751183	-40.92119	-0.27867985	0.015211019	0.1475	0.009189464841037989	0.005283753062073367	21.0	2653.5593779087067
254	1487.9547	268.6821	1857.7993	952.4718	421.66666	293.9999	76.446625	361.42935	-3.0846286	1020000	1.1444092e-08	63.661846	-0.0011022949	-23.901588	-0.28191617	0.015178659	0.2105	0.008626186274923384	0.0036900000477578586	2.0	2663.4625227451324
255	1451.3562	515.2335	2555.6526	835.7922	412.44446	297.26028	71.695076	359.23907	1.4134021	1024000	1.9073487e-09	163.85788	-0.011928139	-81.46304	-0.2824803	0.016269837	0.1795	0.007359926737844944	0.0028894350174917083	13.0	2673.393319606781
256	1176.7969	479.8392	1944.101	90.16811	341.2	293.6054	69.04782	359.77463	5.7830997	1028000	-1.9073487e-09	1169.4132	-0.005670624	-307.2237	-0.27997106	0.021348897	0.22	0.00858969820663333	0.004281845782106659	3.0	2683.2564375400543
257	1881.0471	921.4242	3449.3428	962.77484	537.0	296.7941	71.70627	359.29257	-13.347968	1032000	-2.2411346e-08	211.34186	-0.021260614	-180.1369	-0.27969697	0.01577037	0.163	0.010380427751224488	0.0042803949365477455	47.0	2693.3229632377625
258	2362.0522	916.8627	3444.3855	1332.6852	683.4	324.60974	46.921257	364.54837	8.053949	1036000	-1.8954276e-08	119.7486	-0.0046644905	-49.86934	-0.28524366	0.022171967	0.21275	0.008622786314226687	0.0038511503330721187	2.0	2702.9567353725433
259	1614.5145	1063.2338	3500.0916	867.81726	462.5	304.521	71.00061	364.98013	8.014722	1040000	1.45435335e-08	91.07366	-0.0054476424	-51.765945	-0.28534374	0.015912909	0.17525	0.008291292206849902	0.003181470592319097	5.0	2712.8650827407837
260	1436.2477	815.7764	3387.2842	892.5892	413.5	306.59814	70.00814	364.2192	-3.3122272	1044000	2.861023e-09	189.49313	-0.0017189427	-76.99336	-0.2837801	0.017704684	0.22525	0.007827328826533631	0.003427380356712217	3.0	2722.6662933826447
261	1706.4515	690.5796	3226.9019	850.242	485.5	299.47443	73.040924	365.14938	-2.0176063	1048000	-4.529953e-09	86.19637	-0.023448493	-36.82441	-0.28290367	0.015102309	0.17075	0.007291433380451053	0.003507054015088808	63.0	2732.7109811306
262	1445.9722	503.813	2547.894	830.6971	408.625	298.28232	70.20628	363.71393	6.3399825	1052000	1.2874604e-08	89.40653	-0.016877178	-27.162327	-0.28971595	0.016002322	0.21125	0.007408506863284856	0.0033599452237824796	15.0	2742.701877117157
263	2198.5535	694.68866	3377.5635	1137.7814	629.6667	316.45566	62.167053	364.0498	1.7806954	1056000	-7.629395e-09	61.991104	-0.012200004	-31.935926	-0.29106888	0.015267772	0.1805	0.0063594580045901235	0.0019794772348786	18.0	2752.50892496109
264	2499.7932	643.1362	3261.8245	1722.3174	710.2	318.48563	62.484924	365.20657	2.8943253	1060000	-3.5762786e-09	47.19892	-0.004710608	-25.53667	-0.29173246	0.017701287	0.21225	0.007874494392890483	0.0032747008495410406	6.0	2762.3148357868195
265	3393.374	19.750696	3427.4436	3380.1177	1000.0	344.29202	16.742987	363.61783	241.04031	1064000	-1.168251e-08	12.026963	-0.007920739	-4.363887	-0.2913192	0.01697269	0.1725	0.007168885141145438	0.0024847306812516927	6.0	2772.04775929451
266	1603.277	848.6861	3468.8618	592.4126	473.125	319.76743	58.24871	364.29065	14.670288	1068000	-2.6226044e-08	5083.8584	-0.020238644	-2778.6926	-0.29099184	0.009301853	0.19575	0.008626124328002334	0.0032148711128489366	79.0	2782.6297931671143
267	1947.3761	799.0448	3150.7297	594.7171	558.5714	295.35626	62.21446	344.17706	5.7822433	1072000	-1.3113022e-08	957.79706	-0.008675811	-274.55444	-0.27758548	0.015117805	0.17625	0.007842256089206785	0.002581877627075076	10.0	2792.725462436676
268	2148.322	809.6867	3114.9458	606.7131	621.6667	310.35095	58.277973	355.35916	6.8222094	1076000	1.0490417e-08	1179.7292	-0.0033523398	-175.38855	-0.27842885	0.015777454	0.206	0.008223439077846706	0.0029596949980733316	3.0	2802.4527113437653
269	2176.6902	849.4924	3523.5461	1286.1642	613.6667	300.49088	67.216446	354.5729	-0.5367589	1080000	1.0609627e-08	366.21954	-0.022227723	-296.3232	-0.27852586	0.015625833	0.19325	0.009542016533669085	0.0042423888057706105	62.0	2812.324448108673
270	1727.1764	355.77106	2126.95	1210.6442	491.85715	307.21152	70.40833	368.17834	-4.6951756	1084000	2.6226044e-09	127.92865	-0.022837479	-70.165405	-0.29595554	0.01556437	0.18025	0.009186030032578856	0.003506987551559183	32.0	2822.2233471870422
271	1687.8223	419.54013	2602.8843	1290.9478	472.375	297.72583	72.846954	355.4561	-8.934248	1088000	2.8133393e-08	109.29546	-0.0145479385	-87.60551	-0.29912958	0.01565759	0.1285	0.00892647658009082	0.003949065944020303	15.0	2832.192372560501
272	1926.025	511.26813	2838.1316	1301.7811	542.2857	310.34195	69.62933	365.96515	4.009901	1092000	5.00679e-09	108.20535	-0.02060643	-50.975777	-0.30481735	0.015509662	0.20725	0.009189184994902462	0.0034952118320407026	43.0	2842.2778565883636
273	1408.0347	184.5032	1844.2964	1172.5682	400.55554	298.95612	75.30412	360.20193	4.0169535	1096000	2.5987624e-08	150.7087	-0.012867092	-87.22199	-0.31750518	0.017304674	0.1955	0.007685679164715111	0.002575326082121062	12.0	2852.24143910408
274	1168.8448	294.29376	1970.8345	854.97955	335.0	278.25656	77.44853	354.83194	3.3537984	1100000	9.536744e-10	190.60837	-0.026388817	-67.32281	-0.3226642	0.015236212	0.1685	0.008659651046618819	0.0034701970431590934	42.0	2862.3412635326385
275	1328.1385	293.0964	1810.9286	921.41956	380.9	284.2704	77.12959	350.9173	-8.380323	1104000	1.704693e-08	285.33652	-0.02478111	-58.420944	-0.327764	0.015504557	0.18775	0.007691213001962751	0.0026592828395600216	74.0	2872.6884508132935
276	1451.9012	264.0758	1978.8878	1092.3402	413.77777	287.52975	72.30544	350.25104	3.100224	1108000	-2.9802322e-08	110.551704	-0.002269986	-68.76897	-0.32858497	0.017962126	0.22675	0.00766413080971688	0.00330248215734313	2.0	2882.5690994262695
277	1376.4327	336.2759	1839.97	847.0451	388.0	285.6555	77.10596	356.98386	0.12881613	1112000	4.0888786e-08	123.42836	-0.0023156996	-51.711555	-0.32893234	0.017715	0.23225	0.008548920988105238	0.003234633633817485	2.0	2892.443107843399
278	1360.7258	319.30045	2263.8777	1121.2526	383.0	289.29913	77.01964	362.73965	-0.8095536	1116000	-9.417534e-09	61.70395	-0.024445312	-19.158165	-0.3292529	0.011683939	0.17275	0.008169366037473083	0.003950418198286384	79.0	2902.7425014972687
279	1684.9681	478.14627	2485.166	1220.8418	471.25	303.48166	67.6742	359.44742	1.4127264	1120000	3.8146974e-09	116.46601	-0.0033504146	-56.777596	-0.33042672	0.026615983	0.26125	0.007176084208767861	0.0033852133189325377	2.0	2912.612224817276
280	1266.5613	310.3804	1727.2848	686.6612	358.0	294.61172	74.44965	356.38425	-2.7919188	1124000	-3.5762786e-09	296.32257	-0.00083195954	-136.63565	-0.33035254	0.021834884	0.29175	0.00768348213750869	0.0034361773337765363	2.0	2922.646951675415
281	1877.6632	851.1155	3414.0894	914.21674	538.2857	306.9835	63.8835	361.81442	2.7652202	1128000	3.862381e-08	326.33804	-0.0054948553	-146.32915	-0.33033592	0.0154079385	0.22125	0.008824433675035834	0.00531040607942809	4.0	2932.6964795589447
282	1489.7644	557.6835	2800.898	919.11505	418.8889	288.7898	76.75907	363.05667	6.4280906	1132000	-3.6478042e-08	245.18387	-0.007977746	-187.2624	-0.329639	0.018222187	0.225	0.007269128647167235	0.003745289174180233	9.0	2942.6550192832947
283	1541.0243	379.56018	2199.5562	1114.1665	436.0	297.846	74.075745	363.37012	-27.88702	1136000	6.9111586e-08	170.69313	-0.005554604	-121.05478	-0.33218908	0.015899891	0.173	0.0077500704117119314	0.003466135273787409	3.0	2952.528660297394
284	1324.5641	391.44	2454.721	1063.3864	374.9	287.10138	75.67938	357.77448	4.4132876	1140000	-1.9073487e-09	145.98587	-0.009620071	-81.07314	-0.3331483	0.015945613	0.2115	0.007346985943149776	0.003106527109646044	9.0	2962.382297039032
285	1284.81	166.5832	1690.1177	1099.2206	366.2	289.77368	73.316376	352.88055	-0.7463131	1144000	-8.5830685e-09	197.27211	-0.01120262	-89.31323	-0.3340664	0.017090503	0.21	0.006959643037989735	0.003228837736378777	7.0	2972.4702043533325
286	1427.3833	690.95636	3348.6912	962.01154	410.0	290.78683	72.545425	358.10196	-1.3219662	1148000	2.861023e-09	147.08379	-0.0043153353	-56.204323	-0.3321188	0.015028948	0.17325	0.008037526947446168	0.0032047998048903214	3.0	2982.6915946006775
287	1664.1758	801.16565	3156.404	948.02783	493.0	301.67303	61.946404	363.77618	-2.8926277	1152000	4.9352646e-08	726.31976	-0.007461017	-377.23325	-0.33139113	0.01819506	0.14825	0.009174270352814347	0.00642686237484621	10.0	2992.789685487747
288	1374.4042	599.93054	3143.8394	909.49384	388.8	271.3708	82.43467	356.71402	1.7381392	1156000	0.0	888.48535	-0.008304195	-837.0501	-0.3304777	0.015539328	0.1645	0.009014491140842438	0.003624827432523566	7.0	3002.9958097934723
289	1612.7882	631.37665	3249.4683	1189.1436	468.125	300.9585	68.73194	352.38986	-5.6778007	1160000	-4.649162e-08	54.051876	-7.2796347e-06	-27.5907	-0.3308732	0.022396658	0.27075	0.008201307088602333	0.003392837885432249	2.0	3013.1183865070343
290	1891.9244	806.9247	3539.2861	1222.5715	536.1429	301.00443	68.202126	359.84772	-2.5209093	1164000	-4.3272973e-08	155.51086	-0.009154393	-98.13634	-0.3311421	0.015599429	0.19575	0.009457988515496254	0.0036667549081071836	9.0	3023.174076318741
291	1643.2354	688.8161	3447.237	1227.4429	461.75	301.60025	69.54383	361.38208	6.3415065	1168000	2.5868415e-08	133.64157	-0.020011999	-66.01748	-0.33366475	0.016387269	0.206	0.008211168404668569	0.0034007314406045218	35.0	3033.3966455459595
292	2222.2805	680.90607	3344.0498	1456.305	634.6667	317.12228	61.765766	364.8014	-6.434166	1172000	2.2649764e-09	85.64946	-0.02509793	-52.31195	-0.33845457	0.006572148	0.15675	0.007220559080597013	0.002786737022559637	79.0	3043.612556695938
293	1464.1029	249.76526	1916.4973	1199.1136	411.0	304.94977	70.54499	362.1781	7.893345	1176000	8.702278e-09	97.188354	-9.135056e-05	-45.068188	-0.34689122	0.015940549	0.2185	0.007731888566631824	0.003295348945578918	2.0	3053.3492913246155
294	1786.6946	346.62756	2347.1335	1302.2489	504.7143	308.43027	69.05763	365.53278	0.08645487	1180000	-1.7881393e-09	82.550415	-0.013517868	-39.564423	-0.34680244	0.015099124	0.201	0.007470014442224056	0.0029922390455112686	14.0	3063.4818642139435
295	1964.9635	847.56305	3298.9124	1050.6329	564.4286	311.296	64.23607	360.1433	-7.8654995	1184000	1.8239021e-08	72.904755	-0.019291302	-29.660725	-0.34743908	0.015143692	0.15725	0.006999045256525278	0.003008094504637555	23.0	3073.419073343277
296	2177.7146	898.9783	3348.51	1164.6455	628.1667	315.54495	59.766026	363.18826	-23.769527	1188000	1.6629697e-08	195.63416	-0.021223864	-124.681435	-0.35173926	0.015277278	0.17725	0.009069492456037552	0.003923768102251892	48.0	3083.4825649261475
297	2603.072	907.8661	3513.951	1493.8716	752.6	318.2625	53.35976	362.6638	6.08379	1192000	-5.1259996e-09	155.65889	-0.011776267	-118.302475	-0.36000165	0.01590005	0.19175	0.00871362391160801	0.0034652690092436406	15.0	3093.0469818115234
298	2048.504	695.38824	3339.8818	1354.8574	586.8333	317.7616	58.925064	366.21164	2.8411856	1196000	-6.7949295e-09	38.79139	-0.015878381	-20.497643	-0.36256775	0.015486053	0.1885	0.009220294270198793	0.0036428922489277287	17.0	3102.5958290100098
299	1582.6821	248.27919	2015.0287	1204.5249	442.66666	297.75235	74.43035	362.46613	-0.7284403	1200000	-6.365776e-08	46.4775	-0.023158995	-12.101395	-0.36322364	0.015295519	0.198	0.007880594662856311	0.0033279449960768102	45.0	3112.6953473091125
