Epoch	AverageEpRet	StdEpRet	MaxEpRet	MinEpRet	EpLen	AverageVVals	StdVVals	MaxVVals	MinVVals	TotalEnvInteracts	LossPi	LossV	DeltaLossPi	DeltaLossV	Entropy	KL	ClipFrac	StopIter	Time
0	15.289589	10.644033	79.59134	4.875918	16.385246	0.066736884	0.08821964	0.24492092	-0.29269356	4000	-1.4305115e-09	179.47162	-0.019493874	-68.02381	0.91893864	0.016623087	0.2735	6.0	8.277023792266846
1	35.79954	40.965794	231.906	5.405434	26.817568	4.885462	0.6671661	5.1928844	-3.8143294	8000	8.3446505e-10	1594.4556	-0.0138323605	-203.34497	0.9183022	0.01513922	0.23525	8.0	16.457637786865234
2	69.37969	57.011055	231.48712	7.025899	42.510868	9.362266	0.14804406	9.405493	6.1060305	12000	-1.3113022e-09	2638.9165	-0.017747365	-299.63843	0.91623443	0.006073504	0.1	79.0	25.722375869750977
3	92.49476	59.436863	225.55069	9.362967	51.42857	13.576309	0.015143846	13.58217	13.290953	16000	3.218651e-09	2963.744	-0.018543575	-284.77173	0.90633464	0.009531254	0.10775	79.0	34.891457080841064
4	127.50841	52.483704	222.83366	28.555391	65.95	17.255348	0.007345243	17.257809	17.067984	20000	-3.5762787e-10	3429.166	-0.020186119	-326.05176	0.9120415	0.005611367	0.09925	79.0	43.64844846725464
5	125.25262	58.735573	222.43512	10.758106	65.016396	20.907118	0.007467059	20.909178	20.755123	24000	-8.3446505e-10	3220.2263	-0.018813964	-264.7561	0.9128151	0.010119317	0.0855	79.0	52.52824258804321
6	167.71265	52.730007	226.28273	24.072142	80.67347	24.101372	0.002880559	24.102211	24.000212	28000	-4.768372e-10	4301.5786	-0.015756814	-369.53564	0.9219176	0.007476866	0.09175	79.0	61.596468448638916
7	183.21143	43.319847	238.32614	63.095936	85.95652	27.683222	0.0015965824	27.68373	27.65681	32000	2.384186e-10	4368.2305	-0.0156857	-358.22778	0.911047	0.009901247	0.092	79.0	70.36299157142639
8	182.17262	43.973488	239.06485	27.710873	85.63043	31.115128	0.0016955459	31.115572	31.067976	36000	2.384186e-10	3964.1404	-0.013891915	-302.03467	0.9195468	0.0071022585	0.08325	79.0	79.00968194007874
9	188.52895	37.934807	250.69688	71.14515	87.4	34.212204	0.0010718937	34.212532	34.195026	40000	-2.6822091e-09	3838.3118	-0.016033592	-280.10474	0.9107877	0.009855469	0.10425	79.0	87.54783320426941
10	196.84814	23.656054	228.00539	95.004105	90.34091	37.153664	0.0013330288	37.153996	37.1169	44000	-2.6226044e-09	3673.3691	-0.012625348	-262.56958	0.92246014	0.006002706	0.07875	79.0	96.36032128334045
11	188.35239	33.28144	214.6956	47.887325	87.022224	39.982838	0.0007110436	39.983044	39.976425	48000	-3.3378602e-09	3243.9048	-0.012140948	-218.88574	0.9187833	0.0026630326	0.08225	79.0	104.89013934135437
12	187.65733	24.120577	226.81201	110.37453	86.847824	42.572487	0.0009480196	42.57268	42.539444	52000	1.6689301e-09	2836.8088	-0.012770823	-180.50269	0.91317505	0.0069456827	0.0915	79.0	113.66121411323547
13	188.97467	23.535685	220.24927	53.754166	86.95556	44.93598	0.0006939164	44.936153	44.914886	56000	1.1920929e-09	2742.3755	-0.009479362	-172.72559	0.9100027	0.0020511595	0.05925	79.0	122.72238206863403
14	192.58249	14.651602	217.82254	149.15837	88.155556	47.25418	0.00066013593	47.254333	47.23332	60000	7.1525574e-10	2558.2122	-0.014107604	-156.26782	0.9256411	0.004807873	0.08125	79.0	131.72405767440796
15	189.59863	27.257683	216.76541	63.945225	86.934784	49.481026	0.0015333944	49.481197	49.413906	64000	1.9073487e-09	2432.9258	-0.011920886	-138.604	0.9244864	0.006686648	0.0805	79.0	140.32738423347473
16	185.59198	37.881413	226.59773	49.422974	84.95744	51.599598	0.0004685762	51.599716	51.589397	68000	2.6226044e-09	2314.0955	-0.012881479	-122.5332	0.9359275	0.009116103	0.073	79.0	149.21184635162354
17	196.79164	27.617855	225.84554	46.239674	89.52273	53.6139	0.000543229	53.614025	53.600494	72000	9.536744e-10	2378.761	-0.012958424	-130.677	0.92967707	0.0046767695	0.0825	79.0	158.4879047870636
18	195.94453	22.945314	228.50534	86.895645	90.25	55.705173	0.00041388653	55.705273	55.697876	76000	2.1457671e-09	2134.7039	-0.011876461	-107.80054	0.9263215	0.006728846	0.07425	79.0	167.34825611114502
19	196.47437	21.323862	225.61314	97.84612	89.59091	57.64089	0.00034804604	57.640972	57.63569	80000	4.2915342e-09	2060.4148	-0.01371363	-99.80762	0.9299838	0.006754412	0.09725	79.0	176.01444172859192
20	198.83603	20.675838	220.05603	83.73996	90.34091	59.51956	0.0005973641	59.519646	59.48764	84000	0.0	2020.6382	-0.013681507	-93.87158	0.92776465	0.0038329884	0.08975	79.0	185.06243443489075
21	199.91225	25.333572	227.58498	55.614273	90.5	61.36449	0.00027940358	61.364567	61.361156	88000	3.9339065e-09	1996.0873	-0.011695361	-88.50708	0.92543	0.006959079	0.0665	79.0	193.82037043571472
22	196.49911	23.011665	227.37338	71.15438	89.61364	63.17907	0.00040763334	63.17914	63.15922	92000	-1.4305115e-09	1787.8019	-0.011912497	-70.380615	0.9290377	0.003902934	0.08225	79.0	202.58497548103333
23	196.27925	30.064621	226.9952	48.794018	89.318184	64.828445	0.00025795322	64.828514	64.82393	96000	3.5762787e-10	1802.8165	-0.013701685	-65.797	0.9226156	0.0060624573	0.0765	79.0	211.20410442352295
24	196.02988	15.578232	221.28358	149.56075	88.82222	66.43889	0.00025835878	66.43894	66.43545	100000	-2.1457671e-09	1621.9908	-0.012941598	-52.51538	0.920552	0.007804281	0.066	79.0	219.9244101047516
25	190.95697	37.98821	225.16002	55.435352	86.8	67.90774	0.00023146007	67.9078	67.90377	104000	4.7683715e-09	1745.2117	-0.011888423	-50.222412	0.927468	0.006705245	0.0705	79.0	228.58806705474854
26	197.38158	18.95929	229.24466	110.40374	89.59091	69.35936	0.00026621137	69.35941	69.35241	108000	-5.9604646e-09	1543.4937	-0.01431161	-42.423218	0.9210755	0.0047165137	0.09475	79.0	237.208886384964
27	204.95692	15.140564	262.5608	164.4704	91.976746	70.72112	0.00018876982	70.72117	70.71937	112000	-5.9604646e-09	1636.7196	-0.014612363	-48.7948	0.921517	0.0028714074	0.099	79.0	245.86472535133362
28	204.54367	12.92721	229.45216	178.83994	91.69768	72.19212	0.00028408028	72.19218	72.18079	116000	1.1920929e-09	1583.4814	-0.014705508	-43.813354	0.89998007	0.0064583374	0.0815	79.0	254.64920854568481
29	195.35526	29.610685	234.36516	54.497852	88.333336	73.61838	0.00023599692	73.61842	73.613464	120000	5.9604643e-10	1480.8539	-0.01358347	-26.41748	0.91441375	0.0076549095	0.09225	79.0	263.19483256340027
30	200.12285	15.766619	227.16579	149.01103	90.25	74.75899	0.00023705985	74.759026	74.75173	124000	-1.9073487e-09	1442.3973	-0.013599196	-24.849731	0.92213744	0.0069034575	0.0645	79.0	271.63496136665344
31	191.93997	22.25094	251.83026	102.41372	87.26667	75.868935	0.00019524782	75.86897	75.86281	128000	-2.503395e-09	1338.042	-0.01664805	-15.096802	0.92513835	0.0076224324	0.08725	79.0	280.2320656776428
32	197.74208	24.09023	264.0464	116.594	89.545456	76.763535	0.000188566	76.76359	76.75871	132000	1.3113022e-09	1408.7499	-0.01888137	-16.914185	0.93744856	0.0072733657	0.113	79.0	288.79803109169006
33	201.31032	30.816113	268.97507	93.24814	90.36364	77.71024	0.00015625547	77.71027	77.7081	136000	-2.2649764e-09	1515.7268	-0.014953345	-19.840576	0.9409139	0.0061310288	0.07325	79.0	297.38467955589294
34	197.09087	26.488691	250.09584	93.08982	89.0	78.75454	0.0001560546	78.75458	78.751755	140000	1.5497208e-09	1434.0951	-0.015788576	-14.292603	0.93685794	0.0075258273	0.08225	79.0	306.08923172950745
35	198.0868	30.180422	235.20695	77.17851	89.0	79.67005	0.00018290635	79.67009	79.66484	144000	1.9073487e-09	1451.3168	-0.01715102	-14.333984	0.9427475	0.009716428	0.09425	79.0	314.8206431865692
36	199.07675	37.377914	325.85056	71.37011	89.52273	80.59439	0.00017084385	80.59444	80.59015	148000	-4.172325e-09	1499.7723	-0.017756168	-11.462891	0.9672215	0.006925733	0.10225	79.0	323.39044737815857
37	199.0569	37.73672	264.99026	56.48934	88.86364	81.4427	0.00019786244	81.44273	81.436134	152000	3.5762786e-09	1511.857	-0.017215863	-13.782471	0.971639	0.0072808918	0.0955	79.0	331.8792505264282
38	200.05133	40.48534	301.01785	58.317474	89.318184	82.37942	0.0019441951	82.37956	82.33077	156000	-1.7285346e-09	1532.2174	-0.018735461	-569.5194	0.96998316	0.01345652	0.0845	79.0	340.45560574531555
39	203.92458	38.517715	307.22256	71.83744	90.976746	73.37358	18.220331	83.65598	21.44837	160000	-1.4305115e-09	998.1357	-0.019200768	-141.93066	0.98748386	0.01145233	0.10925	79.0	348.88901114463806
40	214.82887	46.624344	311.70743	73.502914	94.64286	73.008606	22.00303	85.9256	6.9322376	164000	-5.960465e-11	1128.2023	-0.007347089	-123.29877	0.9778247	0.015270495	0.23325	5.0	356.8375291824341
41	257.48615	43.091763	319.25757	159.13036	110.0	77.57927	20.632444	88.402664	0.63457036	168000	1.1920929e-09	1741.9651	-0.018123059	-217.95483	0.97802407	0.015237885	0.1115	31.0	364.9358503818512
42	273.2007	41.469215	331.33755	174.79068	115.05882	79.3823	23.580694	91.8208	-4.871721	172000	7.867813e-09	1822.9341	-0.020204756	-233.95068	0.9759016	0.014431562	0.1315	79.0	373.69482803344727
43	272.6304	46.798737	353.71384	96.79081	114.76471	83.35469	24.372206	95.46517	0.17334652	176000	-5.9604643e-10	1630.5933	-0.0058326134	-194.07202	0.9748046	0.016386937	0.173	4.0	381.79130148887634
44	246.37431	73.53693	371.93033	70.94667	106.08108	86.29205	25.144478	98.80144	-29.14509	180000	-7.1525574e-10	1674.2366	-0.007601506	-190.28455	0.97597414	0.015514877	0.17525	7.0	389.83458399772644
45	276.36502	66.74826	343.69315	80.127174	114.26471	85.148	27.950556	101.12042	2.2628915	184000	5.9604646e-09	1811.3125	-0.018036418	-235.92322	0.97446483	0.011057805	0.09725	79.0	398.2785782814026
46	291.19974	50.2978	343.75162	84.63736	119.09091	89.372444	27.146065	104.22214	2.0846975	188000	-6.7949295e-09	1587.6587	-0.019066017	-185.68994	0.9711302	0.015048835	0.11675	49.0	406.56235361099243
47	298.36505	43.885784	357.13367	98.49412	120.69697	92.03884	28.98247	107.40075	-0.84611225	192000	-1.192093e-10	1500.74	-0.020410277	-168.06946	0.970565	0.012644515	0.1315	79.0	415.0347833633423
48	307.53296	26.32224	340.9435	205.28238	123.84375	94.2466	29.427092	110.46862	3.7754612	196000	6.556511e-09	1378.875	-0.0033095237	-162.29272	0.97431374	0.015636874	0.166	4.0	422.94455766677856
49	275.99356	75.23575	351.6212	70.900566	112.97143	97.64461	29.116772	113.45729	2.866138	200000	-6.9141386e-09	1484.0154	-0.006848556	-175.93701	0.9741255	0.015885117	0.145	4.0	431.12901854515076
50	299.97998	31.601679	361.035	211.80444	120.15151	97.61286	30.878372	115.636154	0.7212446	204000	-1.4305115e-09	1032.9637	-0.0041289716	-146.13837	0.9725359	0.016313769	0.16475	5.0	439.1075267791748
51	297.26352	34.81287	344.85382	218.35374	117.969696	97.609985	33.767487	118.14495	1.8741336	208000	-6.0200693e-09	933.48773	-0.02092263	-114.15863	0.9718794	0.012495533	0.1265	79.0	447.7684574127197
52	311.8728	38.64765	359.68967	147.05472	122.53125	101.26725	33.085056	120.52653	2.77725	212000	2.384186e-10	1106.3263	-0.018792832	-134.32568	0.9786123	0.009189515	0.1025	79.0	456.3934087753296
53	284.20612	82.79745	363.79187	72.61646	114.171425	105.934975	31.85063	123.133415	1.041379	216000	2.7418137e-09	1435.2004	-0.015782379	-174.22937	0.99225056	0.015964078	0.146	25.0	464.39033246040344
54	309.94327	55.85907	369.87308	157.2839	120.63636	106.13876	33.50858	124.993034	2.2248826	220000	3.8146974e-09	1340.5042	-0.0050465544	-134.6853	0.9874272	0.01686885	0.18225	4.0	472.4364035129547
55	335.53525	22.802921	375.8533	276.74966	128.51613	105.585014	34.501343	127.18935	-0.99648046	224000	5.9604643e-10	1118.7324	-0.021498581	-166.32367	0.9868639	0.014464299	0.122	79.0	480.9799084663391
56	337.16833	38.589554	377.61502	194.13889	129.7	110.081825	35.05106	129.98013	2.423589	228000	9.477138e-09	1149.5283	-0.01791728	-160.03998	0.98818105	0.015016727	0.12175	57.0	489.203515291214
57	332.98022	43.61987	478.42178	195.04123	128.19354	111.304825	36.50494	132.66447	-0.2015953	232000	2.2053719e-09	1047.7218	-0.020855073	-155.17462	0.9759108	0.014700884	0.1265	79.0	497.53811979293823
58	335.20425	35.152287	380.20572	251.56654	128.80646	112.761696	36.45655	135.02321	-1.0932188	236000	-7.033348e-09	868.91614	-0.021295082	-129.37036	0.9777137	0.011468024	0.12875	79.0	506.08057594299316
59	339.45456	44.69769	390.12225	123.54075	128.03226	114.36133	38.40048	137.25269	1.0995212	240000	-4.768372e-10	930.0736	-0.01887801	-135.92255	0.97217715	0.015136425	0.107	43.0	514.383594751358
60	346.25003	24.390587	383.4566	255.13	130.9	117.14579	38.780872	139.54468	1.6051455	244000	-2.026558e-09	742.5296	-0.014824503	-116.60736	0.9640578	0.015108921	0.087	34.0	522.5247807502747
61	329.92923	61.86647	371.53638	99.661545	126.48387	118.09673	39.739685	141.83711	0.7460594	248000	1.4305115e-09	866.0596	-0.017999748	-109.02594	0.9723378	0.011228582	0.1245	79.0	531.0661487579346
62	349.25626	50.65613	384.2336	91.53557	129.63333	118.80934	40.44162	143.67303	4.4000216	252000	2.9802323e-09	844.73944	-0.015094475	-104.60632	0.98364776	0.011874265	0.10775	79.0	539.6931600570679
63	348.67276	41.263866	408.88928	204.05602	132.2	122.05221	39.773613	145.85034	4.4594536	256000	1.7881394e-10	708.5972	-0.023997668	-149.99945	0.9908379	0.014379101	0.14275	79.0	548.2139718532562
64	365.04135	18.4575	411.31677	319.97168	134.68965	122.27169	41.240337	147.78821	-0.19272757	260000	8.34465e-09	647.3281	-0.021008363	-98.3598	0.9731305	0.012592241	0.1265	79.0	556.6910405158997
65	361.97794	23.809238	388.83273	275.43503	133.27586	124.87571	41.822025	150.13896	3.1082578	264000	-2.7418137e-09	536.2586	-0.019475237	-73.02777	0.96075195	0.013502496	0.113	79.0	565.0954887866974
66	339.07123	72.18108	393.75583	65.38691	126.3871	126.41594	42.780727	152.31563	4.0054717	268000	8.34465e-09	770.6347	-0.0049469746	-107.83209	0.9646615	0.015841419	0.176	5.0	573.1268556118011
67	362.76712	17.260525	384.8232	314.82385	133.3	126.54456	43.962414	153.91687	4.29655	272000	-5.9604643e-10	409.15308	-0.0034251257	-54.5701	0.96560484	0.016137427	0.142	3.0	581.0673263072968
68	330.91815	80.9158	398.51797	80.694595	122.875	129.61818	43.300514	155.80388	2.1466475	276000	-7.390976e-09	1101.277	-0.0059357816	-57.89624	0.96581006	0.01643389	0.2635	4.0	588.9133267402649
69	355.5285	53.492702	395.4436	97.60117	129.5	130.40778	43.147728	156.81189	-1.174613	280000	4.6491624e-09	593.1592	-0.011948395	-64.95294	0.965959	0.015371502	0.14925	15.0	596.8216876983643
70	358.03864	32.790455	394.7268	227.09102	132.16667	130.04507	44.99919	158.40129	-7.895662	284000	-8.46386e-09	403.12	-0.018621847	-70.01306	0.9617513	0.015199658	0.13275	51.0	605.0532073974609
71	369.48926	21.734383	396.6249	298.8558	134.17241	131.46924	44.643227	159.9547	-4.3136954	288000	1.6689301e-09	338.06726	-0.007458959	-51.252075	0.96213055	0.015062191	0.158	6.0	613.1686215400696
72	375.91522	26.715517	406.00607	264.22516	135.58621	132.24297	45.775524	161.78033	1.6766253	292000	5.066395e-09	386.52667	-0.02308061	-68.53757	0.961776	0.011036811	0.126	79.0	621.7176373004913
73	360.49463	59.124516	409.94275	160.18073	130.76666	136.68716	44.84218	163.73874	1.2581506	296000	-6.7949295e-09	774.71796	-0.004519526	-136.5979	0.95603806	0.015002273	0.16025	5.0	629.4854266643524
74	361.1876	61.556793	408.66122	162.83955	131.76666	133.63896	47.230316	165.09242	-4.181893	300000	-9.059906e-09	936.432	-0.0038186545	-187.28784	0.9557056	0.017252205	0.217	4.0	637.2481789588928
75	380.4732	14.749516	413.27466	355.09622	136.65517	135.8359	46.20247	166.14609	-0.93098545	304000	9.536744e-10	290.40384	-0.021527994	-67.7737	0.954375	0.014445797	0.14325	79.0	645.6891434192657
76	382.73358	23.892292	415.50958	269.8786	136.6207	137.22017	47.339123	167.90773	4.9990134	308000	-6.6757204e-09	295.01962	-0.020003757	-52.56465	0.9441178	0.013025035	0.1375	79.0	653.9030480384827
77	379.07782	53.68803	558.41626	182.92422	137.2069	136.75372	49.669964	169.73706	3.0223536	312000	6.198883e-09	750.5272	-0.020949753	-292.3484	0.93265396	0.015161535	0.16375	75.0	662.1158149242401
78	388.4198	37.848763	575.0197	331.58817	137.10345	137.44936	48.321262	171.16103	6.0656376	316000	-4.172325e-09	393.43613	-0.020586275	-142.25706	0.9098829	0.014850846	0.1355	79.0	671.0684559345245
79	377.2103	76.08264	563.7946	95.802704	134.13792	143.13512	48.09054	172.93208	5.4866185	320000	6.198883e-09	740.40985	-0.016621249	-24.035767	0.89411294	0.012394534	0.14025	79.0	679.4445526599884
80	389.50418	12.538458	414.99774	352.78244	136.72414	141.44156	49.952095	174.24138	5.8787994	324000	5.00679e-09	182.72766	-0.01816136	-30.941498	0.8887783	0.008231919	0.1095	79.0	687.7602987289429
81	393.38727	10.013663	410.98593	366.67758	137.86208	142.42049	50.414318	175.92737	6.040391	328000	-5.90086e-09	170.9433	-0.007484958	-33.4012	0.8901027	0.016303128	0.15775	5.0	695.6542522907257
82	372.49435	65.809845	411.86444	76.89908	131.73334	144.75287	50.660187	177.66422	6.084154	332000	3.0994416e-09	542.7432	-0.0039117495	-13.1154785	0.8891804	0.020470478	0.25475	4.0	703.6584708690643
83	385.86334	12.433755	408.79633	360.12445	136.06897	143.64456	51.27405	178.57184	5.8078713	336000	-4.2915342e-09	89.67751	-0.018090898	-15.483582	0.8891439	0.011209562	0.11625	79.0	712.5213432312012
84	385.87717	9.597026	409.3559	362.73117	135.72414	144.34166	52.186142	179.76785	5.7172976	340000	-5.7816507e-09	74.43752	-0.014790456	-13.31675	0.88907844	0.015088122	0.11875	43.0	721.0010976791382
85	387.416	22.367434	497.37613	369.0937	135.58621	145.31212	52.228657	180.97108	5.0053444	344000	6.7353247e-09	108.96311	-0.021210833	-22.161774	0.8814274	0.012522542	0.1505	79.0	730.1010525226593
86	386.30658	9.050126	400.8164	370.49933	135.75862	146.11018	53.16886	182.16129	1.8105869	348000	-6.556511e-10	54.40417	-0.020325359	-12.429192	0.8668171	0.015139973	0.141	68.0	738.5757992267609
87	389.3871	16.142673	450.92932	365.56033	136.06897	146.58278	52.84105	183.17607	2.8963923	352000	-1.4305115e-09	80.51975	-0.01973033	-23.615524	0.8452226	0.0113460915	0.14	79.0	747.1108102798462
88	386.9213	17.475538	459.64145	355.6641	135.34483	147.39456	53.713963	184.24536	1.9224133	356000	1.1503697e-08	63.710358	-0.016017372	-14.466469	0.8410205	0.01521749	0.16875	25.0	755.6090595722198
89	385.65775	26.854897	447.8665	264.2259	135.34483	149.68538	53.24722	185.15012	-1.4299583	360000	5.9604643e-10	245.74844	-0.017138535	-81.98927	0.83714813	0.0116915535	0.16575	79.0	764.4275517463684
90	395.5215	35.774097	520.74243	267.78458	137.06897	147.18346	53.246044	185.8385	-1.0545826	364000	-8.5830685e-09	305.2475	-0.01960498	-49.839584	0.84714895	0.013366819	0.147	79.0	773.0339601039886
91	408.88174	59.563183	551.8498	265.09677	140.85715	150.21954	52.034187	186.97952	2.2789764	368000	-6.198883e-09	654.39215	-0.020775257	-80.06641	0.8527403	0.014655044	0.1675	79.0	781.9451656341553
92	394.03177	76.24793	613.5371	157.95868	137.0	153.39238	52.72195	188.44212	-3.4276085	372000	1.0967255e-08	903.1426	-0.0039924635	-88.55304	0.83539724	0.017989589	0.2535	4.0	789.6946349143982
93	403.20474	24.391907	470.05078	374.44855	139.0	151.44325	52.718925	188.90015	-1.611443	376000	-5.00679e-09	125.84189	-0.0054992544	-38.86454	0.83599794	0.017721226	0.1845	3.0	797.5021245479584
94	423.91702	97.1552	608.29736	136.53664	143.22223	154.36884	51.893246	190.00761	1.7567916	380000	1.1920929e-09	1260.2942	-0.022386212	-305.6563	0.8357314	0.012291769	0.158	79.0	805.9135036468506
95	448.4788	100.09117	615.29755	140.12463	147.22223	159.2243	50.980705	192.1456	3.7307024	384000	-1.7285346e-08	1290.5042	-0.02366527	-142.79944	0.83168614	0.014252934	0.19675	79.0	814.1880083084106
96	478.00623	78.681046	606.5357	251.06439	155.24	163.89928	52.07386	195.24034	-3.1094036	388000	1.8000602e-08	1012.4722	-0.0094428295	-141.22083	0.8290104	0.015255169	0.21775	9.0	821.9588232040405
97	518.0737	68.76108	635.65717	391.24362	162.45833	165.97818	52.446983	198.75064	-4.5272627	392000	3.0398368e-09	1079.6798	-0.022436919	-246.27344	0.82895964	0.015071108	0.13	51.0	829.9718713760376
98	541.91907	59.177128	625.28864	408.13177	166.25	171.96037	53.99274	203.62733	1.0637708	396000	-2.2947788e-09	1085.3088	-0.011343663	-232.18866	0.8259447	0.015411377	0.1435	11.0	837.8902909755707
99	551.9771	47.9749	623.61017	391.76813	169.43478	178.94334	54.231808	208.62149	-1.8911152	400000	-7.927418e-09	877.85394	-0.016876841	-173.24286	0.8263267	0.01504211	0.10375	48.0	845.9505717754364
100	578.6289	70.03006	740.8782	378.57928	174.40909	181.79025	55.406998	212.85779	0.35282183	404000	9.477138e-09	1129.5809	-0.012202715	-202.67139	0.8231295	0.015447334	0.12275	20.0	854.0644340515137
101	571.7404	25.181837	614.027	527.76953	176.13637	187.33	56.96497	217.30518	-2.6090627	408000	1.0490417e-08	723.2658	-0.012896346	-179.11066	0.8201328	0.0150191765	0.1685	12.0	861.8868329524994
102	566.2799	94.10648	749.8375	225.29291	178.18182	188.13812	58.73347	220.43063	-3.5379891	412000	-2.1457673e-08	1025.941	-0.024074148	-90.42633	0.8179402	0.010569693	0.153	79.0	870.1600961685181
103	574.8219	52.8645	674.165	444.3928	175.31818	187.07837	58.923264	222.31393	4.990519	416000	-1.9073487e-09	651.3875	-0.02518242	-96.43097	0.80831647	0.015005594	0.169	73.0	878.5561227798462
104	534.2433	131.27365	629.13165	166.12355	166.25	192.35426	58.06307	224.94598	1.5688882	420000	-2.861023e-09	1894.6855	-0.0054091024	-71.41528	0.8151913	0.0179421	0.236	3.0	886.5594639778137
105	600.1477	60.040962	799.1113	497.67233	180.31818	190.04813	59.837227	225.86635	-2.0454574	424000	-6.0200693e-09	798.303	-0.022164442	-162.8924	0.8139532	0.015157807	0.14625	57.0	895.4662401676178
106	600.216	51.39727	735.33124	505.5249	180.63637	194.0356	60.326324	228.88264	4.166079	428000	-1.3709068e-09	620.63165	-0.007329783	-90.35327	0.8052037	0.015283202	0.118	6.0	903.2629437446594
107	565.17004	98.67472	667.7002	132.35698	175.04546	196.88571	62.411144	231.66197	-0.950387	432000	1.692772e-08	951.46027	-0.0059627146	-183.44543	0.805442	0.017487977	0.1975	6.0	911.1157307624817
108	587.94037	50.08805	696.1758	491.55957	179.0	195.17015	60.478706	232.87865	1.8177376	436000	-2.2649764e-09	703.06006	-0.012199347	-238.46536	0.80535865	0.015970998	0.13575	16.0	919.0668079853058
109	590.1098	60.869907	786.99457	516.6626	180.63637	194.57625	64.13806	234.70029	-6.1620135	440000	1.1324882e-08	495.50555	-0.023377923	-90.1528	0.79749805	0.011091076	0.129	79.0	927.3396408557892
110	564.17523	105.264694	816.0582	212.5458	174.45454	198.27527	62.10642	236.34163	7.0245934	444000	-1.07288365e-08	967.3715	-0.021831898	-177.51727	0.78849447	0.011218333	0.14075	79.0	935.8623666763306
111	588.8436	45.306774	746.94995	527.5452	179.22728	198.69016	64.48992	237.13545	2.6678858	448000	-5.4836273e-09	455.22635	-0.02362873	-79.83298	0.7838377	0.014441608	0.141	79.0	944.0773947238922
112	618.5612	61.339516	822.97266	522.9458	185.90475	200.15417	62.822678	238.50153	0.08330631	452000	1.013279e-08	612.98	-0.019829955	-117.527435	0.7932163	0.0154230185	0.14525	29.0	952.0209169387817
113	551.20074	94.858116	676.52814	138.68608	166.08696	199.73734	65.03366	240.74376	0.8030467	456000	2.384186e-10	876.8069	-0.018787997	-163.30945	0.7928406	0.013313054	0.1525	79.0	960.337931394577
114	593.6357	35.987743	694.243	510.0398	177.45454	198.73026	64.12563	241.58272	-2.6547518	460000	-3.5762786e-09	330.45752	-0.025588816	-76.086	0.7839864	0.011794551	0.1555	79.0	968.5213842391968
115	583.59204	33.41781	651.0707	488.7191	175.36363	201.62473	65.4104	243.41628	1.0565844	464000	-8.34465e-09	252.75822	-0.020439189	-33.51117	0.78523046	0.010212096	0.1505	79.0	976.7797129154205
116	573.44037	39.11717	642.6104	497.94934	172.56522	201.36215	64.76597	244.9573	5.3001385	468000	-1.704693e-08	232.2385	-0.020025996	-50.08844	0.7806777	0.015122925	0.1295	58.0	984.9587106704712
117	558.19147	97.179306	645.33777	137.35135	168.43478	202.13297	64.930565	246.07907	-5.9893637	472000	-8.165836e-09	851.64276	-0.019641452	-225.66553	0.7783353	0.014319794	0.16275	79.0	993.2430741786957
118	575.4388	67.60909	736.3878	366.27673	176.22728	199.08481	63.31218	247.15298	-6.5265145	476000	2.026558e-09	566.56287	-0.023136683	-235.96362	0.78852636	0.015157069	0.15325	46.0	1001.310638666153
119	601.8942	74.37162	765.1808	427.27222	183.2381	201.54059	65.428185	248.02821	1.6263218	480000	-1.0490417e-08	462.57944	-0.02402116	-104.36191	0.7736172	0.015094113	0.14975	52.0	1009.7432589530945
120	602.7409	47.6959	725.33246	520.24347	183.85715	204.61122	65.57248	249.58504	1.9407058	484000	7.629395e-09	330.0167	-0.023405667	-98.16829	0.77285033	0.008525614	0.147	79.0	1018.5481305122375
121	599.6127	58.480705	753.8201	474.7342	181.36363	203.75525	67.30508	250.47464	1.0940971	488000	-1.0967255e-08	403.66217	-0.023757134	-50.328033	0.7642539	0.012775539	0.1485	79.0	1027.041578054428
122	596.62573	68.13219	812.3038	399.3057	179.63637	204.47264	67.4976	251.43527	3.6746492	492000	4.768372e-10	436.3017	-0.025696307	-138.61258	0.7597919	0.012511029	0.15	79.0	1035.4506316184998
123	589.79095	70.583145	664.87933	309.04822	179.68182	205.27509	67.03028	252.55922	-1.390089	496000	-1.6689301e-09	586.9661	-0.023007018	-210.55316	0.7558291	0.0137699405	0.162	79.0	1044.0290398597717
124	612.91766	63.653816	792.9725	533.16785	181.57143	203.95955	66.07362	253.44699	-2.2740698	500000	-4.4107438e-09	408.25034	-0.0035244864	-161.34348	0.7586823	0.01538342	0.14575	3.0	1051.7872235774994
125	575.8339	37.10344	633.13763	473.18118	175.54546	208.24753	69.377815	255.30623	0.98323536	504000	2.1457671e-09	432.79196	-0.020845221	-251.13577	0.7583448	0.014023522	0.123	79.0	1060.9264245033264
126	553.85376	117.89891	660.2498	132.30832	168.04347	205.71255	65.691185	255.48761	1.3320928	508000	-1.26361845e-08	1388.8689	-0.0066488218	-327.1045	0.7602722	0.018152671	0.1775	5.0	1069.3400752544403
127	569.6701	127.51542	787.9104	168.12007	174.59091	196.73512	64.55768	255.87466	-9.608436	512000	-3.5762786e-09	1069.6825	-0.014388202	-553.56683	0.75940245	0.015143477	0.16475	16.0	1077.8071196079254
128	610.4983	93.82	735.77216	238.30733	181.18182	209.05074	65.51657	256.93198	4.1750817	516000	2.1457671e-09	915.1939	-0.023597121	-125.24048	0.75500315	0.013308508	0.18225	79.0	1086.9093477725983
129	610.8353	108.15962	792.6698	366.4989	186.71428	213.63454	63.693787	257.93826	7.9327025	520000	7.510185e-09	1537.2803	-0.02580294	-382.64404	0.751712	0.009796884	0.15775	79.0	1095.7210278511047
130	568.19366	98.54139	695.7261	153.91997	173.47826	202.39542	67.92091	258.42706	8.068308	524000	1.013279e-08	809.8804	-0.017301083	-342.20078	0.7558951	0.01526371	0.1655	25.0	1104.0813512802124
131	571.47516	139.05606	820.1749	143.40973	170.65218	203.39478	65.65255	258.99533	6.1536956	528000	4.529953e-09	1608.65	-0.0063682003	-249.36987	0.75450087	0.015704062	0.25775	5.0	1112.0904092788696
132	618.37415	78.107	778.1888	479.28058	185.04762	208.49919	65.271034	259.13272	5.5157456	532000	-3.2782554e-09	395.62714	-0.023645371	-168.3777	0.7549782	0.015006347	0.15425	63.0	1120.2264127731323
133	624.33514	130.64954	880.5554	365.56567	187.95238	213.55144	64.43345	260.46872	1.5010481	536000	1.8119811e-08	1309.8774	-0.016191682	-288.46313	0.7400795	0.015619569	0.16075	21.0	1128.0359556674957
134	611.2076	73.54104	760.8277	501.9108	180.18182	203.5071	70.4896	261.96777	-1.2415972	540000	-8.34465e-09	498.999	-0.022705995	-246.31952	0.7406803	0.015126342	0.17125	67.0	1136.0788776874542
135	594.6051	60.99236	694.7524	399.25232	176.0	215.30475	67.552	263.22665	9.110384	544000	6.437302e-09	818.11237	-0.023692228	-267.09625	0.7267119	0.010241602	0.146	79.0	1144.3180420398712
136	627.3194	53.89621	734.07776	480.2483	186.71428	208.25427	68.34519	263.214	1.5119853	548000	2.3841857e-09	348.34824	-0.02379484	-111.29579	0.71903616	0.015313456	0.1515	64.0	1152.4619386196136
137	656.7539	83.577034	833.39984	523.5148	194.5	215.09843	66.84539	264.65634	-0.867115	552000	-1.3113022e-08	431.72095	-0.0041323085	-170.1315	0.7052298	0.015865399	0.18275	4.0	1160.3364400863647
138	622.73193	70.40372	775.90643	505.92334	184.66667	217.09271	66.972565	266.6299	0.9710188	556000	1.0848045e-08	543.0694	-0.024060385	-125.46759	0.70604295	0.014233718	0.18425	79.0	1168.5448293685913
139	618.5357	69.59503	771.02814	535.2668	178.59091	211.10214	69.34141	267.1934	5.651992	560000	-1.2874604e-08	329.05377	-0.017725937	-110.98117	0.6886882	0.015011298	0.1425	22.0	1176.3520176410675
140	590.2871	132.44467	805.7269	132.8502	174.59091	219.78128	67.37389	268.7175	6.4866705	564000	-7.1525574e-10	1686.5764	-0.007052953	-587.7634	0.68595695	0.017350461	0.176	4.0	1184.1702466011047
141	596.6063	59.409878	715.1287	511.13046	182.2381	212.66316	69.30887	269.27307	-6.2779446	568000	-1.1444092e-08	615.5447	-0.016446393	-295.18024	0.6848072	0.0151898675	0.14825	25.0	1192.1354653835297
142	613.07605	97.5032	843.11163	385.1503	186.4762	206.49539	67.98605	269.18613	-33.86252	572000	-2.3841857e-09	603.1651	-0.029716073	-135.92828	0.6772989	0.010071762	0.1745	79.0	1200.5143599510193
143	670.39923	92.74895	853.25775	549.4454	202.36842	209.08292	68.40043	269.69458	-2.9277134	576000	-7.1525574e-10	559.724	-0.02565209	-156.75726	0.66310513	0.011491885	0.1585	79.0	1208.9479012489319
144	651.1684	55.72604	774.16187	561.70685	196.0	215.94507	68.87704	270.8072	3.066061	580000	6.9141386e-09	333.5043	-0.023421854	-100.007935	0.6530231	0.0150094675	0.135	61.0	1217.275223493576
145	601.6647	76.06203	756.886	392.70947	180.45454	213.69427	71.231735	271.44452	0.500927	584000	1.4066696e-08	436.60403	-0.012817898	-137.84396	0.654234	0.016181652	0.19275	14.0	1225.1196019649506
146	639.2802	58.788216	752.854	552.2846	190.19048	209.32603	70.44028	271.7625	3.8579445	588000	1.4066696e-08	281.64978	-0.025343562	-94.17531	0.65209043	0.012650133	0.17275	79.0	1233.7499282360077
147	670.6824	73.039444	847.3503	552.8512	195.95	218.74916	68.71951	272.71957	-7.779587	592000	8.5830685e-09	316.9467	-0.023507105	-89.35852	0.63683456	0.012724551	0.14475	79.0	1242.248467206955
148	659.45044	105.1532	836.633	379.77505	197.4	223.50009	71.14701	274.54874	-6.3163795	596000	-1.1384487e-08	625.8261	-0.025237367	-226.8216	0.62544537	0.0122721335	0.16575	79.0	1250.9681272506714
149	653.6205	58.401573	789.1557	577.95276	193.85	217.22603	69.795296	275.33176	5.6500406	600000	8.34465e-09	374.5878	-0.013369178	-80.07657	0.62218255	0.015382601	0.158	12.0	1259.114548444748
150	637.1351	114.17883	844.9894	264.4962	192.6	219.47919	69.72631	275.60544	6.2859707	604000	-9.536744e-10	1077.0974	-0.020520845	-120.68878	0.6204993	0.008628727	0.15925	79.0	1267.9045357704163
151	638.9034	63.963375	788.3564	525.15515	188.71428	211.47485	71.17629	274.73608	4.994831	608000	2.193451e-08	290.55896	-0.024848243	-65.87239	0.6017525	0.010301405	0.1435	79.0	1276.2976624965668
152	661.8702	110.81595	841.75024	353.73877	197.85	217.39249	67.74595	275.69934	7.180052	612000	1.525879e-08	724.56445	-0.024049236	-230.43158	0.598265	0.015056646	0.19175	66.0	1284.4513697624207
153	665.8812	87.392204	837.5566	537.61615	196.35	219.34866	70.280136	276.7041	6.158478	616000	1.26361845e-08	347.69876	-0.025229702	-90.845276	0.58475167	0.015059504	0.16125	75.0	1292.7788307666779
154	695.34656	97.6677	854.5241	550.6879	205.3158	225.86543	68.86681	277.51288	-3.442607	620000	-1.7881394e-10	950.7444	-0.012666193	-244.71722	0.5754798	0.015220955	0.154	15.0	1300.5432794094086
155	682.9525	121.644066	837.1912	230.82806	204.57895	223.84271	69.62372	278.135	0.837739	624000	-3.5762786e-09	1044.8175	-0.005991438	-95.71759	0.5721329	0.016714893	0.20675	4.0	1308.3708865642548
156	636.4631	109.92493	796.8883	347.94382	198.05	221.44205	69.931816	277.3109	1.4145708	628000	7.1525574e-10	1393.7571	-0.025579643	-629.6507	0.57017636	0.0073860115	0.18575	79.0	1316.5994114875793
157	713.0128	69.108574	825.6701	589.5751	214.61111	215.4069	64.459564	276.1559	6.105896	632000	1.2695789e-08	729.7315	-0.00912995	-288.8704	0.56600004	0.015947588	0.12925	12.0	1324.620483636856
158	730.35266	73.37817	832.2899	580.345	217.66667	221.42778	69.96283	277.74918	3.3782167	636000	-3.004074e-08	421.6329	-0.024966618	-116.3551	0.56611496	0.013062561	0.14275	79.0	1332.9313225746155
159	729.0125	71.659775	830.04584	610.3796	212.66667	223.33423	72.11099	279.55716	-2.0895424	640000	-1.1920929e-09	354.17664	-0.02525134	-161.15344	0.55658585	0.009705895	0.15	79.0	1341.0708508491516
160	720.6417	114.44223	874.235	374.37363	211.11111	231.0268	70.463844	282.2186	0.5456257	644000	-4.887581e-09	907.64984	-0.015161157	-289.8106	0.5411787	0.015457626	0.18525	19.0	1348.8736021518707
161	703.7809	94.39209	850.1004	400.007	206.42105	228.33469	69.57072	283.86884	-9.778587	648000	-5.4836273e-09	766.5304	-0.020293823	-129.52087	0.54281896	0.011380468	0.125	79.0	1357.142058134079
162	687.75116	98.01576	875.72876	408.62524	206.63158	223.76173	72.01435	284.9998	4.8576403	652000	-2.2649765e-08	749.5859	-0.024219764	-152.06836	0.54524684	0.0077963774	0.1625	79.0	1369.676194190979
163	708.20654	111.97229	866.77997	363.32	210.52632	223.79857	67.863014	284.3565	-4.8574743	656000	-9.3877315e-09	696.6013	-0.006058248	-275.00696	0.5436691	0.01585303	0.20075	4.0	1377.3711853027344
164	650.5552	62.50116	835.1587	550.02185	189.14285	218.78961	73.93066	285.50958	-1.0026073	660000	-7.7486035e-09	262.96164	-0.010037024	-126.80293	0.5442913	0.0150658935	0.15475	8.0	1385.0876483917236
165	659.42664	83.01478	859.7369	497.93918	193.5	222.67665	73.24335	285.782	-9.459974	664000	9.6559525e-09	269.18622	-0.023928458	-74.52577	0.5455593	0.011540921	0.17475	79.0	1393.3258697986603
166	694.56305	50.645336	793.3779	609.22394	201.42105	222.18808	73.887436	285.96124	-6.825284	668000	1.6570091e-08	236.31795	-0.023604138	-67.102325	0.5323718	0.011269747	0.15025	79.0	1401.6953191757202
167	652.7208	87.59811	857.37854	452.1142	191.75	225.66704	72.41824	286.56485	7.6565275	672000	-1.1622905e-08	203.8082	-0.016127411	-86.85465	0.5352926	0.015203994	0.155	27.0	1409.6069588661194
168	686.65265	81.595055	867.373	566.10077	200.21053	223.76857	72.92761	287.10147	5.283931	676000	3.2305717e-08	222.34593	-0.0039249733	-57.58879	0.5268672	0.021318825	0.24875	3.0	1417.447648525238
169	732.6838	101.99327	880.9577	588.7478	222.05556	232.09192	66.75464	287.99988	8.524299	680000	3.0994416e-09	681.1213	-0.010266292	-313.79184	0.52571636	0.015431818	0.18175	10.0	1425.1739332675934
170	770.2191	75.303604	875.244	604.12274	223.0	226.86595	71.628815	288.03867	-1.6875391	684000	-6.7949295e-09	1055.1226	-0.021164244	-349.57092	0.5224798	0.015199239	0.1695	54.0	1433.2770187854767
171	730.8516	73.211914	878.0373	619.9837	219.83333	239.15036	68.45505	290.38388	7.1351767	688000	-1.8239021e-08	1941.8013	-0.020632096	-893.9319	0.51083654	0.008310362	0.174	79.0	1441.7712416648865
172	729.8265	78.94848	872.03894	637.6232	216.66667	224.86504	67.38204	289.40952	7.2435465	692000	1.2397766e-08	640.8512	-0.024732027	-319.01337	0.51457	0.015001965	0.15625	54.0	1449.7497725486755
173	732.61615	72.09195	874.78906	601.0603	213.0	227.77103	71.63319	290.8124	1.1775827	696000	-6.6757204e-09	562.34796	-0.008732504	-130.83896	0.5081188	0.015158129	0.149	8.0	1457.560316324234
174	746.2804	65.69073	868.36017	635.7471	216.16667	232.80142	72.17768	291.80905	5.633541	700000	-3.2901763e-08	893.08124	-0.020346824	-217.11084	0.50684047	0.012860008	0.1835	79.0	1466.3905267715454
175	751.58185	80.36619	881.3274	606.2526	218.38889	235.67087	68.78426	292.69803	6.4674892	704000	1.1920929e-09	826.859	-0.021123452	-111.97034	0.5011029	0.008680279	0.17775	79.0	1475.1487097740173
176	741.8421	98.252335	857.41364	450.05295	219.0	236.1979	66.4519	293.90378	-4.5488367	708000	-3.3378602e-09	800.6391	-0.026453417	-274.15875	0.48882365	0.006326094	0.178	79.0	1483.5294301509857
177	724.49713	73.507225	859.82184	616.3087	212.5	229.51988	72.53357	294.28354	2.8747873	712000	-1.3649464e-08	921.0393	-0.022903234	-272.11255	0.4909131	0.007274075	0.191	79.0	1492.1217112541199
178	748.8308	78.97648	857.8655	618.6988	215.38889	229.86736	71.04962	294.3897	3.699955	716000	-2.3841858e-08	371.39822	-0.027439458	-217.2795	0.48810416	0.0142205255	0.1545	79.0	1500.4607644081116
179	687.9907	101.78812	847.5259	422.90765	199.6	231.2425	76.26151	296.0954	3.3016043	720000	1.525879e-08	370.43143	-0.02983379	-151.73	0.48695207	0.007059608	0.19825	79.0	1509.037428855896
180	756.15155	69.60215	865.45294	581.19507	217.83333	233.80475	70.629196	296.59302	0.8544178	724000	5.00679e-09	490.24557	-0.00295517	-210.81812	0.47701168	0.017664464	0.20025	3.0	1516.972352027893
181	746.885	67.52897	866.5951	619.7702	227.41176	242.56003	66.22922	298.32513	-6.228463	728000	-9.6559525e-09	2001.2662	-0.017228479	-957.72095	0.47645026	0.015176647	0.1755	30.0	1528.1746587753296
182	785.724	64.70015	870.9891	656.6774	227.23529	226.20035	68.65809	296.24417	-2.4602451	732000	5.00679e-09	749.9054	-0.011519625	-533.64014	0.4736207	0.015468433	0.1505	12.0	1535.9280233383179
183	750.98944	67.73908	861.8382	615.9998	221.94444	243.33154	69.604774	297.44836	2.9407282	736000	6.9141386e-09	1795.8866	-0.025261866	-815.6047	0.47586563	0.0081740515	0.199	79.0	1544.4414563179016
184	774.62836	73.54184	869.7737	644.3045	225.17647	230.6099	69.29177	297.00162	2.3554726	740000	1.7404556e-08	608.7356	-0.008753693	-299.48758	0.47170544	0.015371908	0.2185	9.0	1552.2117683887482
185	799.6006	64.36871	865.3118	596.25745	237.6875	242.53069	64.91253	298.5568	7.7456665	744000	1.5676022e-08	729.25543	-0.02261182	-218.63931	0.472831	0.014823251	0.18325	79.0	1560.4593408107758
186	757.88	76.23812	864.7221	603.67175	226.76471	236.26443	71.29408	298.42273	-4.3691673	748000	-9.298325e-09	996.8747	-0.022742033	-292.06458	0.47001046	0.008514091	0.16225	79.0	1568.8539454936981
187	779.3088	74.985016	875.34283	605.77936	232.23529	228.13663	69.77455	297.6339	6.7829456	752000	3.5762787e-10	784.3056	-0.010491823	-274.21216	0.4726725	0.016114552	0.14375	9.0	1576.6507534980774
188	836.07367	27.878628	873.5088	765.5633	243.625	237.00685	69.8062	297.70938	-9.524534	756000	-2.157688e-08	235.51999	-0.020390188	-141.86955	0.47073507	0.01530248	0.1485	36.0	1584.6080327033997
189	785.63007	75.85157	870.2164	604.9072	228.52942	241.13872	75.53532	299.70566	-10.79848	760000	-5.90086e-09	173.07706	-0.01739052	-77.49656	0.4673011	0.01512566	0.13	26.0	1592.6231954097748
190	736.69196	66.203636	818.77124	626.2452	220.38889	241.42873	70.50989	299.752	-5.96255	764000	1.0848045e-08	1156.2881	-0.0044134343	-574.6075	0.45915186	0.018652068	0.212	4.0	1604.2305858135223
191	754.5772	117.46181	870.22296	383.8175	228.58824	231.78394	65.629265	297.97223	-2.059495	768000	-1.8239021e-08	1668.267	-0.022196602	-441.81274	0.45934156	0.015125751	0.1985	70.0	1612.483481645584
192	805.66614	45.372555	852.7387	713.23553	244.75	229.85191	64.24848	297.57025	-9.246089	772000	-4.053116e-09	1360.3474	-0.008493195	-662.2069	0.45140687	0.015475297	0.13675	9.0	1620.4260892868042
193	729.42896	88.8735	877.3747	625.87396	216.55556	230.19313	78.87274	299.07846	-3.5029297	776000	2.6226044e-09	774.05865	-0.026409281	-347.6938	0.45305875	0.01257305	0.19875	79.0	1628.6148471832275
194	805.8038	58.662113	858.655	612.01556	235.25	232.33139	66.19841	298.44403	-2.4452677	780000	1.5497207e-08	662.3233	-0.019808438	-430.68988	0.43727338	0.0151734585	0.14275	31.0	1636.4674897193909
195	764.20386	67.03424	854.41724	665.2412	227.05882	245.20644	67.49471	300.91934	-16.060545	784000	-2.8133393e-08	1026.455	-0.025195101	-440.0559	0.43430936	0.014456724	0.205	79.0	1644.8202459812164
196	806.15686	83.74054	888.0242	635.1708	231.76471	227.2744	77.644066	299.9101	-39.734116	788000	7.152557e-09	559.91437	-0.012846783	-405.12268	0.44135836	0.01567249	0.13725	16.0	1652.6819033622742
197	750.6823	82.22783	873.29236	595.03424	222.88235	247.84311	70.26833	302.30637	-20.47924	792000	-2.6226044e-09	1601.6014	-0.0062295296	-876.21625	0.44019324	0.01652649	0.21625	5.0	1660.611272573471
198	757.41724	80.00666	871.81146	614.5542	221.5	231.70871	71.34282	300.79822	-1.9312162	796000	9.298325e-09	291.52307	-0.0035633903	-172.6142	0.4390967	0.01864561	0.18025	3.0	1668.4310545921326
199	753.1694	88.726875	869.32166	621.10944	221.16667	233.26013	73.35067	300.55203	-5.3174524	800000	3.33786e-08	185.56306	-0.025105607	-45.993515	0.43745786	0.013658238	0.156	79.0	1676.6291341781616
200	776.09973	63.64546	875.6787	660.3107	233.58824	242.92725	66.117546	300.3146	-3.7631073	804000	2.4795533e-08	1990.9353	-0.026018674	-1097.0574	0.43015102	0.011905543	0.2215	79.0	1685.024686574936
201	793.36816	73.60659	875.0945	610.419	237.6875	232.5852	65.37906	301.25	5.8687477	808000	-3.8146974e-09	969.9018	-0.013417781	-217.36969	0.4143766	0.015553431	0.1825	13.0	1692.9373803138733
202	732.343	64.30534	843.3847	600.0294	218.27777	229.55421	74.08357	301.81522	-22.61444	812000	5.2452087e-09	347.23114	-0.024342947	-151.55759	0.4085884	0.015296424	0.164	71.0	1701.2196507453918
203	722.3727	91.234215	876.4758	549.75775	213.83333	226.35643	74.60488	298.20215	-9.139024	816000	-4.172325e-09	275.10406	-0.025427662	-91.68466	0.39533883	0.012901093	0.16525	79.0	1709.6553332805634
204	779.48193	78.82909	865.8464	632.7841	230.70589	235.87216	67.82594	299.51443	-31.993668	820000	1.34706495e-08	439.02078	-0.025143735	-130.66193	0.3858315	0.012434558	0.15525	79.0	1718.504578590393
205	790.34875	57.43656	866.5422	662.1928	238.0625	240.50856	65.585754	301.0249	-23.727356	824000	1.0609627e-08	1048.938	-0.023443384	-473.85394	0.38382602	0.008192125	0.17225	79.0	1727.0199716091156
206	774.4012	74.578285	868.4885	640.7771	230.47058	229.08882	72.14776	301.6824	0.22395992	828000	-1.4305115e-09	399.21335	-0.020401923	-134.19754	0.37684053	0.0153303025	0.16075	41.0	1735.1028056144714
207	793.797	70.27941	868.9556	570.4838	233.05882	233.78006	72.92864	301.04987	4.290743	832000	1.0848045e-08	191.67699	-0.022197083	-81.89576	0.38304496	0.015083248	0.1475	36.0	1743.4922199249268
208	760.2803	138.62808	856.0153	256.71194	227.88235	242.14925	68.73522	303.24637	-11.826365	836000	-2.014637e-08	1443.6029	-0.0033977479	-350.76074	0.38011524	0.01936516	0.32475	3.0	1751.4376916885376
209	800.66095	56.03176	856.88086	630.32996	241.375	233.56116	64.47752	299.08636	4.546234	840000	5.00679e-09	688.41077	-0.021206357	-294.7959	0.37851363	0.012319069	0.15825	79.0	1760.065838098526
210	776.8068	64.93308	856.1852	618.1999	234.88235	232.51031	71.32947	302.43524	4.7818146	844000	-3.4809112e-08	321.8707	-0.025701635	-127.97577	0.38227445	0.014692148	0.163	79.0	1768.2682704925537
211	762.6274	63.376728	825.9023	599.1976	230.29411	229.89246	71.17683	299.85132	-25.779747	848000	-5.841255e-09	266.5797	-0.028699744	-94.714035	0.38936234	0.010468315	0.16925	79.0	1776.8287279605865
212	756.53986	106.22626	856.1259	453.73743	228.0	232.79697	69.73521	300.04788	-29.38749	852000	1.0251999e-08	641.8537	-0.024551732	-165.8725	0.3818187	0.008532984	0.18975	79.0	1785.4291594028473
213	796.13965	60.873676	863.88855	618.37256	239.25	229.46548	68.6517	300.02017	-10.279781	856000	-6.437302e-09	503.8313	-0.026728632	-181.74551	0.38171187	0.013664957	0.17375	79.0	1794.0436120033264
214	799.7907	38.046673	867.27655	719.36395	245.125	236.1827	66.18056	299.40228	10.526355	860000	-6.6161157e-09	683.71454	-0.0231776	-234.80618	0.36963993	0.008845812	0.17425	79.0	1802.5097393989563
215	793.3637	51.572624	856.5079	644.00653	245.75	232.57805	65.71962	299.69415	2.0195122	864000	-2.324581e-08	1170.053	-0.006225309	-496.1643	0.3668451	0.015797304	0.17725	3.0	1810.8567388057709
216	701.3982	137.06924	866.232	272.04446	210.36842	224.96736	77.228645	299.46393	0.19603157	868000	1.9550324e-08	1284.3942	-0.0077045816	-389.86487	0.36725792	0.016147288	0.199	8.0	1819.1212675571442
217	752.20386	88.83015	857.3202	610.983	227.23529	229.66747	64.184296	299.4107	-6.2377863	872000	-1.847744e-08	1185.5786	-0.022855882	-767.8037	0.36616305	0.010838129	0.16025	79.0	1827.4286408424377
218	759.1289	99.47767	873.16113	591.0273	223.82353	226.50969	71.31978	292.8403	-1.8207169	876000	4.0650367e-08	505.2052	-0.027479306	-309.22754	0.35995096	0.011770898	0.16875	79.0	1835.7675395011902
219	790.25183	66.12483	861.51434	655.3406	234.88235	236.53506	70.45858	302.29202	-2.2387266	880000	1.3113022e-09	223.056	-0.026467338	-108.76101	0.360443	0.010374341	0.16375	79.0	1844.0427913665771
220	746.9054	77.022224	855.4489	620.91327	222.41176	228.88216	74.94279	303.01443	-12.334325	884000	-7.629395e-09	151.78616	-0.030186	-46.76558	0.3617862	0.012606882	0.18975	79.0	1852.183346271515
221	759.4429	145.7611	865.34564	246.66978	227.41176	237.04834	70.969864	300.9389	-31.784328	888000	1.9073487e-09	1540.9364	-0.0062732054	-347.2024	0.33353692	0.019394156	0.20675	3.0	1859.9576261043549
222	795.25464	57.606117	867.20734	702.5861	238.625	227.06593	69.27065	297.8489	8.257791	892000	-1.4305115e-09	942.3095	-0.022787418	-334.14246	0.33280692	0.015330316	0.177	69.0	1868.046756029129
223	793.1105	36.153984	853.9548	719.472	240.3125	235.94536	64.69873	305.23755	7.185277	896000	6.198883e-09	872.88074	-0.022466885	-312.74573	0.32911378	0.011898654	0.16575	79.0	1876.2823059558868
224	784.2466	65.917336	854.5026	617.97394	236.125	232.5934	70.32502	305.15433	-18.372972	900000	-7.867813e-09	468.888	-0.025040267	-166.78088	0.3183835	0.011143077	0.18075	79.0	1884.5894358158112
225	788.0157	62.562	861.7459	658.13025	234.11765	228.03561	74.35966	301.0679	-0.40925884	904000	1.9311905e-08	336.10135	-0.014787976	-127.924194	0.308089	0.016237933	0.16625	19.0	1892.42125415802
226	811.0626	49.3482	854.6358	659.8161	246.5	239.02548	67.62952	304.90063	8.62732	908000	3.8146974e-09	754.685	-0.023678284	-355.52325	0.30898666	0.01019529	0.2015	79.0	1900.5965859889984
227	812.52795	44.79066	870.4293	701.9903	245.8125	227.89862	70.98634	304.90506	-14.837828	912000	4.768372e-10	829.9134	-0.025925338	-230.81738	0.29494905	0.015080235	0.22525	65.0	1908.8886094093323
228	809.59503	37.45088	870.7269	733.21124	242.4375	233.43996	72.225845	309.34872	3.2826223	916000	-1.3828277e-08	603.49567	-0.0132340975	-214.11203	0.28030276	0.015589713	0.1555	15.0	1916.7703576087952
229	772.74646	67.69603	870.3311	662.47144	229.82353	233.01219	74.18956	304.7911	-23.155582	920000	-4.2915342e-09	660.6538	-0.01154502	-191.29614	0.27499595	0.016321773	0.148	11.0	1924.6069173812866
230	743.72656	86.50177	869.25574	589.53876	221.55556	230.80284	73.37804	304.26898	2.100975	924000	-1.5974045e-08	434.71948	-0.010814193	-179.66673	0.27456588	0.015194621	0.163	14.0	1932.397050857544
231	809.13354	40.367725	870.77277	730.53436	239.0	235.88469	70.291046	302.81485	-0.76514626	928000	-5.2452087e-09	324.4924	-0.0029620249	-119.25192	0.27416518	0.015846066	0.20325	2.0	1940.1914355754852
232	695.2771	90.796555	835.2221	416.3338	212.88889	239.93	71.69566	308.7766	-31.156715	932000	8.3446505e-10	1323.7897	-0.025533374	-686.6231	0.2737249	0.010960483	0.15675	79.0	1948.5586605072021
233	732.1895	79.84675	849.857	557.0649	222.70589	220.32503	69.20215	293.48276	-8.279605	936000	-1.9550324e-08	321.85745	-0.021548506	-155.68053	0.267626	0.0151120685	0.18375	25.0	1956.4744186401367
234	730.8084	106.6306	866.75903	402.3809	221.11111	225.95343	71.63895	298.17316	-0.7780924	940000	1.5735626e-08	1031.2662	-0.0039281114	-380.7647	0.26377428	0.01762411	0.18975	2.0	1964.1651499271393
235	755.12524	85.81003	865.50433	580.241	223.41176	224.01312	71.29862	296.23862	-16.767197	944000	6.198883e-09	465.4936	-0.014630015	-283.03268	0.26338753	0.0151193235	0.176	19.0	1972.1373279094696
236	760.9247	69.83111	871.3136	660.4206	222.82353	226.81488	76.96031	303.9975	-40.620155	948000	3.409386e-08	340.53766	-0.0075246543	-242.69618	0.26188153	0.015136127	0.15425	7.0	1979.9088995456696
237	765.858	85.74645	874.3781	634.1123	226.35294	242.0163	68.613525	308.00903	-34.55942	952000	-1.2159347e-08	461.29764	-0.009574904	-208.44113	0.26245037	0.015229229	0.1475	8.0	1987.6393263339996
238	810.69324	74.6354	881.3853	650.6841	239.25	240.7966	67.84862	306.33344	-11.083491	956000	3.552437e-08	535.99963	-0.011472933	-193.49408	0.261188	0.015078539	0.202	9.0	1995.4616544246674
239	791.16473	59.780922	853.6445	666.11475	240.0625	236.40181	70.26442	305.85123	-15.159678	960000	-3.0994414e-08	901.58527	-0.024681631	-378.62952	0.25990853	0.011622133	0.20375	79.0	2003.6792130470276
240	821.9573	42.75496	852.54486	668.5392	244.3125	231.79926	69.83137	302.76547	1.8254166	964000	2.861023e-09	525.1544	-0.01080474	-258.75226	0.25986004	0.019451322	0.19775	9.0	2011.734693288803
241	720.43207	142.61406	863.5249	357.90552	215.72223	231.40182	80.79698	307.89896	-42.514057	968000	-1.7106533e-08	2040.9972	-0.003435335	-588.8485	0.25720575	0.015636422	0.2075	3.0	2019.572830438614
242	723.1815	73.3902	852.0341	624.179	214.88889	224.48671	69.56131	293.6161	-17.358784	972000	1.859665e-08	279.77933	-0.013139849	-177.60138	0.2559902	0.016265312	0.1725	15.0	2027.3837988376617
243	800.8249	63.01792	869.7207	674.9422	233.52942	231.28423	73.54884	305.0449	-9.049445	976000	5.722046e-09	140.20538	-0.016886204	-80.31876	0.25623566	0.015389451	0.16725	20.0	2035.4145095348358
244	743.273	76.5452	863.2786	631.0396	219.83333	233.71925	75.14231	310.44098	-13.010705	980000	4.529953e-09	261.2263	-0.010948875	-87.72307	0.25222605	0.015863754	0.18625	8.0	2043.3915841579437
245	724.99084	199.11307	868.08203	177.69963	215.38889	234.83528	71.68372	307.49387	-6.338361	984000	4.768372e-10	1897.499	-0.004566451	-208.44055	0.24964781	0.016003065	0.212	3.0	2051.2336733341217
246	838.93787	30.027168	883.84235	783.46027	248.1875	237.13672	66.14268	307.457	8.918947	988000	-1.5974045e-08	624.6096	-0.022629758	-413.9319	0.24805094	0.009288578	0.18625	79.0	2059.5071415901184
247	837.468	29.350723	878.87006	747.88135	246.375	239.93994	72.00137	308.2333	16.139051	992000	-3.5762786e-09	201.24663	-0.018006718	-132.2964	0.24164592	0.015593182	0.1685	22.0	2067.4884734153748
248	828.5783	45.704155	869.6664	677.61346	243.4375	243.23906	73.50671	307.52246	-18.417543	996000	-1.9073486e-08	112.40925	-0.029446233	-26.839645	0.23508182	0.012264926	0.18425	79.0	2076.148223876953
249	787.30084	161.1722	866.43604	177.04416	235.6875	242.54144	69.68422	307.30707	5.5024204	1000000	1.26361845e-08	1409.0521	-0.003516888	-285.2351	0.22180298	0.01528004	0.23075	3.0	2083.992280483246
250	816.0459	38.931545	862.1393	737.6276	248.5625	230.07556	66.527725	304.93835	12.666369	1004000	-1.5497208e-09	621.93304	-0.012879828	-293.55298	0.22219741	0.015435473	0.1725	19.0	2092.0616648197174
251	807.0094	42.104744	870.10126	734.1792	245.6875	229.94682	74.32944	310.9508	-0.06564045	1008000	-1.5735626e-08	584.586	-0.014721776	-222.04959	0.22316933	0.015165107	0.17725	22.0	2100.2469305992126
252	804.6241	31.886683	839.0998	742.8119	247.875	233.94235	67.54396	308.96893	0.053417206	1012000	4.7683715e-09	821.3441	-0.02439848	-412.95752	0.2184359	0.015067137	0.1885	78.0	2108.4701249599457
253	825.4739	26.874058	866.5253	767.0646	248.25	229.85776	71.016464	304.6464	-26.117386	1016000	-1.168251e-08	587.1522	-0.015274458	-278.44183	0.21558921	0.015173236	0.1295	27.0	2116.389655351639
254	828.03326	39.05601	863.99945	694.02075	245.25	237.55159	74.18847	311.6721	-34.269604	1020000	6.9141386e-09	237.63428	-0.023743218	-95.48442	0.21345884	0.015444626	0.19425	37.0	2124.30042886734
255	820.36816	44.776936	878.47144	700.48706	242.25	239.8994	73.41068	312.63058	-6.8263006	1024000	2.5629998e-08	440.95206	-0.009734574	-201.28912	0.20435764	0.015259515	0.14675	12.0	2132.0405559539795
256	796.66785	46.93949	853.2765	724.18256	243.375	234.34625	73.359406	310.65637	-14.635779	1028000	-4.2915342e-09	1000.5068	-0.0110225985	-531.76465	0.2029881	0.015231251	0.19	9.0	2139.901873588562
257	838.3639	28.879269	877.0714	771.93274	247.0	234.84459	68.76223	309.85315	12.180924	1032000	-2.5272369e-08	419.4857	-0.025406213	-232.26614	0.2034124	0.009281868	0.181	79.0	2149.3744785785675
258	786.2356	170.76376	867.08594	143.75423	235.5	242.1796	70.88842	311.97058	2.4562492	1036000	1.1444092e-08	1248.064	-0.02109584	-256.45367	0.19163223	0.011090742	0.20925	79.0	2157.584419965744
259	831.87	34.244144	873.62634	756.7522	246.4375	233.86078	68.89548	310.87274	0.027941704	1040000	-3.7550926e-08	402.3001	-0.02407267	-188.33246	0.18539129	0.010458031	0.1775	79.0	2165.9003760814667
260	839.4224	35.69873	884.92633	726.7695	243.875	243.40083	71.71616	310.98013	0.8865814	1044000	1.1920929e-09	156.19841	-0.012427943	-62.004852	0.17039071	0.018853031	0.21375	9.0	2173.6281971931458
261	813.3729	56.75302	870.941	714.1386	235.0	238.44966	77.000175	312.32224	3.2382755	1048000	7.867813e-09	201.09529	-0.026864365	-98.500755	0.16890626	0.013510611	0.186	79.0	2181.845072031021
262	737.0617	208.98273	874.5225	139.5028	218.77777	246.46791	71.54834	313.28397	6.4825954	1052000	5.4836273e-09	2086.6963	-0.0052682348	-380.8628	0.15876217	0.027276145	0.255	2.0	2189.647531747818
263	827.7195	47.700813	882.519	738.7175	243.3125	233.47644	69.7207	307.4197	-6.161254	1056000	5.6028364e-09	656.4915	-0.0052990178	-305.1628	0.15851855	0.015905598	0.184	5.0	2197.474667072296
264	830.38904	38.989773	877.7397	739.91235	242.875	242.7913	70.462	312.27005	5.8587103	1060000	-7.629395e-09	300.38693	-0.02227116	-147.40944	0.15829726	0.0119799	0.2	79.0	2205.970563173294
265	811.27576	36.517433	852.0013	721.97394	238.8125	241.3765	71.706566	313.32437	2.0280313	1064000	-3.528595e-08	237.74008	-0.015988788	-103.88248	0.15291718	0.017352423	0.191	14.0	2213.899390220642
266	800.39075	57.014797	873.63745	661.46124	236.9375	241.5964	70.8179	313.06546	0.43725204	1068000	-4.529953e-09	767.61523	-0.020569518	-300.21185	0.15084846	0.012247722	0.2065	79.0	2222.1300003528595
267	836.15906	37.879543	880.7821	740.9015	246.625	235.14035	71.25202	306.8986	0.83201027	1072000	6.556511e-09	502.7961	-0.011610634	-281.65662	0.14766212	0.015209873	0.16525	14.0	2230.151916742325
268	830.6362	38.14248	875.6797	736.1679	245.1875	242.10342	72.739914	312.02002	2.2436209	1076000	-2.3841858e-08	285.1684	-0.024428908	-157.39215	0.14648283	0.013224822	0.189	79.0	2238.731636762619
269	801.71375	53.52184	870.4967	693.93896	240.1875	238.57855	71.390396	310.10825	4.806196	1080000	2.4318695e-08	430.39035	-0.025384504	-209.81442	0.1412352	0.015592967	0.2125	50.0	2246.8142750263214
270	834.12866	36.32849	870.34656	738.5833	244.9375	239.7664	69.402405	309.3801	1.3465586	1084000	4.053116e-09	350.2105	-0.011263291	-209.02615	0.12859745	0.015770404	0.1635	10.0	2257.7067975997925
271	822.6367	52.07524	869.0351	653.35223	240.0625	241.94534	74.42757	314.434	2.712906	1088000	9.298325e-09	185.1617	-0.005999457	-94.04696	0.12765591	0.01805757	0.1905	3.0	2265.557098388672
272	822.1408	37.21338	874.9146	760.9957	240.6875	243.20084	70.136406	311.7109	-1.1035986	1092000	5.4955482e-08	374.20435	-0.006745963	-253.28873	0.12756227	0.016426066	0.19275	5.0	2273.304956436157
273	735.031	201.4116	877.03125	246.84154	219.83333	244.23146	72.76534	311.98972	-9.224292	1096000	-1.5377998e-08	2903.1775	-0.0049467254	-702.20703	0.12755306	0.028174791	0.28775	3.0	2281.0179073810577
274	828.5335	38.608936	889.4845	739.96844	247.875	223.90236	64.13449	297.7698	-8.654517	1100000	-7.1525574e-10	1031.8605	-0.002206359	-853.10986	0.12746496	0.01550568	0.18625	3.0	2288.8508446216583
275	818.7549	41.208054	872.825	751.8173	250.0	234.08469	73.098434	311.5336	-16.546328	1104000	1.3828277e-08	273.96906	-0.0103164045	-119.54622	0.12741171	0.017014697	0.22325	9.0	2296.675813436508
276	822.5668	47.375076	886.28827	697.1264	246.375	237.5773	73.59508	315.2429	-31.61565	1108000	1.6450882e-08	440.45532	-0.02791644	-229.25739	0.12551257	0.01185014	0.20525	79.0	2304.8794724941254
277	833.1817	29.861526	868.93414	765.7998	243.625	240.20447	72.93494	311.07083	-5.1657734	1112000	2.9802323e-09	235.9737	-0.026323013	-125.65431	0.12478515	0.013231104	0.16925	79.0	2313.291662454605
278	824.73755	46.252785	877.5014	740.1017	240.6875	244.52734	73.130165	313.5656	4.4415293	1116000	3.3378602e-09	287.40286	-0.022478106	-150.71916	0.109736644	0.012432232	0.1845	79.0	2321.505136489868
279	833.7258	28.937193	886.2189	781.86633	243.6875	240.0204	74.61578	315.38226	-0.4279232	1120000	1.6689301e-09	142.96451	-0.021903127	-86.33704	0.1125485	0.015594352	0.17	45.0	2329.447862625122
280	830.20447	41.510704	882.3848	721.11084	241.125	245.12253	73.5817	314.28113	-72.142296	1124000	3.8146974e-09	228.93242	-0.024784023	-117.55734	0.10172391	0.012426723	0.189	79.0	2337.7860000133514
281	828.1891	42.42808	869.2369	715.15	241.0	243.49472	73.93087	312.212	7.0086412	1128000	2.1457673e-08	99.45607	-0.0285354	-25.763168	0.104948446	0.015010999	0.189	75.0	2345.9711771011353
282	803.76263	64.197296	876.8617	630.7866	232.58824	240.19293	75.195175	311.79196	-1.7139988	1132000	1.3113022e-09	91.37048	-0.026248196	-42.72606	0.101931304	0.015101288	0.18925	68.0	2354.224986076355
283	813.9595	64.16946	869.6386	630.8568	236.0	242.27339	74.34834	314.85245	-4.006151	1136000	-2.0503998e-08	105.79722	-0.028479746	-22.165688	0.086105816	0.012049593	0.1905	79.0	2362.8008081912994
284	765.35706	167.71156	857.9964	139.34224	226.64706	241.7695	74.37771	312.17627	-22.439217	1140000	8.8214875e-09	948.011	-0.0048578847	-96.208435	0.07658907	0.015537555	0.221	3.0	2371.0460913181305
285	792.8077	60.0027	875.5607	649.24805	231.94118	231.75508	73.56711	313.01593	-3.9796915	1144000	2.002716e-08	149.17798	-0.010543065	-87.72522	0.07658581	0.016728697	0.19725	7.0	2378.836744070053
286	822.2342	47.62468	869.486	701.00745	240.25	238.68678	73.756996	312.55078	1.8640671	1148000	-1.3828277e-08	248.22116	-0.011527179	-115.81607	0.077467166	0.017066779	0.19775	9.0	2386.7680928707123
287	779.5833	79.03453	888.55334	620.0852	225.94118	236.31306	78.61296	313.46948	-17.697752	1152000	-2.6226044e-09	230.76505	-0.0068709496	-100.848495	0.0787441	0.017926967	0.17075	7.0	2394.5412826538086
288	800.29736	49.521873	867.2068	658.192	232.94118	241.68451	73.97562	314.04227	-9.410156	1156000	-1.1444092e-08	573.904	-0.02326306	-266.1435	0.078525506	0.010900696	0.19275	79.0	2402.874411582947
289	822.87213	44.34278	881.8144	744.04	238.875	242.32404	70.521675	311.46487	-1.8638868	1160000	1.3351441e-08	396.06598	-0.021449665	-236.59758	0.067081176	0.015289385	0.1725	51.0	2410.8828361034393
290	785.1559	56.18334	870.8441	670.8344	228.47058	235.63818	78.3079	316.51556	3.3376617	1164000	-3.4630297e-08	910.7102	-0.018244695	-532.9302	0.06319121	0.015705675	0.197	26.0	2418.7492978572845
291	800.74725	60.109383	882.1348	684.0171	234.35294	239.84291	70.38411	312.73825	-6.4293203	1168000	-3.2067298e-08	444.19223	-0.026247172	-321.08475	0.05370434	0.015211647	0.169	76.0	2426.9216685295105
292	778.6957	119.68353	877.2542	334.95297	230.58824	239.55858	73.46379	311.67023	-6.393238	1172000	1.1920929e-08	1142.7158	-0.018871749	-322.89856	0.06440989	0.0154091455	0.22325	28.0	2434.843786716461
293	790.60535	62.221733	874.40314	634.3245	232.05882	234.615	72.08856	312.01764	-3.9355793	1176000	2.0205974e-08	289.31378	-0.027608	-171.9266	0.06654248	0.015013526	0.18525	79.0	2442.9993171691895
294	791.6764	118.328606	888.7086	373.6505	230.88235	240.21654	73.97337	311.43536	2.0326023	1180000	1.6093255e-08	980.6987	-0.018598143	-79.70801	0.05508594	0.006436057	0.1745	79.0	2451.3558111190796
295	808.19495	56.885677	896.45764	697.37726	234.5625	237.30591	72.317696	309.2168	-2.5570488	1184000	-6.598234e-08	189.083	-0.026912952	-77.80438	0.0604047	0.015323623	0.206	66.0	2459.505350828171
296	815.5105	54.90661	884.7379	652.5516	239.6875	242.22913	73.12901	312.3231	7.4811707	1188000	3.4570693e-09	428.78714	-0.010857383	-178.49577	0.050413173	0.015486505	0.17675	15.0	2467.59779214859
297	812.0309	57.62701	883.8635	652.1406	240.6875	239.99786	73.62882	314.97778	-7.6389914	1192000	-4.696846e-08	476.46512	-0.025100792	-220.04263	0.051364787	0.013287901	0.19325	79.0	2476.573663711548
298	805.53314	73.10681	882.5502	589.32324	239.125	238.4086	72.56817	314.1548	-12.112401	1196000	-5.3405763e-08	331.9945	-0.011233251	-181.03522	0.044845343	0.015575307	0.1835	9.0	2484.537423849106
299	813.6554	54.672283	880.0921	662.03796	245.125	237.46924	73.29448	314.86618	2.1064262	1200000	2.9206277e-08	469.99213	-0.010722081	-260.1704	0.04373904	0.015292332	0.17825	9.0	2492.4389321804047
