Epoch	AverageEpRet	StdEpRet	MaxEpRet	MinEpRet	EpLen	AverageVVals	StdVVals	MaxVVals	MinVVals	TotalEnvInteracts	LossPi	LossV	DeltaLossPi	DeltaLossV	Entropy	KL	ClipFrac	StopIter	Time
0	16.050892	12.34428	99.013824	5.0066276	17.59292	0.054825157	0.067454934	0.27640492	-0.26331967	4000	5.2452087e-09	217.46182	-0.01753804	-73.005035	0.91893864	0.016080018	0.24825	4.0	11.317753076553345
1	40.782368	42.208088	228.02252	4.720379	30.30303	4.8519015	0.5171827	5.097747	-2.5032244	8000	2.384186e-10	1594.6365	-0.015348757	-218.87817	0.9179851	0.016660618	0.221	6.0	22.904322385787964
2	85.900925	52.694103	216.58553	6.4131675	49.575	9.270489	0.10867778	9.29359	6.039721	12000	5.00679e-09	2750.329	-0.01746086	-322.1106	0.9159736	0.006691475	0.11525	79.0	34.877013206481934
3	117.79605	63.32095	245.9052	15.284839	63.253967	13.45217	0.016245896	13.457202	13.00096	16000	1.1920929e-09	3845.8354	-0.015730295	-369.10327	0.9012676	0.005913896	0.07525	79.0	47.064350843429565
4	113.11076	54.371685	228.06117	21.5312	59.16418	17.376202	0.009452261	17.378963	17.124651	20000	3.3378602e-09	3094.1782	-0.018752754	-260.3484	0.8988906	0.012190808	0.1	79.0	59.19175624847412
5	152.01459	63.289665	230.94366	49.1858	75.28846	20.53926	0.004890872	20.540762	20.409101	24000	-3.4570693e-09	4481.758	-0.015392013	-371.24072	0.9139691	0.008365868	0.08775	79.0	71.32910180091858
6	174.90846	55.74918	241.30037	50.707283	85.934784	24.094515	0.029757934	24.09658	22.398117	28000	4.768372e-10	4570.452	-0.014389593	-367.41504	0.9163615	0.008278817	0.084	79.0	83.48276591300964
7	182.54991	46.91091	230.90132	60.567112	86.73333	27.524298	0.0012440541	27.524673	27.502354	32000	-1.6689301e-09	4493.7046	-0.01319479	-342.04736	0.9068877	0.0047010137	0.083	79.0	95.81865286827087
8	193.3098	39.41492	233.16188	68.43493	90.295456	30.74959	0.0010669597	30.749907	30.73476	36000	6.6161157e-09	4371.695	-0.013166274	-319.8418	0.8879763	0.0038020127	0.08275	79.0	107.88450789451599
9	211.56084	22.479908	246.14255	106.24759	96.46342	33.815548	0.0012654098	33.8158	33.763336	40000	-2.503395e-09	4615.434	-0.011404754	-332.3921	0.8793588	0.003953211	0.073	79.0	120.00568270683289
10	206.76328	21.70425	238.33502	128.81602	95.21429	36.889328	0.0009003951	36.889553	36.866367	44000	3.4570693e-09	4071.8252	-0.013890482	-277.63672	0.87157106	0.0058066305	0.08025	79.0	132.2984926700592
11	208.53902	19.229128	231.02557	146.09361	95.34146	39.69446	0.00069415057	39.69464	39.681847	48000	2.5629998e-09	3925.0762	-0.014830405	-260.19238	0.8650658	0.009330719	0.096	79.0	144.64060473442078
12	207.52725	35.54145	229.8475	55.765347	93.88095	42.393906	0.00073222304	42.39407	42.370575	52000	1.6689301e-09	3760.0322	-0.013355169	-237.13501	0.874754	0.007305337	0.078	79.0	156.99146723747253
13	209.81169	24.569054	248.09914	70.99913	94.04762	44.974876	0.00060512574	44.97502	44.963978	56000	3.5762787e-10	3518.2834	-0.013954927	-216.56274	0.8757438	0.0061757304	0.10725	79.0	169.29037380218506
14	201.34161	32.847134	233.14627	60.839905	90.5	47.4486	0.0007466179	47.448772	47.429813	60000	1.192093e-10	3103.6545	-0.013128866	-178.22461	0.86328906	0.006591376	0.078	79.0	181.66847205162048
15	200.84286	29.346832	249.01242	59.853672	89.931816	49.714333	0.00047814837	49.714455	49.70571	64000	3.3378602e-09	2866.1152	-0.013436346	-159.67896	0.8547392	0.0048009804	0.066	79.0	193.98790335655212
16	204.44098	26.804026	236.61055	53.846645	90.93023	51.872494	0.00044897565	51.872604	51.865265	68000	4.768372e-10	2872.4302	-0.0148752555	-160.44434	0.86043817	0.0043510045	0.082	79.0	206.52169609069824
17	197.0659	39.414032	265.90076	62.878723	88.26667	54.04882	0.0010968059	54.04899	54.01402	72000	4.053116e-09	2574.8455	-0.017991323	-138.43555	0.85298634	0.009587016	0.0945	79.0	218.75347185134888
18	215.14131	23.880434	289.86545	156.9847	95.414635	55.426132	3.966238	56.028057	-10.255629	76000	1.6689301e-09	2819.1858	-0.015419468	-320.89697	0.8618588	0.008787352	0.083	79.0	231.08324360847473
19	208.2653	31.83292	287.7799	83.8919	92.906975	52.940147	12.900287	58.358795	-0.31238067	80000	7.987023e-09	2340.4038	-0.016407441	-182.5686	0.8673194	0.0061293496	0.103	79.0	243.34934759140015
20	210.8739	45.543777	285.00107	50.543583	93.52381	55.318325	12.888654	60.60925	-4.9142303	84000	2.2649764e-09	2396.9841	-0.0073062973	-172.87671	0.8684089	0.01501619	0.168	3.0	255.32049703598022
21	213.06941	43.65961	315.45596	83.83916	95.92683	58.448196	11.861686	62.879128	-11.159581	88000	-1.1920929e-09	2284.4954	-0.019888999	-208.61108	0.8675561	0.012531006	0.112	79.0	267.7412805557251
22	221.53096	51.123077	290.8113	53.884544	99.6	57.331017	17.257921	65.00235	-36.81722	92000	-8.3446505e-10	2416.7126	-0.0042168265	-188.80518	0.87249094	0.016916592	0.21175	3.0	279.95127177238464
23	256.309	57.69375	331.2878	62.367706	108.94444	59.480873	16.2828	67.2139	-1.8816051	96000	1.1920929e-09	3494.4526	-0.020322472	-308.1455	0.8728399	0.014168008	0.136	79.0	292.7662932872772
24	267.5168	43.739758	317.50525	160.62405	112.77143	63.22763	15.387938	69.97764	3.480906	100000	-7.1525574e-10	3320.0686	-0.017489258	-251.21509	0.8791516	0.008474137	0.0985	79.0	305.0344080924988
25	277.7612	48.100315	327.0438	152.4948	117.818184	65.66154	16.763748	72.77514	0.5529249	104000	-2.2649764e-09	3416.203	-0.01980658	-246.16235	0.89142245	0.008741619	0.13425	79.0	317.4025843143463
26	282.07986	55.050953	343.5294	79.6732	117.117645	68.49368	16.84966	75.55509	1.8566332	108000	-6.0796737e-09	3508.755	-0.019129595	-243.9419	0.8760293	0.009450766	0.1085	79.0	329.85197949409485
27	276.58154	52.418034	326.81882	62.91921	113.6	70.34123	18.233938	78.329544	2.8575666	112000	-1.3709068e-09	3092.0127	-0.017829644	-223.81104	0.87284625	0.012709466	0.10525	79.0	342.3077199459076
28	288.1901	39.22811	329.56616	193.17242	117.90909	72.38253	19.076252	80.982925	1.00612	116000	-7.510185e-09	3105.5422	-0.017873706	-229.91675	0.8667357	0.012822018	0.11675	79.0	355.2536599636078
29	296.3104	44.2724	342.67267	83.91298	118.84849	74.57075	19.398916	83.632385	3.6259925	120000	7.867813e-09	3191.021	-0.018693976	-264.60376	0.8601211	0.008776034	0.112	79.0	366.9865674972534
30	294.1664	51.111404	335.97894	93.105354	118.969696	76.71348	20.86955	86.35819	2.828585	124000	9.298325e-09	2918.8022	-0.018597813	-211.39624	0.84827924	0.0130916415	0.096	79.0	379.0763056278229
31	290.43347	46.172	343.62793	131.31082	115.85294	79.09307	21.636503	88.92367	-7.859393	128000	2.6822091e-09	2681.4675	-0.01778704	-184.35449	0.8556523	0.015083131	0.09925	60.0	391.0133626461029
32	311.1187	27.65888	350.34097	207.37704	123.3125	80.61043	22.262672	91.322845	-0.07702255	132000	8.195639e-09	2793.8313	-0.019142864	-216.5061	0.85802704	0.011052122	0.1135	79.0	402.99037289619446
33	312.87372	25.544254	352.11566	226.58241	123.53125	82.52651	23.273094	93.89354	0.40107274	136000	7.629395e-09	2623.539	-0.017958142	-206.51123	0.8581051	0.009604452	0.09325	79.0	415.005010843277
34	303.2047	41.717373	348.0965	151.06207	120.181816	85.95754	23.136917	96.42266	2.5177882	140000	1.6093255e-09	2420.0269	-0.020736413	-186.64014	0.86330974	0.011217326	0.12075	79.0	427.19928073883057
35	304.6424	50.171936	359.63483	86.94503	119.51515	86.64046	24.429447	98.706566	-5.2736683	144000	-8.3446505e-10	2413.92	-0.01583962	-187.50586	0.8575671	0.010874159	0.10675	79.0	439.25428438186646
36	307.8722	33.02724	344.6307	145.75436	120.878784	88.49648	25.300112	100.9896	-4.4530816	148000	3.4570693e-09	2115.3408	-0.017023603	-164.05005	0.85637295	0.012712847	0.1005	79.0	451.2000515460968
37	323.43646	20.014732	364.9923	282.40335	123.09375	89.78533	26.354042	103.218094	0.12650609	152000	2.9802322e-10	2337.4602	-0.018071802	-193.5039	0.8451757	0.011125811	0.11225	79.0	463.2937762737274
38	282.80917	96.850105	365.3701	53.019505	111.111115	92.56825	26.795557	105.66579	-5.1422815	156000	9.417534e-09	2504.9795	-0.0046590986	-119.66553	0.8405101	0.017009571	0.199	4.0	475.07570004463196
39	350.83536	14.627453	376.15707	324.30017	130.76666	92.60967	28.41749	107.609406	0.112372875	160000	-4.053116e-09	2764.4482	-0.01937853	-234.27783	0.8399248	0.010141034	0.11425	79.0	487.1696960926056
40	331.2667	47.47662	378.9824	110.5811	127.41936	96.41158	28.806482	110.30213	-2.8939679	164000	-2.6822091e-09	2284.6523	-0.021138787	-192.23901	0.8426433	0.013306676	0.1125	79.0	499.38140773773193
41	342.83124	53.55428	390.30856	73.71516	128.80646	95.861206	30.63388	112.65112	-1.2988873	168000	4.4107438e-09	2476.6921	-0.017861977	-205.85986	0.8368033	0.011532485	0.132	79.0	511.8040783405304
42	361.5259	20.363338	397.9033	323.0159	132.9	99.38479	30.398813	115.127396	3.949092	172000	-2.1457671e-09	2548.526	-0.017806467	-208.40747	0.8485117	0.0103056	0.1135	79.0	524.2539989948273
43	354.4592	34.697224	396.44412	219.47316	130.23334	102.80254	30.184992	117.76673	4.4270177	176000	4.9471853e-09	2330.3562	-0.017371947	-200.55737	0.84545505	0.006842181	0.10675	79.0	536.682225227356
44	364.1245	34.785984	489.9041	293.6522	133.0	102.90066	32.040382	120.25826	4.4637527	180000	-8.702278e-09	2297.2888	-0.017873993	-206.64893	0.8430996	0.010930906	0.114	79.0	549.1026766300201
45	347.3728	71.96378	412.77527	121.02631	127.0	106.51996	32.068996	122.75475	4.542279	184000	6.556511e-10	2345.3032	-0.019092375	-171.73975	0.8484388	0.007124973	0.1145	79.0	561.5439598560333
46	352.79993	74.06902	406.14328	77.19538	126.09677	108.65406	32.195415	124.98881	4.4176984	188000	-8.702278e-09	2320.103	-0.01692045	-164.18066	0.83185947	0.0142583465	0.10975	79.0	573.8748848438263
47	323.81787	93.90082	405.01334	92.862785	119.030304	111.85083	31.81747	127.35564	5.285262	192000	3.3378602e-09	2117.8755	-0.021967622	-144.03857	0.8440188	0.014365261	0.13875	79.0	586.17431640625
48	359.96527	44.74716	399.22073	148.01723	130.26666	111.11822	34.613388	129.17136	-4.7262535	196000	-6.7949295e-09	1764.3242	-0.01921966	-129.69641	0.8330775	0.012421939	0.1165	79.0	598.4173877239227
49	371.38028	31.533361	409.6844	267.0325	132.43333	112.4286	34.90839	131.30435	2.0446117	200000	-1.0728836e-09	1816.6982	-0.017530553	-161.66492	0.82458913	0.012652583	0.0955	79.0	610.5037879943848
50	369.55408	27.074095	419.3665	287.73022	130.86667	114.98305	34.98467	133.57843	5.433848	204000	6.2584875e-09	1608.0271	-0.0192429	-140.19482	0.8241967	0.012356268	0.108	79.0	622.7500422000885
51	375.94363	44.493744	409.26074	165.59973	133.93103	117.83879	34.551315	135.82443	1.7273426	208000	-3.963709e-09	1760.3339	-0.020198338	-138.18799	0.8232867	0.013314218	0.13975	79.0	634.9561474323273
52	355.49298	82.8591	413.65222	135.23431	128.29033	118.55361	36.318703	138.0368	3.3688493	212000	2.1457671e-09	1916.5906	-0.01288313	-87.60742	0.8272825	0.015894523	0.09775	38.0	646.9569318294525
53	359.8968	72.94708	400.45667	60.284294	128.41936	118.947136	38.136806	139.83961	2.2488484	216000	3.0994416e-09	1529.0962	-0.014855035	-95.46655	0.83494824	0.0150521435	0.13	59.0	659.0665712356567
54	373.91428	61.841072	440.11932	148.40846	133.6207	121.6571	37.128338	141.74707	-2.6649995	220000	-2.026558e-09	1607.4133	-0.015475306	-177.60107	0.83660316	0.009364044	0.095	79.0	671.2689304351807
55	379.24307	20.26854	436.7082	342.551	134.6207	121.607704	38.693718	143.72227	2.5014343	224000	-4.529953e-09	1183.8236	-0.017519495	-175.28705	0.83581114	0.014902613	0.11225	79.0	683.4327380657196
56	378.49744	49.916653	421.66907	152.54237	133.7931	124.1121	38.636353	145.71922	-0.9284277	228000	4.6491624e-09	1334.7965	-0.017401116	-95.060425	0.8366178	0.012358223	0.11525	79.0	695.7175667285919
57	375.38632	70.878456	431.23547	79.6611	132.66667	124.968765	39.997234	147.67479	-1.1041627	232000	-4.2915342e-09	1433.9814	-0.016536642	-90.46521	0.8337579	0.011244593	0.12325	79.0	707.7683119773865
58	370.36185	74.909294	426.101	140.65375	131.16667	127.92578	39.34791	149.55246	3.1629667	236000	-2.503395e-09	1457.532	-0.01951005	-103.628784	0.8192605	0.013888437	0.11825	79.0	719.7084603309631
59	401.27875	32.547962	529.08167	350.91907	139.96428	127.729164	40.77919	151.2227	3.3578405	240000	-1.4305115e-09	1181.3588	-0.016572088	-136.38062	0.80885476	0.012121099	0.111	79.0	731.9600524902344
60	400.67996	24.861858	500.98035	354.14224	140.10715	129.16376	41.7815	153.342	2.0788674	244000	-4.9471853e-09	994.41266	-0.014849057	-98.37573	0.8183881	0.015092847	0.129	34.0	744.0776331424713
61	377.01102	68.90164	436.41357	104.295105	133.65517	132.63971	40.919174	155.41452	1.6475115	248000	-2.9206275e-09	1171.8022	-0.015805362	-87.333984	0.8089905	0.010516879	0.1095	79.0	756.3674931526184
62	403.07303	11.081448	425.53415	381.49023	140.85715	131.30312	42.950043	157.03601	2.0141106	252000	-8.8214875e-09	854.3262	-0.014076292	-100.13843	0.8002702	0.015133543	0.11175	39.0	769.1260313987732
63	406.4352	14.691689	442.52942	379.86966	141.92857	133.1191	42.89467	158.95068	0.336977	256000	3.3974648e-09	787.4605	-0.017672429	-79.42908	0.796519	0.011848394	0.12775	79.0	782.3270456790924
64	420.75894	49.040245	660.2384	380.36475	147.81482	134.21284	44.34657	160.88239	0.91773367	260000	7.1525574e-10	948.46063	-0.021112775	-93.66583	0.7847208	0.009534726	0.13725	79.0	794.6624228954315
65	416.37317	28.394682	544.81335	387.85223	146.0	135.73163	44.590252	162.90442	0.75157356	264000	5.90086e-09	738.1496	-0.017069954	-78.35614	0.7615192	0.010105668	0.116	79.0	807.1016478538513
66	410.2613	23.8596	490.36053	346.4962	144.51852	137.72713	44.907276	164.7983	2.6210313	268000	-5.960465e-11	612.757	-0.0031303805	-66.259094	0.75626343	0.015186817	0.13225	5.0	819.4846465587616
67	399.59222	52.184387	446.36328	139.11717	139.28572	138.47568	45.632957	166.52072	3.7806497	272000	6.198883e-09	759.9554	-0.01565554	-99.87567	0.7556342	0.012944453	0.1375	79.0	832.3393161296844
68	392.56552	142.21867	780.8726	103.73358	137.31035	141.5057	45.070045	168.06966	-0.07498407	276000	-3.4570693e-09	2024.8008	-0.004036628	-72.65808	0.7479081	0.016337931	0.21025	4.0	844.5343363285065
69	408.97098	55.68181	686.09186	341.756	141.03572	140.07822	47.264317	169.52217	2.525929	280000	1.0371208e-08	671.41364	-0.019240286	-95.912476	0.74780786	0.013707201	0.13225	79.0	857.0237610340118
70	401.84106	21.253027	468.3082	374.21472	138.21428	141.09479	47.957672	171.20944	0.97807264	284000	2.9206275e-09	379.7646	-0.019410003	-44.5419	0.7280066	0.013420633	0.13025	79.0	869.6924448013306
71	393.28867	58.54866	451.35828	92.94055	135.89655	142.49754	48.47419	172.74129	3.4537868	288000	-5.2452087e-09	574.89844	-0.008381076	-30.249023	0.70641553	0.015178617	0.149	10.0	882.0752604007721
72	411.7854	64.79676	735.661	353.35376	141.96428	144.45628	48.507896	174.05211	2.544201	292000	1.0728836e-09	606.68384	-0.016073363	-42.05957	0.70755523	0.015340249	0.1355	37.0	894.5548887252808
73	405.4333	19.35394	483.77423	374.20386	138.78572	143.0851	49.772537	175.52621	1.9103675	296000	4.2021275e-09	301.78738	-0.007868017	-37.44989	0.71864706	0.017028648	0.15825	11.0	906.929062128067
74	423.69476	52.283497	676.1941	381.06198	145.37038	146.33554	49.22059	176.96892	-5.47798	300000	-4.1723253e-10	532.5112	-0.02023958	-52.817474	0.7161849	0.012492258	0.11925	79.0	919.404976606369
75	441.28958	71.722946	668.78253	365.11548	150.03847	148.60782	48.840443	178.67642	3.2391272	304000	7.033348e-09	789.706	-0.022389412	-88.061035	0.7007343	0.011413794	0.129	79.0	931.5597794055939
76	444.37653	80.217995	710.17126	389.08344	151.2	150.00537	50.032795	180.69788	0.5847039	308000	-6.9141386e-09	1004.34985	-0.018268187	-91.78119	0.6861555	0.01123235	0.1035	79.0	944.0622503757477
77	451.20557	73.27376	691.01086	389.2143	152.38461	151.87813	49.777702	182.96823	2.54812	312000	-1.2159347e-08	711.6796	-0.02161284	-107.21942	0.6814889	0.015002413	0.12375	64.0	956.533296585083
78	472.14233	94.41363	711.7049	401.85318	158.44	155.06969	50.918995	184.91544	1.8679314	316000	-7.2717667e-09	981.827	-0.022210266	-94.931274	0.6842845	0.012992502	0.11975	79.0	969.0906970500946
79	467.50073	114.53142	708.70465	122.96667	156.92	157.60806	49.863384	187.14539	0.99228716	320000	-4.768372e-10	1252.4309	-0.0041108173	-101.601685	0.67188513	0.015590376	0.14475	4.0	981.1852593421936
80	527.02966	126.271935	782.07776	398.90186	171.69565	159.49257	50.42074	189.2181	-2.54245	324000	-2.026558e-09	1661.6409	-0.022926403	-192.09167	0.67104197	0.011519054	0.11175	79.0	993.4073090553284
81	517.7286	100.46671	714.1253	397.42615	168.73914	162.2155	51.50907	192.35555	1.9411459	328000	-1.1324882e-08	1270.3064	-0.020926476	-150.01355	0.66071033	0.015049753	0.1155	66.0	1005.6832745075226
82	517.964	146.28348	713.6095	232.77254	169.17392	166.44778	51.327366	195.15163	-2.6937718	332000	-2.2649764e-09	2062.8025	-0.023570584	-104.02051	0.65703773	0.015078583	0.12725	68.0	1017.9956016540527
83	532.60736	144.51125	779.2483	238.94235	173.17392	169.16267	51.795288	197.50458	-4.21203	336000	-5.2452087e-09	1873.7606	-0.021660758	-135.71838	0.64487666	0.013753873	0.1395	79.0	1030.373696088791
84	600.94543	121.30618	771.1854	381.02756	191.8	174.20938	49.70934	200.00417	-2.3851004	340000	2.3841857e-09	2082.4236	-0.020877186	-213.11926	0.64805984	0.011628596	0.121	79.0	1042.644912481308
85	535.98096	150.42253	742.33624	78.54045	172.91304	172.96169	53.34428	203.26715	-28.266037	344000	7.629395e-09	1750.8204	-0.02132679	-128.50696	0.647611	0.013631814	0.1785	79.0	1054.8668150901794
86	618.83826	162.35112	769.0458	75.26726	198.15	181.59348	49.774036	205.50462	-1.0537314	348000	-2.1457671e-09	2428.0103	-0.020366665	-201.08032	0.64546555	0.012781325	0.15175	79.0	1067.2193250656128
87	588.33795	156.19763	768.8766	263.7663	189.5	182.10889	50.440937	208.32176	-1.8585987	352000	-1.3113022e-08	2406.9756	-0.02313941	-223.81104	0.64351434	0.008984083	0.14875	79.0	1079.4612774848938
88	610.0284	142.91035	792.4332	241.78676	194.15	180.07089	54.680122	210.5985	1.6103177	356000	-2.503395e-09	1816.867	-0.022633228	-174.92468	0.6329304	0.012354087	0.13275	79.0	1091.7479605674744
89	659.0773	108.0958	797.65497	436.46735	210.5	189.3811	48.484966	213.27547	-2.426393	360000	-1.7166137e-08	2038.9551	-0.019870162	-286.64355	0.62903744	0.015362771	0.12925	49.0	1103.9324700832367
90	611.6432	206.49933	809.8253	73.532585	199.55	193.40816	48.587242	215.9288	-1.1603909	364000	7.1525574e-10	3105.4187	-0.02112898	-274.9602	0.6265367	0.010789767	0.15425	79.0	1116.2254405021667
91	615.9887	235.19826	817.83386	61.876114	200.57895	193.29803	50.35308	217.49571	-6.843848	368000	-2.5629998e-09	3496.8145	-0.012135791	-242.71997	0.61885947	0.015364893	0.20775	9.0	1128.2513239383698
92	709.3677	33.600864	794.50977	668.0022	226.29411	193.95494	51.56085	219.00986	-5.036521	372000	-1.6093255e-09	1835.2157	-0.022199877	-259.58606	0.61732125	0.011607194	0.15475	79.0	1140.703709602356
93	713.5905	85.13535	817.1521	424.7032	228.11765	196.30672	49.77006	221.72746	-7.345484	376000	7.390976e-09	1635.935	-0.023703637	-321.98682	0.6024743	0.010255363	0.155	79.0	1152.9184820652008
94	669.8186	122.43849	764.2443	183.50844	210.88889	186.84384	61.081963	224.46704	-13.173762	380000	-9.894371e-09	1629.0154	-0.019847335	-322.6394	0.59257656	0.011716395	0.1325	79.0	1165.5105061531067
95	727.5491	46.757668	811.81744	602.5771	236.3125	209.68025	44.45734	226.9899	0.53734684	384000	7.390976e-09	2785.2183	-0.0029160432	-971.9386	0.59621066	0.015267057	0.1695	3.0	1177.7269501686096
96	700.289	92.75897	809.1732	449.56082	231.41176	200.48608	49.83857	228.73218	-18.503471	388000	-1.1444092e-08	2194.713	-0.02078924	-439.17566	0.5967569	0.009617595	0.13975	79.0	1190.2328162193298
97	483.73727	289.7423	807.9254	66.80922	170.30435	203.39769	45.61575	229.83592	5.4468884	392000	6.0796737e-09	5531.0337	-0.0037263536	-1380.3618	0.59678614	0.017546512	0.2185	4.0	1202.4025449752808
98	673.2626	120.44632	807.4664	244.63388	215.22223	181.84247	49.889023	229.57811	13.253952	396000	4.7683715e-09	2823.8333	-0.023907896	-1051.7186	0.59531534	0.013795832	0.186	79.0	1214.9591307640076
99	687.8161	158.53815	802.4445	163.2444	228.35294	203.0669	47.620872	231.33896	-20.615063	400000	2.2053719e-09	2418.7988	-0.020911086	-728.75793	0.5652162	0.0078025893	0.14275	79.0	1228.049327135086
100	688.7555	95.26956	824.38	427.29303	228.23529	192.60675	53.15377	232.96628	-9.098455	404000	-7.987023e-09	1990.7507	-0.021491325	-567.7218	0.5561296	0.009354394	0.1525	79.0	1240.4509150981903
101	695.5809	86.92117	799.4054	447.98926	228.35294	197.42531	53.938915	234.50233	8.139657	408000	5.722046e-09	1345.4861	-0.01972085	-411.08612	0.54862845	0.010028273	0.13625	79.0	1253.2362322807312
102	720.6388	41.913635	799.48785	634.2969	235.625	197.44868	54.463837	236.2985	-2.5074596	412000	-9.059906e-09	1155.1221	-0.017829692	-270.80597	0.53365827	0.008100217	0.125	79.0	1265.4752180576324
103	726.75543	77.41771	818.9579	500.67624	237.0	200.26814	54.41946	238.37213	-6.437431	416000	-1.0490417e-08	1175.4165	-0.0054101343	-207.40912	0.5287015	0.015574954	0.2315	3.0	1277.9636018276215
104	616.2727	211.82356	816.4928	102.45655	195.35	201.98979	61.062073	240.33923	-9.481707	420000	-7.867813e-09	2483.0237	-0.008684413	-303.03662	0.5271693	0.0154507	0.15975	6.0	1290.2296872138977
105	587.3583	248.87189	808.72235	76.91258	188.5238	203.68394	59.13747	241.29506	2.4571629	424000	1.2040139e-08	2764.3044	-0.019877471	-265.7002	0.5252645	0.004874381	0.154	79.0	1302.8783304691315
106	728.7969	74.7151	811.5335	527.3151	229.58824	198.54285	56.699524	242.23198	-3.4200726	428000	9.059906e-09	1090.8303	-0.023571037	-459.54578	0.5306488	0.01383762	0.14925	79.0	1315.3952736854553
107	669.3474	140.36548	799.5993	152.81537	219.83333	207.92784	54.79729	244.68756	-2.029045	432000	-1.4305115e-09	1686.9906	-0.019196205	-393.48523	0.53133893	0.010411964	0.151	79.0	1327.780535697937
108	703.6277	38.564796	803.5927	643.057	234.70589	199.86722	60.288254	245.58104	3.4228697	436000	1.3887882e-08	851.3111	-0.020536304	-299.39337	0.5335007	0.007576057	0.14375	79.0	1340.1447637081146
109	721.3751	30.206072	785.3323	657.42017	234.94118	204.7398	59.082493	246.56602	2.3788304	440000	-2.384186e-10	637.59094	-0.0108482735	-280.14282	0.5348721	0.015038454	0.10875	14.0	1352.430567741394
110	748.4666	42.609737	809.4285	678.5472	241.8125	203.80376	63.90433	248.01364	-1.5572553	444000	-2.1457671e-09	827.27185	-0.024829578	-232.86572	0.5378402	0.011997934	0.17325	79.0	1364.7510998249054
111	738.75964	42.949036	808.2825	651.668	239.4375	207.73325	60.4997	249.77194	-14.92851	448000	4.053116e-09	541.787	-0.024344625	-129.01462	0.53494203	0.00899547	0.139	79.0	1376.959172487259
112	710.08374	158.2389	817.42957	92.84881	224.58824	209.34116	63.270447	251.46553	-6.1442695	452000	-1.0371208e-08	1068.4622	-0.003961879	-140.80103	0.5276903	0.01660831	0.2555	4.0	1388.6868023872375
113	724.74915	40.14694	805.0342	635.4332	226.23529	208.53482	68.70392	253.02722	-20.51908	456000	-8.106232e-09	351.7165	-0.021569863	-117.96622	0.52744645	0.009150981	0.1275	79.0	1400.7073907852173
114	719.76074	37.989906	805.6575	652.70624	231.29411	212.406	63.817673	254.78009	6.129495	460000	7.808208e-09	504.73492	-0.01974725	-115.71622	0.5173463	0.015178858	0.14725	69.0	1412.8259286880493
115	705.9878	114.60653	792.6538	266.03128	223.23529	209.59116	65.940125	255.7464	-19.441877	464000	-1.513958e-08	997.30914	-0.003419573	-127.030945	0.52758795	0.0155260945	0.17075	3.0	1424.8098123073578
116	666.4348	151.74918	811.172	87.58779	209.73685	210.44958	68.187096	256.54846	-8.220633	468000	-1.4305115e-09	947.9689	-0.0028370235	-206.47931	0.5274349	0.015711568	0.2405	4.0	1436.675713300705
117	709.3955	146.0194	805.1719	149.86595	221.94444	210.55234	65.363785	257.4215	-13.1217575	472000	6.556511e-10	978.65436	-0.0029146958	-125.75275	0.5258482	0.020946382	0.26525	3.0	1448.460786819458
118	716.21497	37.661716	794.9232	639.71594	247.0	221.56584	49.797443	258.67755	-5.33711	476000	-3.5762786e-09	2207.3413	-0.018653236	-1588.8093	0.5242099	0.013207509	0.14	79.0	1460.6111054420471
119	720.02814	46.79452	794.77484	636.6499	245.25	201.33957	66.71993	258.7241	-44.634056	480000	9.536744e-10	850.0077	-0.0047073085	-179.5293	0.5251524	0.01572407	0.16525	4.0	1472.299283027649
120	706.6352	45.211384	792.3258	638.86957	247.875	204.70712	57.43379	258.90427	-12.049095	484000	2.3841857e-09	1109.9377	-0.017660398	-215.48798	0.5249618	0.01072142	0.15075	79.0	1484.6224913597107
121	703.3098	46.909924	790.488	644.67786	243.25	198.3753	62.668713	258.84348	-17.493113	488000	-3.5762786e-09	935.7294	-0.0098879775	-217.68872	0.5143746	0.015296711	0.15425	15.0	1496.7097923755646
122	754.89185	48.724632	805.5782	638.5094	242.9375	203.12952	63.692596	259.00928	0.015397549	492000	-1.3232231e-08	1024.7432	-0.016490947	-699.33704	0.5148766	0.015054964	0.1525	51.0	1508.913017988205
123	734.8887	27.749792	786.2229	696.4189	236.375	214.92775	64.47741	260.41904	-17.91665	496000	1.6212464e-08	288.98343	-0.021822883	-133.69798	0.5228822	0.00621096	0.133	79.0	1520.9856746196747
124	718.3746	27.064878	782.23145	692.81525	227.82353	212.63576	69.18311	261.44687	10.19943	500000	-3.695488e-09	113.15384	-0.023145886	-39.531715	0.5220735	0.010505715	0.1365	79.0	1533.434257030487
125	695.66425	42.752197	772.6063	593.53766	218.05556	210.43968	71.298195	262.3155	10.050844	504000	1.9073487e-09	142.99937	-0.022596925	-52.021606	0.5192874	0.011638037	0.1385	79.0	1545.8063666820526
126	728.20325	37.887398	813.38715	690.82367	228.11765	213.15073	70.255356	263.09177	-5.7659082	508000	-2.861023e-09	132.9313	-0.023369046	-45.831314	0.508262	0.011195208	0.116	79.0	1557.8601384162903
127	731.6454	77.88318	788.32806	436.73645	233.0	221.17387	62.30576	264.28647	0.46728516	512000	-1.9073487e-09	632.01715	-0.021438587	-452.79797	0.5029137	0.014561388	0.13475	79.0	1570.0467083454132
128	731.9905	37.349194	808.2555	676.51135	229.29411	211.97018	71.50698	264.9809	-12.844785	516000	-9.059906e-09	206.56857	-0.020645069	-101.75868	0.49741617	0.008938802	0.131	79.0	1582.2052962779999
129	738.0845	46.573784	813.5539	643.7027	232.94118	215.3712	69.79335	266.01407	1.5253773	520000	-7.152557e-09	215.2072	-0.0065318267	-92.96148	0.4998239	0.01703487	0.2455	4.0	1594.176510810852
130	751.95825	38.022827	807.39667	683.1544	240.1875	218.33586	65.179276	266.90262	8.665899	524000	2.4676323e-08	216.88889	-0.020540686	-107.277466	0.49901366	0.011356226	0.14625	79.0	1606.6059064865112
131	749.1599	29.891003	788.9948	669.7555	239.6875	219.60481	64.6343	267.6569	1.4437938	528000	-1.1920929e-09	165.90747	-0.022224404	-72.04327	0.48544493	0.0084351925	0.1655	79.0	1618.826191186905
132	753.52295	43.310596	807.5081	688.2979	237.25	214.57352	70.78986	268.22937	-9.944654	532000	-7.674098e-09	179.40553	-0.023075873	-84.52397	0.46601957	0.009975522	0.122	79.0	1630.9831252098083
133	756.2872	40.302723	808.7396	693.09485	238.875	220.10944	67.71228	269.2724	-7.2242827	536000	2.384186e-10	140.65189	-0.023535721	-44.075592	0.44405857	0.010298157	0.13725	79.0	1643.318165063858
134	699.50616	38.044445	777.73816	652.1594	223.29411	217.86107	69.09682	270.1739	1.8389096	540000	8.106232e-09	140.39131	-0.025869425	-65.73232	0.43111768	0.013797701	0.1445	79.0	1655.7310535907745
135	766.60657	27.476141	806.01227	708.06793	246.25	218.70631	61.509674	269.90237	-0.32923555	544000	8.940697e-09	494.77176	-0.02540832	-368.85474	0.41869724	0.00658455	0.16575	79.0	1668.0582778453827
136	757.2096	31.445793	794.2102	678.33954	243.4375	216.98268	68.335754	270.66406	-9.94715	548000	-7.390976e-09	161.7792	-0.02030524	-55.97088	0.40969026	0.01540691	0.16125	43.0	1680.3853447437286
137	723.0171	47.705032	804.75806	662.7368	228.41176	213.15709	74.94145	271.11252	-10.5568495	552000	-8.106232e-09	283.9726	-0.015061125	-224.62628	0.4001639	0.015389386	0.1425	20.0	1692.32035946846
138	730.46063	31.56173	794.0145	680.3242	231.11765	217.18709	69.95034	271.26968	-15.28817	556000	2.6226044e-09	156.85388	-0.019701993	-73.00723	0.3982602	0.007869844	0.12025	79.0	1704.6390099525452
139	721.71216	31.095736	787.6365	673.6013	228.58824	216.36191	70.94488	271.6454	-13.127523	560000	2.2768974e-08	141.73936	-0.023055336	-58.58335	0.39481863	0.01229879	0.1705	79.0	1716.9835963249207
140	647.5644	210.19887	793.26636	162.41473	208.21053	218.36284	67.75046	271.7665	0.5356417	564000	-8.3446505e-10	2275.93	-0.0028249556	-275.93494	0.37275776	0.022563634	0.2835	3.0	1728.9770617485046
141	745.7427	43.329586	797.97296	672.7586	238.3125	210.61781	63.553627	270.69177	6.4112973	568000	3.5762787e-10	642.461	-0.016437618	-467.7879	0.3731268	0.015061506	0.1595	37.0	1740.9463119506836
142	770.6906	15.57939	802.70483	740.13806	247.875	216.84715	68.135254	272.24442	-11.237079	572000	5.1259996e-09	244.06259	-0.020295346	-123.92823	0.38120082	0.0151143605	0.17475	55.0	1753.2096824645996
143	764.59863	24.278831	806.235	725.48047	246.8125	214.56963	71.609245	272.79916	-53.106174	576000	1.4781952e-08	159.0713	-0.023425594	-72.97347	0.3706798	0.013861798	0.13975	79.0	1765.561010837555
144	764.7871	26.808628	805.95526	706.43414	245.5	217.94281	68.372154	273.1367	-21.528164	580000	-9.536744e-10	181.74867	-0.022843847	-82.212456	0.3696471	0.008868507	0.18125	79.0	1777.8654494285583
145	763.483	28.590576	801.6417	705.9564	244.625	217.72153	70.783104	273.66592	-32.99746	584000	1.0251999e-08	98.936195	-0.020515488	-28.221916	0.36547115	0.01518841	0.1385	67.0	1790.2761647701263
146	746.2471	30.403795	799.3295	695.412	240.6875	219.73228	67.42941	273.98282	-19.748236	588000	1.1920929e-08	370.4343	-0.01887475	-245.6898	0.37580594	0.010510692	0.15625	79.0	1802.4534649848938
147	764.9059	34.247417	814.9719	716.4947	242.6875	214.47891	71.043724	274.0192	0.10582447	592000	-2.026558e-09	311.10782	-0.009916011	-127.305756	0.36732048	0.015427769	0.116	12.0	1814.515699148178
148	725.67303	36.008923	805.15063	667.5103	227.11765	216.86615	74.95713	274.93692	7.225069	596000	-2.3007393e-08	342.89682	-0.006942133	-242.01608	0.36561865	0.015425632	0.1875	9.0	1826.4652557373047
149	751.1579	33.66411	808.49927	704.9197	237.5625	219.57275	69.19329	275.1244	9.576463	600000	-1.5735626e-08	209.17795	-0.019519234	-135.13153	0.3638009	0.0136798415	0.18	79.0	1838.8147501945496
150	756.94244	36.96683	816.18567	701.6351	238.3125	217.82329	69.38959	275.7349	4.0220757	604000	1.8417834e-08	169.60168	-0.021735307	-100.568184	0.35971382	0.012489893	0.13975	79.0	1851.0218889713287
151	739.9429	49.547176	805.23584	610.6674	231.94118	217.15616	75.98549	276.64526	-25.533222	608000	-1.9311905e-08	220.54845	-0.018602407	-112.28187	0.34329492	0.00883234	0.12	79.0	1863.29945230484
152	720.30914	26.369549	796.9925	665.417	223.11765	215.85234	75.30928	277.02972	3.638936	612000	9.536743e-09	213.67238	-0.016148977	-177.78445	0.3261966	0.015255763	0.14475	38.0	1875.4664466381073
153	722.19385	29.390219	804.68225	687.31177	224.47058	219.93149	71.40046	276.97006	1.1681833	616000	-1.2755394e-08	100.57165	-0.02144878	-51.499798	0.32718635	0.013006745	0.1375	79.0	1887.795357465744
154	723.945	39.899277	798.0522	625.48285	224.05882	217.38907	74.33812	277.27356	-6.7755356	620000	5.2452087e-09	140.99716	-0.020745458	-57.77439	0.32164794	0.010515036	0.1745	79.0	1900.1773657798767
155	708.093	38.981808	810.45526	594.38947	217.88889	217.53297	74.8622	277.72977	3.998232	624000	2.1457673e-08	96.38051	-0.0076518594	-58.86525	0.2979725	0.015280764	0.17225	6.0	1912.1655700206757
156	670.19977	40.790886	710.30774	538.41345	206.26315	216.53885	73.29694	277.8784	-3.5459995	628000	4.768372e-10	95.88909	-0.020639736	-53.718544	0.29628238	0.009356758	0.154	79.0	1924.524361371994
157	687.44244	44.40213	806.6043	564.62213	210.88889	214.31775	72.59505	277.2595	3.0997152	632000	0.0	84.50918	-0.0030044315	-30.147278	0.27814975	0.016335567	0.174	2.0	1936.4791986942291
158	668.72894	36.50474	712.94727	579.1406	204.3158	212.3615	73.294945	277.77985	2.8554468	636000	7.629395e-09	78.31797	-0.020887822	-50.45032	0.27799857	0.01309136	0.15375	79.0	1948.7993652820587
159	693.1013	40.32209	816.33984	613.4898	212.22223	216.4139	72.690636	277.9668	5.005499	640000	-1.66893e-08	45.622467	-0.024242809	-15.839172	0.2685363	0.01145357	0.15425	79.0	1960.9726331233978
160	685.8474	16.937551	719.5077	656.20105	210.55556	217.8363	73.61366	278.83173	1.9376698	644000	-4.6491624e-09	41.512413	-0.020821678	-12.177774	0.26508743	0.010324821	0.127	79.0	1973.249264717102
161	691.13776	39.663456	804.8565	606.0696	212.72223	217.55733	71.8853	279.1568	0.95651627	648000	-1.502037e-08	84.512215	-0.02426157	-41.26838	0.26119134	0.013592208	0.1565	79.0	1985.4675915241241
162	710.8662	54.037872	826.3621	645.8661	219.38889	217.39174	71.98997	279.5259	3.1168518	652000	4.4107438e-08	247.66595	-0.021472331	-131.01155	0.25832993	0.006713845	0.1425	79.0	1997.7982814311981
163	706.81793	56.568024	814.29767	571.3262	218.38889	217.98738	72.8121	280.30087	1.0100927	656000	1.525879e-08	160.50447	-0.02269564	-44.13201	0.26652145	0.008397555	0.1325	79.0	2010.1659443378448
164	752.95746	40.868835	813.15063	684.0912	235.05882	220.70247	70.72143	280.96143	1.5155106	660000	2.5629998e-09	222.92355	-0.022852557	-154.44995	0.2556974	0.0065373657	0.1495	79.0	2022.4953997135162
165	733.656	46.537064	823.3915	678.31244	227.29411	216.04587	77.50664	281.85345	-2.8741827	664000	1.168251e-08	196.62518	-0.02172395	-138.09755	0.26362118	0.015085778	0.15525	59.0	2034.6538996696472
166	748.39	48.270195	815.3911	669.5932	232.70589	223.63306	69.74505	282.25574	1.588129	668000	1.7166137e-08	341.516	-0.0066806646	-177.62738	0.25535837	0.01571408	0.12975	7.0	2046.5927624702454
167	739.7185	52.7445	823.8752	642.5924	229.64706	216.97841	76.28438	283.09814	-5.8972282	672000	1.7285346e-08	294.35654	-0.0044268887	-141.2693	0.25465584	0.016887305	0.2005	4.0	2058.7146685123444
168	786.93677	30.961933	833.6351	738.33344	248.9375	229.03941	61.388138	284.01785	4.9673195	676000	1.8954276e-08	1110.6982	-0.0069928383	-833.2269	0.25438052	0.015856499	0.19125	4.0	2070.79225230217
169	739.07306	154.8998	827.6776	149.61499	233.35294	216.71654	76.68327	285.67316	-25.313519	680000	1.0371208e-08	1171.6403	-0.022664536	-220.81702	0.25415325	0.014149718	0.209	79.0	2082.8626115322113
170	767.7621	48.222645	824.00507	695.02997	240.4375	219.15236	71.88007	283.99097	1.6008186	684000	1.0490417e-08	384.24	-0.020051729	-207.19826	0.23882127	0.015122438	0.16425	40.0	2094.9307470321655
171	756.34766	31.83529	818.8867	698.0432	247.8125	226.72128	61.701088	285.77542	-4.773164	688000	1.37090685e-08	1181.8599	-0.021202745	-758.0573	0.2352406	0.006982553	0.1475	79.0	2107.170179128647
172	770.04126	36.96018	829.74	711.1885	250.0	212.611	69.593155	284.77264	-22.103188	692000	1.8715859e-08	593.4344	-0.02136079	-266.8756	0.24501164	0.014219558	0.1505	79.0	2119.3714697360992
173	767.10333	29.296377	824.20636	705.00616	250.0	211.23505	74.13344	285.95154	-37.846733	696000	-6.3180923e-09	800.00775	-0.012187193	-390.2401	0.24177507	0.015255386	0.17	14.0	2131.1488511562347
174	681.2599	197.1017	811.80164	141.3232	229.0	227.29475	56.212376	285.89304	7.5093546	700000	-8.34465e-09	2749.2776	-0.0034787408	-1174.8356	0.23883997	0.017418839	0.21725	3.0	2143.048019170761
175	731.65454	19.297981	759.38184	693.2736	250.0	209.38246	58.25902	282.14996	-16.521566	704000	-2.3841857e-09	976.1166	-0.018413432	-444.90643	0.23754196	0.011191126	0.135	79.0	2155.1588611602783
176	724.6366	34.119328	800.7493	662.00946	250.0	205.09776	66.69332	282.03616	-28.037788	708000	8.106232e-09	720.62115	-0.021819493	-257.61673	0.2398842	0.012230199	0.1705	79.0	2167.3185818195343
177	734.3117	36.909107	794.66595	648.57495	250.0	203.34714	67.792015	282.36618	-8.923164	712000	8.165836e-09	513.18414	-0.00054388953	-160.23956	0.22868492	0.015123955	0.204	2.0	2179.347987174988
178	720.128	72.4943	805.89294	485.07162	234.35294	207.33156	74.49093	281.4781	7.6500187	716000	2.1219254e-08	1042.4344	-0.022189926	-498.92157	0.22805695	0.015000312	0.16975	35.0	2191.363702058792
179	747.1315	32.015068	807.23975	679.3792	246.625	214.17493	59.24258	281.32257	4.0698147	720000	6.198883e-09	658.0035	-0.022399085	-415.03265	0.21400014	0.013466238	0.15025	79.0	2203.6740477085114
180	739.5862	42.563107	809.2453	669.7324	241.5	211.75151	70.75804	282.84283	7.42013	724000	-1.0967255e-08	618.3526	-0.02339552	-252.17114	0.22342937	0.014709323	0.1805	79.0	2215.621260881424
181	707.8751	68.687454	798.3054	508.1132	229.11765	211.41624	72.480934	283.23474	1.1079779	728000	-2.0503998e-08	545.42	-0.022979738	-213.12231	0.22354917	0.013191603	0.1975	79.0	2227.7876789569855
182	750.1565	36.330647	796.80023	677.4974	244.375	212.93651	65.308075	282.055	9.165877	732000	4.7683715e-09	307.60028	-0.003100019	-193.4693	0.21055886	0.016034424	0.2305	2.0	2239.6379024982452
183	738.5897	33.848465	784.11346	652.4952	248.125	213.94247	61.855263	282.88556	6.2351017	736000	-5.00679e-09	1050.2804	-0.021774828	-642.2325	0.21019728	0.009482063	0.1485	79.0	2251.7993297576904
184	756.3098	47.10547	823.5104	659.00385	248.125	204.88152	70.680916	281.78278	-1.8336744	740000	4.7683715e-09	855.60223	-0.022485776	-419.38068	0.22481476	0.012064443	0.15975	79.0	2264.021779537201
185	742.0564	32.957462	792.1823	682.3658	243.0	210.68875	75.66346	283.9076	-64.58258	744000	4.2438508e-08	576.8706	-0.018883666	-318.09274	0.20384145	0.015074061	0.145	52.0	2276.8914256095886
186	744.8158	50.95702	819.35065	667.9362	233.47058	211.91783	74.22278	282.8997	-0.15363789	748000	2.1457671e-09	455.91522	-0.022380328	-286.69434	0.20230338	0.010893261	0.133	79.0	2289.0761246681213
187	742.8028	55.839222	807.13684	650.35156	232.58824	221.12778	72.62173	284.63464	-2.8023891	752000	-3.2067298e-08	296.13132	-0.023068279	-78.33598	0.18473849	0.013258851	0.15	79.0	2301.366308927536
188	760.6211	43.746643	822.8595	684.209	238.5	222.38528	69.02983	284.57312	-4.541667	756000	-1.192093e-10	330.18143	-0.022892602	-163.30455	0.17865627	0.0129898125	0.17075	79.0	2313.764592409134
189	763.5934	48.602257	813.8096	667.92633	238.625	219.89127	73.36625	284.95676	-5.3661785	760000	3.528595e-08	160.39406	-0.0133633735	-50.298088	0.1662805	0.0151883615	0.158	21.0	2325.8907763957977
190	712.76685	51.419205	822.067	637.1721	221.83333	215.68623	79.61446	285.98334	10.392072	764000	1.45435335e-08	362.56204	-0.024205117	-219.47229	0.16445452	0.015819147	0.17575	65.0	2338.5922396183014
191	737.1533	47.15664	815.09283	661.67267	233.0	221.88707	65.56188	284.60767	7.6451263	768000	1.01923945e-08	850.5095	-0.023798713	-446.27313	0.15928808	0.008143939	0.178	79.0	2350.926521062851
192	758.7898	47.689957	840.88104	684.7046	238.5	216.9876	69.68132	286.03046	-2.854311	772000	9.298325e-09	440.5091	-0.024067702	-196.36813	0.15061769	0.0070376205	0.13425	79.0	2363.5073471069336
193	762.1499	44.172256	828.85126	691.4065	240.0625	223.27745	67.40897	287.2561	2.7876368	776000	-4.61936e-09	634.2478	-0.020586941	-250.0676	0.14576848	0.0128459865	0.16475	79.0	2375.9232749938965
194	756.85205	44.320923	817.29553	670.3574	244.3125	219.25237	68.53265	289.39655	-57.053337	780000	3.5762786e-09	696.13513	-0.023218188	-456.90027	0.12653239	0.0080867065	0.1615	79.0	2388.398848056793
195	749.53046	42.99621	836.6542	659.9293	245.0625	212.13104	71.82047	288.98245	-4.722456	784000	-2.2292138e-08	586.6861	-0.024342252	-246.5733	0.111411296	0.011722939	0.1755	79.0	2400.952229976654
196	757.219	43.302704	832.6296	664.9658	244.9375	217.09631	66.75666	288.75238	9.412916	788000	-2.1457671e-09	597.17444	-0.02487882	-220.6911	0.11560473	0.013274842	0.17725	79.0	2413.3010296821594
197	759.5133	43.54141	821.38245	674.75116	246.875	216.61469	66.8436	290.6016	2.0325117	792000	2.6226044e-09	760.8074	-0.0049387133	-328.87753	0.11379985	0.017144049	0.167	3.0	2425.5579018592834
198	738.78564	58.377625	827.9531	582.7134	235.0	214.4205	72.763084	291.17194	-6.1268787	796000	1.692772e-08	827.9888	-0.022744946	-256.14368	0.11409815	0.012212513	0.16925	79.0	2437.826216697693
199	772.7634	39.492313	828.6645	685.95593	249.0	214.76718	68.15732	291.67804	-14.186876	800000	-2.1457671e-09	553.8525	-0.022766024	-254.41278	0.10808321	0.007298549	0.14325	79.0	2450.2713265419006
200	768.10156	38.395134	830.1633	686.70135	247.5625	216.8948	69.66807	294.1612	-47.337334	804000	-1.66893e-08	619.3722	-0.02223307	-202.4238	0.09935819	0.012138298	0.1565	79.0	2462.7264907360077
201	764.5204	37.29223	840.0177	718.7514	245.4375	216.14154	73.26599	294.91882	-75.26559	808000	-9.536744e-10	580.3186	-0.01571418	-227.69913	0.10238541	0.015035767	0.161	24.0	2474.900378704071
202	758.3767	23.729893	812.804	722.9776	250.0	216.63966	65.3089	294.25937	-1.658618	812000	-1.835823e-08	993.282	-0.023026682	-323.8343	0.10120423	0.012147046	0.159	79.0	2487.4504899978638
203	749.52625	30.240673	814.3897	698.9763	245.8125	213.7106	70.127075	292.43195	-0.023303032	816000	-6.198883e-09	773.48517	-0.014417718	-402.0441	0.10697143	0.015481641	0.19775	16.0	2499.7447984218597
204	722.2451	96.6002	831.1824	419.81796	230.94118	212.44904	72.89624	294.50952	6.042122	820000	4.196167e-08	1125.9009	-0.021888183	-361.74152	0.109069705	0.015605883	0.183	77.0	2512.1630489826202
205	764.8148	40.815163	827.83954	703.978	244.75	216.16983	63.432903	291.75974	9.418088	824000	1.502037e-08	753.0509	-0.0053605167	-494.2197	0.108393066	0.017777741	0.215	4.0	2524.252986907959
206	759.4673	51.035446	833.23456	679.0569	236.6875	217.20012	73.80642	296.33582	-0.12622833	828000	-3.218651e-08	706.438	-0.0155062955	-435.85406	0.108778484	0.015533755	0.163	25.0	2536.392533302307
207	755.3119	39.165836	821.27423	691.74133	243.0625	221.99982	69.212616	297.8155	-7.6450043	832000	-1.1920929e-08	642.2817	-0.0059434366	-400.96902	0.097107016	0.015715232	0.174	3.0	2548.633039712906
208	767.14124	51.731453	833.67847	685.9205	242.1875	215.86281	72.82772	293.81427	-1.1303682	836000	7.1525574e-10	403.92545	-0.020484513	-217.3135	0.095221475	0.015592529	0.1545	43.0	2560.81866645813
209	754.43	58.6428	839.58777	657.2989	231.29411	219.45502	77.977844	298.5981	-5.174466	840000	-2.992153e-08	276.87225	-0.0105107855	-149.95819	0.09020377	0.016667316	0.176	12.0	2572.9304835796356
210	670.5173	67.48186	840.092	513.9216	205.8421	217.66777	80.56819	297.10025	-0.49381828	844000	1.3351441e-08	265.1455	-0.023058595	-165.03682	0.08755973	0.013604668	0.16075	79.0	2585.4316697120667
211	698.2132	67.15901	835.46094	580.4376	213.88889	217.91638	73.5372	296.38	5.1812496	848000	-2.8014183e-08	121.157425	-0.001413197	-30.615524	0.07171221	0.017987862	0.20275	2.0	2597.747095346451
212	702.3536	108.222946	837.9152	431.94165	218.44444	226.68663	68.314705	296.27133	10.075618	852000	-4.0233137e-09	1468.3018	-0.004138687	-382.66174	0.07112858	0.017744325	0.217	3.0	2609.870220899582
213	702.1363	84.84879	827.73	431.6095	219.16667	212.8716	73.30426	289.4585	1.7524471	856000	1.9669534e-08	820.9386	-0.01951102	-174.48834	0.070611045	0.015230606	0.15025	30.0	2622.1164178848267
214	762.1878	56.60563	836.47595	676.0063	236.6875	216.33672	64.470634	291.17383	-1.9937763	860000	1.04755165e-08	597.0358	-0.009282554	-421.13165	0.06516914	0.0152285965	0.12375	13.0	2634.554046869278
215	704.7481	98.13448	839.0206	434.4446	219.77777	219.71826	75.96921	296.98795	-4.3043156	864000	-2.169609e-08	970.04626	-0.01136922	-269.62933	0.06535633	0.016194364	0.17075	14.0	2646.7317399978638
216	771.4858	68.34491	838.0047	650.37524	234.11765	214.43794	70.32217	290.61426	6.054291	868000	-2.0384789e-08	474.63483	-0.008106131	-373.8365	0.06272709	0.016033737	0.19875	9.0	2658.8894307613373
217	697.41235	81.10113	844.18427	518.08887	214.0	219.32156	78.42568	299.5751	-0.07745266	872000	-4.2915342e-09	249.0768	-0.023422807	-124.49633	0.059097093	0.011970248	0.17675	79.0	2671.3680572509766
218	696.03546	67.85939	844.6831	600.79614	213.5	217.61137	76.30949	298.91254	-4.0332575	876000	-2.3841857e-09	127.69181	-0.024650047	-37.846138	0.04477334	0.0152508095	0.19075	63.0	2683.7172422409058
219	702.9221	40.716206	841.0449	666.2691	217.27777	219.52072	74.39753	298.01953	3.552721	880000	3.8146974e-09	176.02834	-0.021909311	-92.98709	0.04189567	0.0106075825	0.15975	79.0	2696.2538030147552
220	775.3034	59.87236	842.28796	680.7811	235.9375	221.86526	68.63586	295.3876	2.4285297	884000	-2.3841857e-09	293.1848	-0.024231173	-183.22379	0.039824322	0.012294853	0.18925	79.0	2708.6528918743134
221	778.3303	61.20552	841.0816	646.13666	237.875	228.18419	73.75215	299.9294	-14.760753	888000	1.6570091e-08	343.24982	-0.011042209	-206.01389	0.028842447	0.01793222	0.1945	13.0	2720.7105629444122
222	742.2074	70.48146	837.11786	616.8138	226.11765	226.30812	76.487526	299.2319	-6.755108	892000	6.198883e-09	244.07452	-0.020688538	-105.50879	0.029624023	0.015287483	0.16375	77.0	2733.129050016403
223	765.4583	64.5332	850.0994	684.21893	233.0	225.75703	73.64883	297.7023	-6.0915575	896000	-1.4066696e-08	233.71028	-0.022663081	-73.15483	0.020007132	0.00815215	0.1645	79.0	2745.779620885849
224	740.8603	58.806274	839.99023	676.4647	225.88235	225.66425	76.26415	298.19446	-5.06658	900000	1.66893e-08	113.65494	-0.026190577	-39.6547	0.0025723774	0.014929509	0.18475	79.0	2758.1473364830017
225	788.235	58.967304	847.3675	685.0055	238.625	229.4175	72.502716	297.3219	-4.8357544	904000	-2.515316e-08	191.17848	-0.024791554	-71.48031	0.0030958254	0.012290354	0.2075	79.0	2770.5111587047577
226	787.4563	63.858967	847.30756	636.99475	237.75	231.33946	74.38202	300.3469	3.4643278	908000	6.6757204e-09	111.77819	-0.025471104	-20.015732	0.00094366074	0.012913362	0.19275	79.0	2783.148336648941
227	792.47034	45.940395	836.0351	682.52655	243.9375	233.74818	70.81533	300.191	-0.63237953	912000	2.1219254e-08	211.67511	-0.023386829	-125.498	-0.009420991	0.012692147	0.1795	79.0	2795.464462041855
228	797.64465	48.042976	851.2014	686.5643	245.375	227.81104	73.88675	298.42136	-8.670245	916000	-9.775162e-09	265.04657	-0.019891754	-128.71214	-0.004742146	0.009320027	0.164	79.0	2808.006613254547
229	788.949	34.76382	840.4842	686.65814	247.0	226.2987	72.1677	300.62775	7.9738092	920000	3.0994416e-09	194.31203	-0.02454404	-86.24059	-0.0056116986	0.0140665015	0.212	79.0	2820.492315530777
230	779.1334	37.605328	842.68036	677.73145	247.125	224.9205	70.66383	297.17975	11.996349	924000	-6.437302e-09	391.5911	-0.02300876	-274.4491	-0.027414285	0.0120315	0.18125	79.0	2832.745859146118
231	795.6238	33.795765	842.258	719.0662	248.3125	221.67531	71.89082	294.7248	-2.707323	928000	2.7656554e-08	265.7536	-0.010648559	-113.965164	-0.02993218	0.015522285	0.2105	12.0	2844.759652853012
232	772.35376	50.521046	837.94275	691.87463	242.125	226.92543	72.79691	298.37067	-19.944355	932000	-1.0967255e-08	210.20752	-0.021474747	-104.049614	-0.030131897	0.0100315865	0.13875	79.0	2857.038782596588
233	758.7673	55.20008	842.6895	685.69446	233.11765	221.98804	77.70509	294.73856	-9.520084	936000	1.502037e-08	235.12619	-0.02510585	-114.47617	-0.031570192	0.009189842	0.176	79.0	2869.3483333587646
234	762.0592	55.239086	843.6822	691.06006	234.4375	226.42274	72.87087	296.05875	7.192482	940000	6.7949295e-09	122.917816	-0.022368353	-41.691246	-0.05102873	0.0138249565	0.16175	79.0	2881.5110692977905
235	758.9361	64.16565	844.339	670.9228	231.41176	221.92688	75.33913	296.00983	-0.98753643	944000	-2.6226044e-09	151.1393	-0.025094736	-62.79866	-0.055627666	0.0150411	0.20625	69.0	2894.3306198120117
236	792.5277	36.766785	835.57526	720.4352	244.375	231.33272	70.58098	296.83905	3.388422	948000	-3.027916e-08	164.63797	-0.022939485	-104.382126	-0.0712345	0.011169138	0.19375	79.0	2906.940761089325
237	785.4215	34.45338	842.50323	712.5511	247.5	225.44981	72.37815	296.5937	-5.6267395	952000	1.9788741e-08	464.02164	-0.020172713	-262.1272	-0.08089136	0.0074179494	0.158	79.0	2919.4138448238373
238	804.28503	22.806019	836.29755	763.4663	249.375	225.51405	70.572426	293.83438	-4.3416777	956000	1.5735626e-08	107.67407	-0.021690208	-59.12145	-0.07275455	0.011746673	0.1385	79.0	2931.810110807419
239	797.60565	20.365889	832.73627	755.6801	249.0	226.4513	71.58659	297.511	-3.3171892	960000	2.1457671e-09	136.24153	-0.010937645	-69.053566	-0.06849731	0.01512529	0.17525	14.0	2943.758551597595
240	758.0972	45.137585	833.861	712.5826	233.29411	226.73303	79.34881	297.16666	3.2450104	964000	-1.2159347e-08	271.0465	-0.0081003085	-210.58434	-0.07052393	0.016943155	0.18775	3.0	2955.772868156433
241	814.7592	29.048244	839.97473	723.945	248.1875	227.33096	71.607765	297.1314	5.381195	968000	1.9073487e-09	139.66675	-0.019413829	-87.72438	-0.07136962	0.015243767	0.1645	26.0	2968.0966997146606
242	777.07007	64.75508	833.64557	541.2578	245.1875	232.15154	69.5302	299.58502	10.685913	972000	2.18153e-08	703.81793	-0.01737335	-411.67682	-0.075097166	0.0077538225	0.19125	79.0	2981.385087251663
243	811.4823	29.392002	839.165	745.62976	249.3125	220.65369	71.33204	289.9248	0.7550144	976000	3.2663344e-08	268.22406	-0.023754258	-198.1449	-0.08455693	0.013440551	0.1695	79.0	2993.701349258423
244	790.2719	27.232065	834.7551	739.05225	250.0	225.60374	73.35927	298.29758	3.020546	980000	4.053116e-09	220.52234	-0.0042192223	-103.526825	-0.0942384	0.02013718	0.231	2.0	3006.161244869232
245	715.92633	41.295506	822.2508	644.7204	222.05556	209.05594	90.36718	296.24033	-3.3605452	984000	2.6494265e-08	1382.266	-0.022148388	-1313.1375	-0.094376996	0.015827913	0.17525	65.0	3018.3393454551697
246	732.40063	186.85963	845.3383	325.1809	226.52942	232.47552	62.63756	297.5858	-8.720907	988000	-4.4345857e-08	2555.9966	-0.0025716391	-440.84302	-0.101925455	0.019036502	0.2255	2.0	3030.432555913925
247	783.07996	48.360733	838.15186	708.13116	240.0625	219.5648	62.76222	281.01553	7.166209	992000	7.092953e-09	673.32074	-0.012149549	-564.8115	-0.10215119	0.015614979	0.16075	17.0	3042.4366018772125
248	771.17914	72.6881	831.3634	541.9588	237.0	228.29523	72.519356	296.52243	5.5911255	996000	-2.2053719e-09	312.3514	-0.0066342074	-54.965393	-0.09980836	0.016248137	0.1215	2.0	3054.344548225403
249	761.9352	46.89404	829.6619	704.02625	234.88235	222.8303	74.916855	294.2065	3.6928844	1000000	-6.866455e-08	108.59188	-0.02252267	-40.844986	-0.09936039	0.015248426	0.145	70.0	3066.4369609355927
250	783.5034	48.344963	841.0366	704.72894	239.9375	227.14224	73.07391	295.13107	3.4004974	1004000	-2.0980835e-08	85.099625	-0.0063723675	-17.130821	-0.110008515	0.015009564	0.17425	6.0	3078.595809698105
251	782.2632	30.370678	839.18695	747.07654	250.0	231.21738	67.315155	296.41272	2.7603722	1008000	1.4781952e-08	1018.51654	-0.020312995	-529.55426	-0.11072877	0.013620759	0.15975	79.0	3091.1847319602966
252	758.227	14.9306345	793.9407	740.06573	250.0	221.96796	69.400345	294.16757	4.6938295	1012000	2.6226044e-09	430.33057	-0.020602258	-195.84618	-0.09618846	0.009216757	0.183	79.0	3103.6142358779907
253	755.6787	25.265749	811.64923	709.04803	250.0	214.26013	69.19032	286.47235	-34.564835	1016000	-3.629923e-08	411.4838	-0.019322824	-196.51457	-0.0979071	0.011347748	0.15175	79.0	3116.0590834617615
254	751.13275	13.610371	784.75903	733.3946	250.0	208.3275	73.69613	284.69675	-116.36484	1020000	1.704693e-08	295.96167	-0.019026091	-181.79788	-0.09811167	0.015519472	0.15675	42.0	3128.598706960678
255	791.4883	32.229965	841.2827	740.9361	249.9375	210.7203	70.91894	284.59	-4.7217283	1024000	-7.152557e-09	638.44977	-0.006795494	-518.0503	-0.10404826	0.015247394	0.14725	8.0	3140.7129583358765
256	794.19385	24.250504	839.45044	740.4561	250.0	222.22357	73.12371	296.03662	-5.3261833	1028000	1.26361845e-08	84.25275	-0.024816032	-20.980461	-0.106187865	0.011885748	0.1875	79.0	3153.156341791153
257	787.11285	23.00808	824.0289	751.8792	250.0	222.67291	72.18536	295.18	1.0612421	1032000	-5.3167344e-08	111.74422	-0.00014528178	-35.770584	-0.12927346	0.024255224	0.28975	2.0	3165.2975718975067
258	726.7095	38.87808	820.1974	682.31793	222.64706	213.51768	90.380936	295.7745	4.046768	1036000	-3.695488e-09	1268.5908	-0.011630574	-1213.9506	-0.13003154	0.01705481	0.173	14.0	3177.569207429886
259	748.0511	45.08854	834.9618	685.8728	228.94118	223.73984	72.714584	290.724	5.8190823	1040000	-5.3286552e-08	94.32644	-0.026919551	-25.624382	-0.13119714	0.012617555	0.14775	79.0	3190.176132917404
260	759.95105	47.775963	840.82166	709.6371	232.41176	223.8554	73.885086	291.507	-5.664626	1044000	9.894371e-09	103.34748	-0.012209725	-28.474426	-0.14343645	0.015279444	0.15325	11.0	3202.432025909424
261	705.50806	27.381512	806.59186	666.56604	215.38889	220.05484	78.15851	293.43204	7.362463	1048000	-4.3511392e-08	70.02692	-0.024696898	-47.06858	-0.14732127	0.014989546	0.17625	79.0	3214.925096511841
262	739.5796	35.041195	818.70197	701.30383	227.17647	224.61276	72.04139	294.23068	5.430234	1052000	-2.3841858e-08	82.01771	-0.003253931	-33.703568	-0.16413946	0.016169073	0.194	2.0	3227.179055452347
263	799.3083	46.51228	847.5272	707.81915	242.3125	227.29366	70.19607	293.836	-6.0157013	1056000	-1.9073487e-09	331.64594	-0.008696232	-253.05939	-0.16423143	0.015774395	0.18925	8.0	3239.421022415161
264	799.97314	50.941628	855.39307	682.31525	240.5	230.10841	74.27467	299.44052	-2.4151983	1060000	1.7881394e-08	140.31499	-0.017251048	-56.442505	-0.16467872	0.015525377	0.19425	62.0	3251.9054238796234
265	809.68835	22.243595	837.2715	769.8568	249.375	233.25304	70.721535	301.56552	7.430995	1064000	-1.525879e-08	225.69357	-0.003528291	-169.81781	-0.1761954	0.02093322	0.22875	2.0	3264.050393342972
266	807.64636	33.011448	854.2622	748.11523	248.9375	226.90042	74.141174	302.31857	3.1193457	1068000	3.0994414e-08	366.53055	-0.019174589	-196.37253	-0.17653164	0.012101207	0.205	79.0	3276.624809026718
267	821.0015	48.034492	863.85706	694.73334	245.5	231.0309	75.672714	300.20673	-7.4442444	1072000	2.384186e-10	206.86436	-0.006816143	-119.308945	-0.19007666	0.015256463	0.16725	8.0	3288.654031276703
268	776.31134	164.9189	859.0099	139.10083	234.94118	236.1892	74.37947	304.6385	-7.051488	1076000	-1.0609627e-08	927.3139	-0.005485172	-78.638794	-0.19084084	0.015623825	0.167	2.0	3300.3777465820312
269	787.2444	22.473877	822.8931	738.4766	249.5625	226.82738	63.988483	304.6663	-6.7273493	1080000	-1.4662743e-08	951.4478	-0.02089355	-829.1982	-0.19107772	0.012931305	0.167	79.0	3312.3729209899902
270	783.16693	33.65786	854.8618	744.8152	250.0	222.69931	70.70081	299.86945	-72.39503	1084000	-2.9444694e-08	875.5362	-0.011365987	-322.85742	-0.19117488	0.015848964	0.19875	15.0	3324.551527261734
271	772.69073	54.954964	842.36017	639.0852	246.0625	226.18045	68.666466	299.41373	-0.668787	1088000	3.4570693e-09	608.6575	-0.009685806	-275.31082	-0.19363655	0.018912157	0.22175	9.0	3337.0992369651794
272	802.7883	29.463123	847.3539	759.5356	250.0	222.15115	69.42974	297.95087	-1.2824984	1092000	3.516674e-08	212.49149	-0.020820163	-127.977165	-0.1945324	0.015619432	0.178	44.0	3349.319058418274
273	821.2755	38.43087	860.9132	692.09576	246.9375	228.75069	75.10049	302.6478	3.4069052	1096000	-4.6014787e-08	299.40436	-0.019349352	-236.52997	-0.1949213	0.015139318	0.19	50.0	3361.8133850097656
274	807.7605	56.875973	862.5697	702.1501	240.125	235.68633	75.562225	306.27945	-3.3930817	1100000	1.502037e-08	157.26912	-0.0013249085	-68.841995	-0.2059116	0.020977426	0.2275	2.0	3374.309949159622
275	778.1791	95.00763	866.2959	521.46893	233.47058	232.07436	75.597626	306.91895	-3.8399782	1104000	-2.6702882e-08	372.5877	-0.0016364059	-106.246185	-0.20684084	0.016871737	0.15575	2.0	3386.392928123474
276	799.9067	77.43924	863.7597	519.4893	243.875	239.41371	65.01308	307.04095	0.47263718	1108000	6.2584875e-09	1190.1194	-0.003891505	-679.26306	-0.20673342	0.016857563	0.19125	3.0	3398.858369588852
277	639.51416	225.60254	847.1315	240.18323	205.36842	238.85878	67.01626	306.19098	12.902453	1112000	6.198883e-09	4475.688	-0.02084086	-2077.4749	-0.20694955	0.008291246	0.169	79.0	3411.1456322669983
278	710.35876	133.66077	858.5114	518.79614	221.55556	200.03784	67.154205	299.69968	4.282695	1116000	1.7166137e-08	1693.2817	-0.00536866	-668.79285	-0.21347256	0.01975937	0.19825	6.0	3423.2849702835083
279	550.5706	246.44029	803.563	231.95044	188.4762	231.29805	53.736584	307.05716	-41.615337	1120000	4.6491624e-09	6245.302	-0.025967507	-3566.4124	-0.21305975	0.0063169254	0.177	79.0	3435.9113190174103
280	743.45557	64.429565	816.9568	519.1448	242.0	184.96754	63.287476	298.61047	-43.462284	1124000	-2.026558e-08	3249.783	-0.015990034	-2364.9487	-0.21862663	0.015151076	0.16375	35.0	3448.645452260971
281	699.60736	131.04262	793.6351	239.72118	234.58824	210.22394	66.438354	298.05432	-56.68015	1128000	2.1219254e-08	1845.0652	-0.021928411	-829.4666	-0.22616905	0.008850692	0.153	79.0	3461.1811628341675
282	680.88464	182.53075	847.6148	240.97276	221.88235	195.76323	70.99394	297.9401	-22.531666	1132000	-1.6212464e-08	1816.7106	-0.022787558	-563.22766	-0.22680926	0.014333475	0.18275	79.0	3473.6704359054565
283	647.5122	175.15985	867.4619	244.13577	215.55556	206.03604	65.33964	297.48883	-43.00669	1136000	8.225441e-09	1871.2714	-0.019312415	-322.75244	-0.22888786	0.015103705	0.19825	23.0	3485.7007524967194
284	763.2271	83.20109	863.671	515.7419	242.5	198.98494	65.493614	289.69186	-34.20908	1140000	1.9609928e-08	2011.7896	-0.010920801	-1170.8328	-0.23019058	0.015612	0.18375	10.0	3497.57981801033
285	743.69495	87.140495	874.832	504.79974	241.375	213.09422	69.14839	300.06512	-8.331272	1144000	1.4066696e-08	1241.236	-0.021312458	-371.90833	-0.22795802	0.015030904	0.1575	53.0	3509.743263244629
286	740.5353	76.766335	845.1613	523.2996	240.125	210.61668	67.89409	293.6952	-11.171808	1148000	-2.628565e-08	1418.1837	-0.022952793	-468.30005	-0.2171839	0.015041177	0.15675	44.0	3521.764179468155
287	725.0575	77.11694	864.42017	521.5298	240.0625	216.44102	63.065735	301.3971	-14.129239	1152000	2.6226044e-08	1231.3788	-0.021618474	-507.49994	-0.21421063	0.012069388	0.13775	79.0	3533.898902654648
288	706.3088	129.71983	824.408	232.74535	235.29411	205.36653	70.34698	297.0531	-50.302505	1156000	-4.339218e-08	1778.893	-0.012247137	-783.83203	-0.2141782	0.015883477	0.19675	13.0	3545.858793735504
289	775.34735	57.35448	855.38275	632.5342	247.875	205.94984	65.74635	289.54913	8.482725	1160000	-6.6757204e-09	1228.489	-0.020741485	-610.7722	-0.21400818	0.015075348	0.1875	77.0	3558.0937933921814
290	722.3733	177.78398	849.0542	246.5145	228.05882	225.67802	65.77682	303.3284	-2.0984688	1164000	1.8537044e-08	2239.8894	-0.0053974246	-567.542	-0.22610302	0.016111603	0.16175	4.0	3570.0019431114197
291	755.77484	76.06184	853.2398	513.3707	241.5625	208.38556	70.981384	302.48566	-40.824184	1168000	4.157424e-08	1159.2532	-0.02413279	-489.77203	-0.22650209	0.012820222	0.16725	79.0	3582.406975507736
292	750.71045	64.34623	868.05566	648.2917	246.0	216.56743	65.746574	299.608	-3.341363	1172000	-2.1219254e-08	905.2977	-0.02624528	-395.6323	-0.23763452	0.011247318	0.16825	79.0	3594.6808111667633
293	737.90314	54.82393	872.9975	644.3899	246.1875	207.26683	70.11151	302.78232	-27.778622	1176000	-1.0967255e-08	737.7937	-0.019818246	-265.72513	-0.22205976	0.015160121	0.18525	27.0	3606.6830966472626
294	744.70374	52.403877	836.3299	635.72363	246.1875	205.58481	68.36118	296.68304	-0.4158039	1180000	2.4318695e-08	773.0896	-0.018182268	-262.31927	-0.22983505	0.015228479	0.17075	34.0	3618.1145882606506
295	761.402	35.571594	848.29987	722.40704	248.6875	216.03943	65.20103	299.61993	21.890305	1184000	-1.7881393e-09	751.2596	-0.024997532	-251.33597	-0.23601978	0.011267704	0.14125	79.0	3629.255553483963
296	736.4986	52.221657	844.95416	625.9485	244.1875	215.2203	63.70321	293.29416	-33.45401	1188000	3.886223e-08	908.84735	-0.023612525	-419.30783	-0.24023843	0.00870274	0.162	79.0	3639.8568692207336
297	729.4481	49.507004	797.2585	613.2423	244.625	210.23282	67.75217	296.09555	-52.008842	1192000	7.390976e-09	1035.5387	-0.028614169	-348.7583	-0.2403536	0.014351269	0.20275	79.0	3650.7789437770844
298	750.5984	59.075893	862.37787	631.9533	245.75	205.64868	70.181816	291.61664	-34.547203	1196000	1.7404556e-08	707.49817	-0.024075508	-272.66248	-0.25427243	0.0132142445	0.1805	79.0	3661.3024225234985
299	734.54297	72.555664	812.4048	494.74005	242.9375	210.69183	68.18815	301.8173	-57.70011	1200000	1.680851e-08	1491.4415	-0.024899714	-868.9529	-0.27266568	0.013327858	0.17475	79.0	3672.1655945777893
