Epoch	AverageEpRet	StdEpRet	MaxEpRet	MinEpRet	EpLen	AverageVVals	StdVVals	MaxVVals	MinVVals	TotalEnvInteracts	LossPi	LossV	DeltaLossPi	DeltaLossV	Entropy	KL	ClipFrac	StopIter	Time
0	10.4826765	5.542985	41.58502	0.28496894	17.767857	0.091241576	0.14734754	0.57292235	-0.5116197	4000	-2.6226044e-09	45.377296	-0.016625704	-23.263765	0.91893864	0.016343817	0.1765	5.0	8.083398818969727
1	16.782917	11.110713	97.24295	2.6681051	22.183332	3.8430774	1.7571093	5.1075673	-4.365478	8000	-3.5762786e-09	107.66064	-0.018079855	-31.105377	0.91938347	0.016530052	0.1675	6.0	15.949074745178223
2	46.983097	49.400787	209.58759	6.0562806	37.92381	7.72108	2.2641122	8.867084	-7.934374	12000	2.6226044e-09	1664.9742	-0.01842232	-258.18542	0.9196532	0.00946305	0.14375	79.0	24.61449694633484
3	71.854836	58.99071	289.05624	10.275853	50.692307	13.647121	2.31058	14.196219	-10.759187	16000	-2.6226044e-09	2069.7214	-0.02037699	-257.04956	0.9069993	0.009140801	0.16475	79.0	33.196072578430176
4	94.493645	50.012783	187.74583	13.867342	58.80597	18.138208	2.0927668	18.57562	-4.2760153	20000	6.198883e-09	1977.5073	-0.016801415	-240.20947	0.8884995	0.009714948	0.10775	79.0	41.72868084907532
5	118.27569	46.330242	286.9109	29.986513	68.73684	22.307863	0.60802567	22.391386	9.019737	24000	-2.2649764e-09	2248.984	-0.013431873	-248.21423	0.87657803	0.007284237	0.08375	79.0	50.26338291168213
6	130.85117	54.963093	273.027	13.8175955	72.34545	26.055965	0.008298311	26.057106	25.614166	28000	4.2915342e-09	2624.8901	-0.015393699	-262.78613	0.8746478	0.0055750515	0.09275	79.0	58.981053590774536
7	154.67567	55.17468	308.94217	46.09577	83.145836	29.663568	0.0012260318	29.663916	29.636082	32000	6.7949295e-09	3002.3835	-0.007116791	-275.06616	0.8758554	0.015580882	0.16025	7.0	67.44394874572754
8	189.79399	65.02209	307.11017	59.210957	100.84615	33.210655	0.016258268	33.211754	32.382374	36000	-3.3378602e-09	3860.681	-0.0067851543	-351.2483	0.8753243	0.015152427	0.1695	6.0	75.44807529449463
9	195.05255	52.945454	295.48227	28.574484	97.39024	37.021503	0.032938015	37.02303	35.86956	40000	-2.384186e-10	3753.372	-0.012457957	-320.67896	0.8740774	0.010149765	0.07775	79.0	83.98316144943237
10	193.57182	53.114788	299.01602	71.80253	96.36585	40.570236	0.043474887	40.57154	38.4899	44000	-4.2915342e-09	3329.1838	-0.0145248715	-254.75952	0.87281024	0.0092851855	0.07075	79.0	92.62687015533447
11	212.41722	31.617992	282.2028	111.45582	103.26316	43.680984	0.1056017	43.684494	38.43506	48000	-5.662441e-09	3431.2185	-0.009840918	-263.84692	0.87557954	0.0053971563	0.069	79.0	101.64724636077881
12	216.70488	20.960487	291.06445	164.60982	103.07895	46.785587	0.012837244	46.786106	46.036083	52000	2.861023e-09	3320.0405	-0.014665712	-243.89404	0.858086	0.005695627	0.08025	79.0	110.40608596801758
13	226.27647	16.597555	293.7287	199.79883	105.945946	49.750916	0.0034307821	49.751102	49.591507	56000	-1.6689301e-09	3380.727	-0.012558598	-238.78491	0.8602242	0.0064495616	0.0895	79.0	119.27712726593018
14	218.3313	28.996643	282.85806	111.16681	100.97436	52.65876	0.019710535	52.659245	51.448833	60000	-1.9073487e-09	3078.1077	-0.01092615	-201.78418	0.85917026	0.0054669334	0.065	79.0	128.35025238990784
15	229.92949	21.095661	285.43872	161.19151	104.42105	55.16197	2.1527522	55.31031	5.5811014	64000	4.7683715e-09	3199.088	-0.01388565	-386.1167	0.8555854	0.0093992045	0.081	79.0	137.29318928718567
16	219.51909	42.906395	316.7722	94.1571	99.925	53.32969	12.208231	58.07789	-19.93757	68000	-3.8146974e-09	2783.7144	-0.015144727	-226.58984	0.8611914	0.007802482	0.09375	79.0	145.9095423221588
17	230.43753	50.141468	332.17145	63.770737	102.48718	55.476234	13.040171	60.81457	7.8781834	72000	-2.503395e-09	3055.8406	-0.016289039	-239.17041	0.8531895	0.009235161	0.09675	79.0	155.58260083198547
18	253.13547	34.867374	332.37524	200.249	110.861115	57.94455	13.960101	63.638523	0.64501286	76000	-8.46386e-09	3280.48	-0.004451655	-272.16992	0.8589928	0.01604882	0.16425	4.0	163.62153697013855
19	286.51837	52.26686	349.59143	172.17326	118.30303	61.465187	14.133079	66.63024	-0.59788096	80000	5.9604643e-10	4613.2544	-0.020556781	-363.58643	0.85847145	0.012764506	0.12575	79.0	172.1402189731598
20	299.65668	46.984535	348.14972	167.44582	122.6875	65.493706	12.8908615	70.0534	-0.010702729	84000	-2.503395e-09	4603.2827	-0.017617855	-374.9995	0.86611843	0.009442208	0.102	79.0	180.70688819885254
21	296.28946	52.921272	377.7342	152.90543	121.28125	67.4975	15.647241	73.45434	-2.2595348	88000	-4.768372e-10	4323.284	-0.01687878	-331.7859	0.8608432	0.011706493	0.079	79.0	189.48485112190247
22	309.7854	51.337685	362.6581	104.966866	123.25	69.65431	17.264055	76.62875	-5.776629	92000	-7.748604e-10	4475.2856	-0.016044637	-338.5786	0.8644548	0.0099495	0.092	79.0	198.13019394874573
23	322.74142	24.617031	368.2411	240.03058	126.77419	73.41411	16.505636	79.81263	3.4605594	96000	6.556511e-09	4331.5684	-0.017139906	-356.72876	0.86442715	0.013788147	0.096	79.0	206.70098972320557
24	312.22983	41.657093	362.57837	180.82617	123.46875	75.902	17.760487	82.96601	-1.9713843	100000	5.185604e-09	3841.6597	-0.01592312	-286.85278	0.8771946	0.009088665	0.08975	79.0	215.18059277534485
25	317.6244	44.890938	371.38376	189.09079	122.46875	77.575294	19.00002	85.82995	2.9636424	104000	-2.026558e-09	3972.0476	-0.004940164	-287.9348	0.87471735	0.015499981	0.187	5.0	223.45467329025269
26	329.27142	40.10981	376.83438	229.81912	125.41936	80.43806	19.367115	88.67772	3.1429815	108000	5.1259996e-09	4094.3486	-0.018137153	-300.26514	0.8735267	0.01315416	0.1105	79.0	231.88633131980896
27	330.64075	55.7077	392.68298	123.83625	125.51613	82.37118	21.327948	91.58829	-8.525182	112000	-9.000301e-09	3992.8206	-0.019053861	-280.37744	0.86663175	0.009845127	0.105	79.0	240.52409410476685
28	341.40823	43.125885	388.48672	137.57805	128.06451	85.523026	21.422579	94.38512	3.1874917	116000	2.1457671e-09	3941.9592	-0.018693179	-289.04224	0.8596367	0.011295708	0.10275	79.0	248.9921088218689
29	350.57706	23.755808	377.16348	245.10411	128.25807	87.21456	22.459173	97.18278	3.6336992	120000	-1.9073487e-09	3958.6384	-0.017317606	-294.8203	0.8629685	0.012516488	0.099	79.0	257.52921199798584
30	352.91785	49.210773	392.6906	103.00799	129.76666	90.21237	23.092617	100.04287	3.0170712	124000	-5.185604e-09	3963.2458	-0.018411122	-293.20093	0.86290723	0.0121214995	0.10525	79.0	266.02490043640137
31	358.88785	14.892105	390.14703	328.03537	131.03334	92.22048	24.057358	102.85534	-0.035588503	128000	1.9669533e-09	3531.4507	-0.01788877	-259.4746	0.861823	0.014504661	0.10175	79.0	274.6637930870056
32	351.95944	37.01559	389.2959	178.38637	128.51613	94.33233	24.974089	105.55903	4.818678	132000	2.9802323e-09	3289.1018	-0.018297244	-236.4956	0.88125944	0.015095407	0.1005	67.0	283.6541509628296
33	363.038	18.39175	403.73148	322.0081	131.73334	95.895035	26.469563	108.093796	1.3543129	136000	2.026558e-09	3216.731	-0.01777215	-231.54248	0.8796055	0.013744985	0.115	79.0	292.1391112804413
34	361.52606	42.12265	399.52008	205.36832	130.76666	98.96536	25.896654	110.639946	2.4716349	140000	2.503395e-09	3216.325	-0.004051347	-211.0603	0.8804463	0.015294523	0.1545	5.0	300.05559754371643
35	357.56158	39.12001	399.1449	173.04675	129.4	100.92267	26.838482	113.090805	1.6875095	144000	-1.1920929e-09	2863.307	-0.01848963	-194.9353	0.8785775	0.011763373	0.1105	79.0	308.3222737312317
36	348.94418	60.808174	391.99484	75.90948	126.645164	102.580315	27.910215	115.45237	-0.065951824	148000	-2.2500752e-09	2681.9172	-0.014547108	-171.2981	0.8683389	0.010789285	0.07925	79.0	317.2528932094574
37	355.98816	21.894604	397.95108	293.42654	128.48387	103.29067	29.470512	117.653206	4.3432655	152000	5.364418e-10	2281.918	-0.020272728	-167.22876	0.86122143	0.015083394	0.10125	76.0	325.88737392425537
38	349.51434	55.434807	388.9697	71.02986	126.19355	105.99262	29.425497	119.838905	0.5034025	156000	-3.5762787e-10	2291.6611	-0.0048301085	-158.89966	0.85906965	0.017640049	0.1755	4.0	333.9587757587433
39	333.62164	103.70567	520.63727	62.62336	121.53125	107.84626	29.260141	121.95539	-0.34511018	160000	-8.9406965e-10	2900.4714	-0.003984054	-218.98267	0.85942376	0.015698846	0.20275	5.0	342.05678606033325
40	368.8585	53.758263	459.3848	96.67475	131.76666	109.225044	30.589216	123.87166	-18.743597	164000	1.6689301e-09	2456.5344	-0.018704478	-246.93481	0.8576605	0.010871999	0.115	79.0	350.5459408760071
41	374.21783	46.246593	465.92627	162.78586	132.6207	110.488655	31.519056	126.06929	1.6108134	168000	3.0398368e-09	2504.4746	-0.018605575	-203.14917	0.86318874	0.01286525	0.089	79.0	358.7715346813202
42	376.58206	38.34606	402.89474	194.31883	133.2	112.075905	32.608936	128.34265	-2.428924	172000	5.7816507e-09	2248.7703	-0.018800449	-182.10107	0.86419916	0.011859264	0.117	79.0	367.2177720069885
43	368.68552	64.072815	414.3843	80.70424	130.7	114.22326	32.811047	130.5604	2.2606616	176000	-1.4305115e-09	2220.3408	-0.003888308	-177.74512	0.8440084	0.015112018	0.16925	4.0	375.32883524894714
44	397.24628	55.857048	676.4847	354.25388	138.46428	115.81092	33.33267	132.6361	3.8385215	180000	3.695488e-09	2475.1426	-0.018620152	-190.74805	0.84367377	0.009887154	0.104	79.0	384.8266553878784
45	386.43777	71.1379	636.1122	107.44259	136.27586	117.92786	34.20755	135.02797	2.7927125	184000	-3.7550927e-09	2231.5342	-0.022713557	-203.9032	0.8376837	0.013912163	0.151	79.0	393.4930326938629
46	386.6534	18.853212	417.936	325.81216	136.10345	118.94239	35.21275	137.22464	4.048414	188000	-4.5001505e-09	1652.3079	-0.018923081	-132.83875	0.82502854	0.013708338	0.1125	79.0	402.1736071109772
47	396.88712	36.823376	553.4061	311.83997	138.42857	120.624466	35.862247	139.28522	-2.6867476	192000	-5.364418e-10	1961.0945	-0.019555587	-160.9386	0.8267295	0.014062282	0.11575	79.0	410.8623743057251
48	397.37842	43.863907	508.516	269.24176	139.96428	122.587654	36.250725	141.4989	0.8917551	196000	1.4305115e-09	1781.9266	-0.022459768	-189.66663	0.8323482	0.014761151	0.12325	79.0	419.4270749092102
49	377.00632	49.895615	405.23312	114.28491	133.06667	122.832405	37.62414	143.54027	2.253827	200000	3.8146974e-09	1469.392	-0.017747324	-207.5177	0.8243542	0.015016577	0.1465	55.0	427.5201995372772
50	383.81653	88.19405	595.5774	87.87676	134.34483	124.32089	37.85152	145.33376	4.1942334	204000	-9.059906e-09	2006.3373	-0.02095526	-268.96948	0.8159984	0.013805972	0.11475	79.0	435.9009943008423
51	394.848	12.537125	435.45685	374.60303	136.44827	126.30227	38.641987	147.27533	3.8856058	208000	9.3579295e-09	1298.8293	-0.016716188	-119.404175	0.8282974	0.010066393	0.099	79.0	444.7032527923584
52	385.47955	54.658867	492.79486	159.64719	134.58621	128.40971	39.040318	149.22858	4.9211135	212000	-8.5830685e-09	1407.5374	-0.01909157	-106.68713	0.8233612	0.010118261	0.102	79.0	453.27105021476746
53	408.72293	46.780365	614.5893	376.92908	140.71428	128.342	40.184742	150.97563	4.59978	216000	2.2053719e-09	1431.9241	-0.019718776	-137.84644	0.8387052	0.014987756	0.1275	79.0	461.8419988155365
54	399.63376	27.019009	511.7499	346.09497	138.03572	129.52066	41.11715	152.99779	3.442205	220000	-3.2782554e-09	1108.139	-0.014119274	-102.22009	0.8377998	0.015316227	0.1285	30.0	469.8609094619751
55	405.1885	33.210056	565.15796	378.44647	139.5	131.7585	41.759056	154.8824	4.7104135	224000	-3.8146974e-09	1130.4918	-0.019081568	-105.2511	0.8243187	0.011365789	0.10275	79.0	478.3551535606384
56	388.4323	54.623436	454.2247	198.77133	134.93103	133.22629	42.310192	156.7963	5.4075685	228000	-2.3841857e-09	1178.3191	-0.015425323	-61.742798	0.8225291	0.015013052	0.128	60.0	486.7857766151428
57	377.8764	93.848694	632.5388	116.21006	133.13333	135.92282	41.085613	158.36316	4.697027	232000	-9.775162e-09	1556.6915	-0.0047376705	-178.40369	0.83541375	0.018401576	0.19575	4.0	494.7963082790375
58	429.9035	74.90839	747.6377	378.6829	146.92308	135.73503	42.71256	159.70697	-2.8525076	236000	5.00679e-09	1787.9849	-0.021579329	-260.40942	0.8355612	0.014984289	0.1245	79.0	503.18740344047546
59	419.58493	62.660805	631.63135	237.71149	143.74074	137.63634	43.630672	161.91463	4.309571	240000	-9.417534e-09	1273.1713	-0.019932387	-99.46521	0.8263565	0.014099099	0.1185	79.0	511.6404855251312
60	414.11542	34.627766	540.6195	379.75073	143.0	137.94087	44.4529	163.83904	3.2545643	244000	-3.4570693e-09	805.80035	-0.018526591	-82.63507	0.8304459	0.015115811	0.12225	46.0	519.9089744091034
61	470.6994	108.48904	703.2788	378.7987	158.92	141.80464	43.732822	165.56088	5.411201	248000	-1.0490417e-08	2087.0789	-0.023044273	-213.33423	0.82757854	0.0100074215	0.13775	79.0	528.6650009155273
62	479.5336	105.81505	699.7002	381.89844	161.95833	144.68484	43.509026	168.07864	5.334948	252000	-2.8014182e-09	1974.0155	-0.022424951	-166.6117	0.80519456	0.011641887	0.11775	79.0	537.150203704834
63	458.72375	85.85671	706.77435	364.84357	155.04	145.34846	45.69607	170.56174	-4.9555855	256000	-2.503395e-09	1437.2588	-0.021194533	-131.5221	0.81408495	0.0100701265	0.1075	79.0	545.715211391449
64	478.48495	88.994835	659.04565	389.22055	159.5	148.32559	44.874844	172.76517	4.914548	260000	-2.2649764e-09	1856.199	-0.023285726	-165.94495	0.8066438	0.014033631	0.133	79.0	554.0778357982635
65	500.58624	123.01921	759.59064	373.0565	168.17392	149.52353	46.00443	175.2996	-2.0753722	264000	9.834767e-09	1901.1412	-0.02239723	-182.73315	0.8017935	0.009177503	0.11775	79.0	562.4448521137238
66	483.83252	108.15339	690.9115	308.6696	162.58333	152.07297	47.516895	177.78732	-20.237411	268000	-7.1525574e-10	1724.6941	-0.018687751	-133.51514	0.7929017	0.015018017	0.129	58.0	570.8002171516418
67	500.7023	124.73396	743.87384	189.03993	166.16667	153.67674	47.421604	179.89221	3.6453	272000	-1.0967255e-08	1949.7782	-0.01754697	-147.30481	0.7834257	0.010731779	0.1075	79.0	579.1443562507629
68	506.50638	147.9274	758.0247	102.7073	167.47826	157.84987	45.917206	182.18433	3.142006	276000	1.5497208e-09	2453.4504	-0.019641364	-262.47852	0.775427	0.015029887	0.12525	54.0	587.2001206874847
69	532.83	124.40538	790.395	371.91214	175.72728	159.63611	47.961216	184.62631	-88.55594	280000	-1.4781952e-08	2101.031	-0.023638451	-346.15356	0.7701373	0.013756596	0.12275	79.0	595.641402721405
70	537.71326	116.72833	697.27936	274.3968	175.27272	161.464	48.37712	187.04385	6.089898	284000	1.3232231e-08	2070.6958	-0.020156605	-144.77979	0.76661	0.011030304	0.138	79.0	604.174882888794
71	550.4808	122.18343	748.0232	304.16827	179.90475	165.09319	47.830357	189.525	3.8245678	288000	-2.9206275e-09	2066.3997	-0.020420244	-154.19727	0.75462335	0.012975481	0.144	79.0	612.9868869781494
72	553.2305	131.27843	792.4409	328.09296	181.63637	166.07175	47.285862	192.00569	4.482967	292000	-5.722046e-09	2097.0715	-0.022049854	-188.79395	0.7377011	0.011100632	0.134	79.0	622.2134971618652
73	560.97363	163.14426	784.8173	132.60745	184.80952	172.08495	46.951653	194.21266	-4.380203	296000	1.192093e-10	2739.4973	-0.0042434703	-159.51196	0.7357662	0.017860143	0.17425	3.0	630.1046605110168
74	623.5455	99.618935	765.85266	409.03088	203.6842	174.02309	45.860424	196.28014	-8.828724	300000	7.510185e-09	2299.1616	-0.020338466	-202.59546	0.7355774	0.012279142	0.12625	79.0	638.5707929134369
75	632.9794	91.20202	773.5035	413.06052	204.10527	174.91861	48.65874	198.62071	-1.5171032	304000	9.059906e-09	2279.416	-0.022214957	-179.23901	0.73815495	0.0066843266	0.1455	79.0	646.7442145347595
76	656.52924	77.65547	772.46423	457.14215	210.22223	177.98238	47.716324	201.18243	2.3683214	308000	-1.758337e-09	2218.5718	-0.024447406	-231.3197	0.71238476	0.014138285	0.1365	79.0	655.8325502872467
77	653.64044	47.49275	797.96497	566.8101	210.21053	177.13716	51.875378	204.10527	-6.63069	312000	-6.198883e-09	1782.4519	-0.021814663	-177.88538	0.71569085	0.0126498155	0.1465	79.0	664.2896428108215
78	618.91565	60.099636	743.1612	515.2723	197.05	176.6445	53.224586	206.57596	0.9609127	316000	-1.6450882e-08	1191.3955	-0.023911504	-154.20776	0.7120088	0.015000528	0.124	74.0	672.6952269077301
79	664.90857	71.14635	787.31824	492.5317	209.57895	181.1017	53.296234	208.88968	-3.987259	320000	-8.34465e-09	1576.7543	-0.02224142	-175.83447	0.70486253	0.012222478	0.11325	79.0	681.5389769077301
80	690.4542	105.96017	826.48956	374.90167	225.82353	192.61005	45.50495	211.5516	-0.93628454	324000	-4.7683715e-09	2810.4229	-0.020759497	-231.58081	0.6994786	0.011020128	0.13975	79.0	689.9921443462372
81	657.7146	65.54311	754.0926	514.0061	214.27777	188.00714	50.59188	213.37067	-4.6569495	328000	1.6689301e-09	1831.5171	-0.019815061	-286.43274	0.6868946	0.009098639	0.12625	79.0	698.6348235607147
82	695.46826	60.992764	828.73	568.56036	225.05882	189.34586	49.12319	215.0571	-8.881411	332000	-4.053116e-09	2011.4856	-0.017674375	-185.68408	0.67580473	0.015112293	0.12525	51.0	706.8900425434113
83	670.8125	78.07384	771.07324	445.3327	214.88889	190.69244	50.253834	217.02274	-2.3861947	336000	2.3841857e-09	1617.2197	-0.023154022	-348.15942	0.6925566	0.012214707	0.14825	79.0	715.5598304271698
84	656.85364	109.545586	812.7241	411.28192	208.6842	184.13492	59.157974	219.0719	-15.011864	340000	-5.9604643e-10	1498.3662	-0.021464482	-274.3048	0.6863699	0.012448556	0.12875	79.0	723.9457848072052
85	614.6342	179.37854	790.2622	89.008385	199.95	196.42175	49.86339	221.06552	6.9937963	344000	5.00679e-09	2257.4905	-0.023437062	-262.19922	0.6792905	0.012991805	0.14325	79.0	732.4915506839752
86	660.729	158.17516	833.1097	86.18311	213.22223	193.09793	54.4818	222.2712	-8.901907	348000	5.9604646e-09	2121.9414	-0.021918168	-218.65637	0.6815736	0.006915669	0.154	79.0	740.7843494415283
87	702.575	55.10484	801.46375	607.4084	228.47058	197.80257	49.2692	223.96606	5.305832	352000	-4.529953e-09	1619.5404	-0.021916416	-320.16406	0.6882807	0.007428396	0.12825	79.0	750.3274896144867
88	656.18274	141.5744	820.7528	134.15805	211.55556	193.02322	56.081707	225.60378	-16.200878	356000	-4.7683715e-09	1977.2548	-0.020779798	-297.85254	0.6867682	0.014185238	0.15425	79.0	759.2432129383087
89	625.0943	147.9039	758.67004	81.75257	201.47368	193.95227	55.56633	227.21278	-29.395742	360000	1.0490417e-08	1403.035	-0.0050886893	-247.95007	0.6810134	0.016485438	0.22875	5.0	767.1682176589966
90	731.1654	50.948986	796.23816	650.33606	233.82353	198.47806	54.460995	228.68741	-21.226032	364000	6.198883e-09	1421.8668	-0.019428903	-270.1162	0.6806807	0.012506277	0.109	79.0	776.0073683261871
91	718.2637	54.06756	809.6576	613.3895	238.5	202.43588	49.72727	230.71832	-1.3014774	368000	-6.8545343e-09	1338.6715	-0.020267036	-485.62738	0.68594664	0.010159194	0.137	79.0	784.6283228397369
92	705.8864	55.189133	802.29095	591.1336	231.05882	195.33264	56.215664	232.3992	-24.822605	372000	2.6822091e-09	1093.3905	-0.020732068	-279.43298	0.69032454	0.014171835	0.14475	79.0	793.5974941253662
93	708.6734	86.37813	799.14386	433.43494	224.94118	197.14825	57.686317	233.97087	3.3451576	376000	-2.861023e-09	1144.0148	-0.02151308	-250.60474	0.68215686	0.015022197	0.1385	50.0	802.1173856258392
94	734.2565	49.130363	819.66895	626.83624	242.6875	206.43687	49.73584	236.00919	-25.961721	380000	1.4066696e-08	1508.0083	-0.019615438	-430.6853	0.6730658	0.0116844615	0.13675	79.0	810.6770920753479
95	705.8242	73.3919	787.7956	526.81854	226.35294	199.25894	57.877605	237.54987	-2.1926265	384000	2.1874905e-08	1178.6707	-0.012986357	-269.8332	0.6775296	0.01596915	0.1745	21.0	818.7583546638489
96	690.83374	109.89366	824.9436	413.58188	221.52942	200.93947	59.045376	238.90775	-31.066093	388000	3.3378602e-09	1159.5883	-0.020009706	-278.35168	0.6742096	0.011947433	0.1245	79.0	827.2111766338348
97	703.1838	77.07991	810.52905	513.1768	221.77777	200.25148	60.909702	240.48555	-27.035568	392000	-8.5830685e-09	886.7244	-0.021181978	-225.75824	0.66345704	0.010504474	0.12475	79.0	835.7792565822601
98	667.6513	108.278015	805.5483	442.69778	213.55556	203.3062	61.3314	242.21936	-10.860512	396000	8.3446505e-10	765.1532	-0.020997819	-221.89575	0.67041177	0.015143488	0.11425	42.0	843.915721654892
99	705.54645	59.72	804.19507	552.7456	225.23529	204.56047	60.634113	243.48888	-22.596565	400000	9.536743e-09	767.1511	-0.02172573	-215.28168	0.6779606	0.007209587	0.1275	79.0	852.6136472225189
100	672.02094	121.82669	839.8177	433.73718	215.16667	202.63847	61.138817	244.9101	-9.706768	404000	-7.1525574e-10	1082.3844	-0.020274386	-252.94806	0.6727877	0.008942512	0.12975	79.0	860.8764889240265
101	653.4346	127.69888	798.1931	195.07962	205.52632	206.17241	63.27293	246.0529	-45.917534	408000	2.384186e-10	1077.1865	-0.022476107	-179.08984	0.67072356	0.007207406	0.15075	79.0	869.086492061615
102	695.956	48.21208	768.77185	607.6871	222.94118	206.68204	60.987995	246.9767	-33.014626	412000	-6.7949295e-09	751.4113	-0.0181184	-277.3191	0.66794336	0.011004325	0.13075	79.0	877.9531013965607
103	740.6177	58.171894	824.01965	631.248	229.52942	205.7618	64.08785	248.15332	2.145967	416000	1.1920929e-08	625.3109	-0.019830167	-175.52408	0.6631204	0.0089179035	0.11975	79.0	886.3963584899902
104	705.48474	83.353	857.3127	501.2862	222.16667	208.73158	62.45673	250.13287	-8.859928	420000	1.001358e-08	871.36945	-0.020042237	-205.60315	0.65519726	0.01150212	0.142	79.0	894.9866862297058
105	733.5385	54.674923	848.6661	639.9242	229.0	209.22322	63.249763	251.52077	-10.501558	424000	5.9604646e-09	602.3231	-0.019373365	-175.51205	0.6548793	0.014182601	0.12725	79.0	904.2112472057343
106	734.3897	61.311687	833.92664	615.8149	229.52942	212.98303	63.2172	253.15634	-4.2209716	428000	-4.887581e-09	452.31543	-0.020785935	-106.96329	0.6640494	0.011697153	0.132	79.0	913.0390512943268
107	705.25397	50.077087	835.4238	620.9169	221.88889	209.6088	66.312065	254.70102	-16.228903	432000	6.3180923e-09	404.39896	-0.02120993	-145.26993	0.6535528	0.008315738	0.13875	79.0	921.4824707508087
108	690.6598	131.76723	815.8965	202.3021	216.22223	212.69237	64.872734	255.80568	-14.264584	436000	-4.7683715e-09	958.39966	-0.004245732	-118.16345	0.6594339	0.015280805	0.15175	5.0	929.414267539978
109	720.09033	53.88091	828.9161	646.1627	226.82353	212.16977	66.40774	256.61426	-9.338867	440000	2.6226044e-09	707.0566	-0.018117556	-242.99893	0.6602455	0.010273702	0.131	79.0	937.8676342964172
110	722.41846	85.93735	845.6445	478.06104	226.76471	212.90492	63.28093	257.64294	-3.7326488	444000	-1.1444092e-08	650.6091	-0.019106412	-292.48746	0.6557581	0.010119748	0.13175	79.0	946.2509725093842
111	730.13696	39.319386	809.6267	676.55804	229.35294	215.12575	64.87853	258.69748	-6.6531086	448000	5.6028364e-09	444.45297	-0.019210763	-159.07996	0.659819	0.01223575	0.12475	79.0	955.0833423137665
112	698.40955	64.09765	834.7512	587.22534	216.5	211.58234	68.78136	259.8273	-1.7033439	452000	7.033348e-09	347.31204	-0.020611957	-167.13567	0.6696914	0.010194338	0.13425	79.0	963.9352767467499
113	734.2919	73.45935	853.72516	628.7781	223.70589	213.2645	69.35444	260.77866	-7.1288176	456000	-4.172325e-09	353.03162	-0.0034033724	-96.24606	0.651297	0.015615152	0.18075	3.0	971.9779632091522
114	637.4678	226.67853	863.4356	105.019424	204.89473	221.84816	61.367065	262.36118	-8.242466	460000	-1.2516975e-08	3076.0005	-0.023401167	-569.33325	0.65062445	0.013298567	0.19875	79.0	980.4645030498505
115	735.8396	92.39373	862.19904	534.97784	238.0	210.72221	56.21222	262.05557	-1.6048865	464000	-1.192093e-10	1489.9777	-0.019783737	-458.27917	0.6345576	0.010164812	0.1295	79.0	989.9658055305481
116	665.76843	216.35097	860.12225	144.87074	217.38889	215.15884	63.597824	263.01108	0.19131994	468000	1.9073487e-09	2921.9043	-0.02510617	-957.8385	0.63643813	0.01025613	0.1835	79.0	998.6986854076385
117	669.1012	205.66983	840.66754	79.521805	217.11111	213.54091	55.17912	263.0475	-0.18621778	472000	7.748604e-10	2306.5176	-0.023161585	-691.7655	0.62728786	0.011223751	0.17075	79.0	1007.3761651515961
118	770.4027	57.35984	852.2851	646.7534	237.875	200.55469	67.189476	263.40347	-18.016823	476000	1.4305115e-09	986.24585	-0.021327825	-655.6959	0.63026047	0.012541653	0.14375	79.0	1015.8871121406555
119	700.04974	147.87834	847.0022	168.02568	215.88889	220.98898	67.62511	265.85107	-13.098154	480000	-6.8545343e-09	1072.1731	-0.019033983	-113.23944	0.6200478	0.0070110545	0.115	79.0	1024.422845363617
120	734.1703	128.3907	847.7169	326.09894	224.11765	217.20486	69.14194	266.29428	-17.440117	484000	-5.722046e-09	1181.6946	-0.0049999207	-210.56134	0.6200904	0.01679034	0.17375	4.0	1032.352160692215
121	715.73895	163.60953	834.52094	106.493484	226.17647	223.66907	58.082077	267.34952	13.215361	488000	1.4066696e-08	1406.6321	-0.019437708	-356.06494	0.6188994	0.009966712	0.17775	79.0	1040.8550174236298
122	714.2181	156.5482	862.43036	123.3365	227.64706	218.80893	63.895794	267.88608	1.1651239	492000	-9.775162e-09	1581.4714	-0.018755822	-541.459	0.6228293	0.008800855	0.17475	79.0	1049.2507002353668
123	736.56396	65.268814	838.8662	632.287	229.17647	216.43515	65.38491	268.16144	-16.15855	496000	5.00679e-09	538.57697	-0.02425693	-190.83328	0.6112115	0.009558582	0.16175	79.0	1057.6718151569366
124	758.81287	64.53484	848.8226	643.75885	236.5625	220.34744	64.49053	269.2328	-0.38967228	500000	2.1219254e-08	522.7871	-0.005160972	-216.85452	0.58946687	0.015653614	0.20125	4.0	1065.7854280471802
125	642.50745	246.37828	852.77515	98.20044	200.6842	227.7236	61.575745	270.59482	2.8535647	504000	-3.8146974e-09	3103.1582	-0.006402193	-612.59937	0.5891065	0.016516479	0.25325	3.0	1073.8153913021088
126	800.5329	40.242508	851.169	732.55615	245.4375	215.00412	60.73901	269.91992	-7.2486944	508000	1.001358e-08	1198.5388	-0.01973593	-785.56067	0.58873504	0.0069195386	0.138	79.0	1082.4877882003784
127	773.34326	41.87017	832.94763	707.9407	245.9375	221.04866	68.21865	272.44327	-11.853799	512000	-1.2159347e-08	326.17316	-0.0227677	-134.01672	0.5718066	0.011831634	0.16	79.0	1090.9238970279694
128	754.6183	39.378345	812.57697	675.34753	244.6875	219.22694	63.331642	273.1287	-0.47731972	516000	9.298325e-09	566.30646	-0.019621938	-189.44574	0.56578815	0.009498035	0.15475	79.0	1099.3375794887543
129	771.1846	43.98832	848.94653	700.4495	243.375	214.98894	72.31153	273.47003	-11.122383	520000	3.695488e-09	326.2531	-0.026016906	-176.78545	0.5611524	0.012453904	0.1525	79.0	1108.066846370697
130	736.69434	56.127613	832.00665	604.63855	244.0625	219.5703	65.34118	274.21753	-7.6658106	524000	1.835823e-08	919.73816	-0.019362751	-404.8629	0.53767484	0.007952823	0.174	79.0	1116.5436747074127
131	755.29803	63.923164	844.6512	612.1437	238.5625	213.58737	67.33357	273.80173	-34.00836	528000	-1.9073486e-08	660.5238	-0.024514513	-208.51727	0.52739424	0.012601549	0.171	79.0	1125.0958452224731
132	781.32513	60.820934	853.0497	626.66943	240.5	224.01596	67.046646	274.85938	-0.13155079	532000	-1.5616417e-08	284.13187	-0.025269527	-70.50372	0.5255262	0.012909487	0.17325	79.0	1133.636291027069
133	745.86554	58.317097	830.4602	631.95483	233.05882	221.9635	69.03253	276.13403	-3.5007496	536000	8.34465e-09	327.20065	-0.017672302	-82.97362	0.5186994	0.015446201	0.1275	44.0	1141.9851367473602
134	698.32965	155.28578	860.99585	146.33899	214.77777	220.9929	71.7795	276.6333	-5.3044367	540000	2.9802322e-10	1094.7139	-0.012804643	-125.716736	0.5250835	0.015472658	0.18625	14.0	1150.002221107483
135	749.1683	63.82515	841.40186	565.72974	237.875	221.28835	65.26597	276.54834	4.3084927	544000	-1.34706495e-08	600.852	-0.018955855	-285.25754	0.5244689	0.007544877	0.12975	79.0	1158.4354672431946
136	762.4354	98.121124	855.9952	426.73688	239.75	224.74591	65.4529	277.1919	4.5237064	548000	-5.4836273e-09	1189.6982	-0.009095019	-373.3545	0.53775513	0.016024118	0.25525	4.0	1166.2340602874756
137	745.6243	47.244198	828.9596	668.6216	244.0625	214.9011	68.81281	277.36975	-5.9052258	552000	-1.3828277e-08	560.12726	-0.018850539	-188.28662	0.53662807	0.015005197	0.154	65.0	1174.6278913021088
138	778.6538	38.092472	846.19775	717.1286	245.125	220.3	67.71495	277.10123	-15.485217	556000	2.384186e-10	711.5069	-0.016033556	-240.52197	0.544637	0.0089609185	0.117	79.0	1183.2732269763947
139	762.95746	65.7997	859.5938	619.571	233.82353	218.04762	73.34517	278.1164	-0.81590843	560000	-2.3841857e-09	508.851	-0.019636886	-297.2373	0.5426929	0.014348692	0.15175	79.0	1191.8195803165436
140	771.5558	58.888374	855.0348	620.96	239.25	225.63641	67.75558	279.32202	-6.9046116	564000	3.218651e-09	339.8844	-0.003438128	-87.71175	0.5202753	0.015819248	0.19775	3.0	1199.8655347824097
141	754.0408	71.54419	834.06006	595.1496	234.8125	225.16844	68.38218	280.2991	-4.6618433	568000	1.8954276e-08	580.8708	-0.0033982971	-221.55347	0.51955825	0.015896771	0.204	3.0	1207.6267728805542
142	745.827	125.316414	852.87695	307.64648	239.5	224.16661	66.479225	280.7735	-8.146812	572000	4.7683715e-09	1422.8615	-0.019623017	-391.8236	0.5191574	0.0070059784	0.14525	79.0	1216.7126245498657
143	740.50946	56.161312	815.19604	657.5324	234.64706	221.98938	64.63888	280.44763	6.8265743	576000	-6.437302e-09	828.0291	-0.023660969	-539.12256	0.51883626	0.011186174	0.1665	79.0	1225.853725194931
144	722.4836	170.4589	840.13574	101.63499	225.05882	218.63132	71.22964	280.2156	-14.973442	580000	1.0371208e-08	1484.9681	-0.020872563	-424.79895	0.5149743	0.011674181	0.203	79.0	1234.6819291114807
145	795.6973	38.92661	847.70795	730.75507	245.6875	220.61671	67.25537	280.3433	-3.6626167	584000	3.5762786e-09	550.5587	-0.016144108	-169.50513	0.49999902	0.010601667	0.139	79.0	1243.1869339942932
146	779.7114	50.683792	848.6006	672.15594	245.6875	224.44287	68.78936	282.13336	12.009259	588000	8.5830685e-09	479.68063	-0.021482212	-151.36984	0.4965361	0.012526618	0.138	79.0	1251.9119861125946
147	802.69324	34.726833	850.7392	721.92316	248.8125	226.62009	67.81794	282.57986	7.253718	592000	-1.3113022e-08	282.66663	-0.0032499067	-104.53578	0.49245057	0.016909894	0.19925	3.0	1259.9412295818329
148	754.20935	57.757698	844.35815	625.5337	235.9375	227.19644	72.10526	283.69034	9.078358	596000	-7.1525574e-10	477.40274	-0.019534186	-297.7775	0.49212176	0.010150187	0.1525	79.0	1268.9372413158417
149	698.0306	71.92423	832.1435	530.33746	218.05556	224.66327	70.09687	283.6504	2.1775331	600000	-1.2040139e-08	769.7836	-0.021885054	-401.94376	0.4735934	0.0070594596	0.127	79.0	1277.6129806041718
150	648.94806	198.59276	838.71124	102.148384	208.61111	220.47339	66.02149	283.04413	3.1337924	604000	-2.3841857e-09	2517.0498	-0.0051954016	-472.9856	0.47230622	0.017390259	0.23975	3.0	1285.7105679512024
151	746.6898	48.806644	834.57416	640.6361	244.0	198.3631	66.994026	280.17944	4.9728327	608000	-1.2516975e-08	777.731	-0.009390812	-518.97626	0.47251767	0.016828248	0.132	14.0	1293.8113775253296
152	777.4723	39.49162	835.3562	705.2449	246.25	219.55165	67.46362	281.87253	-18.210094	612000	4.2915342e-09	355.19156	-0.016648348	-137.37204	0.47483212	0.014379526	0.1595	79.0	1302.3835747241974
153	748.5451	37.687935	834.84015	692.8822	239.75	218.71553	70.985344	283.50943	-7.5566893	616000	-1.6212464e-08	357.47635	-0.021904245	-136.15038	0.4787806	0.0154265715	0.1705	61.0	1310.8864555358887
154	723.7875	106.51201	848.01416	393.1211	223.88235	223.4514	69.78425	283.75833	-12.598512	620000	8.642673e-09	1064.3522	-0.004724112	-157.9408	0.46260348	0.021981213	0.2475	3.0	1318.9767022132874
155	756.67255	73.522766	853.81744	554.8405	233.35294	216.42203	70.17075	284.10953	-18.06908	624000	1.6689301e-09	597.2936	-0.01016505	-292.74158	0.46219397	0.0151181845	0.16175	13.0	1327.3653542995453
156	750.4341	62.426876	865.5998	626.003	229.94118	220.91463	73.03277	285.12827	-5.5939074	628000	5.841255e-09	236.88374	-0.021462344	-109.273224	0.4597133	0.008458559	0.16325	79.0	1336.407060623169
157	789.0698	39.96884	855.6538	724.6311	243.3125	227.2761	69.36745	285.54584	-4.852001	632000	6.556511e-09	241.75829	-0.021569869	-103.56026	0.44163927	0.012542238	0.13225	79.0	1344.6808621883392
158	769.02954	55.70618	843.62494	670.9947	236.0	224.00987	74.025795	286.07498	3.5642595	636000	-8.106232e-09	300.12347	-0.018371647	-123.085815	0.4339214	0.011594234	0.1495	79.0	1353.0323808193207
159	798.939	42.152576	850.813	722.1767	241.5	233.30833	68.98417	286.7429	-3.2100534	640000	4.7683715e-09	152.85757	-0.018867927	-65.84004	0.43773064	0.0108147375	0.12425	79.0	1361.5407915115356
160	764.9459	47.915398	847.4329	705.8379	233.29411	227.54553	75.44296	287.99207	-5.0942326	644000	-3.4570693e-09	90.26588	-0.022683002	-26.070137	0.4386257	0.009731909	0.13275	79.0	1370.6019718647003
161	771.2565	61.62018	844.7733	567.6525	242.5	229.89316	67.07122	288.12625	-0.5484648	648000	1.1205673e-08	792.25055	-0.017062422	-453.29926	0.42566812	0.010918939	0.14825	79.0	1379.1324195861816
162	790.85	52.874954	851.23914	635.61035	241.5625	225.03459	70.65823	287.4923	2.271184	652000	-2.0474195e-08	353.31534	-0.018721681	-176.73763	0.42239177	0.013175602	0.16925	79.0	1387.901894569397
163	804.1434	30.249405	856.3315	740.8746	245.875	231.20036	70.92604	288.78986	-8.385138	656000	-1.7523766e-08	529.2821	-0.020424794	-207.33899	0.42363364	0.010056497	0.1795	79.0	1396.5316071510315
164	709.419	194.14398	844.4607	181.1271	218.94444	236.21252	67.40995	289.74844	-11.841946	660000	1.07288365e-08	2355.141	-0.004862735	-562.19653	0.42741638	0.022196567	0.2085	3.0	1404.5520656108856
165	745.0368	28.612514	827.4967	715.3706	250.0	206.79356	71.70565	287.4343	4.681629	664000	-1.502037e-08	1015.6226	-0.0051955907	-474.57263	0.42716402	0.018747417	0.1935	4.0	1412.6121807098389
166	768.2656	60.499268	838.4875	607.60376	239.625	226.48541	63.404583	285.79468	-4.2808876	668000	-1.3351441e-08	795.27673	-0.021424294	-546.43146	0.42607293	0.010617532	0.1585	79.0	1421.8778064250946
167	783.17426	32.959553	833.4058	726.5122	247.1875	220.59505	73.85542	289.76642	-5.125456	672000	4.768372e-10	310.09863	-0.020627718	-181.87167	0.4166281	0.0064522726	0.1525	79.0	1430.3671419620514
168	762.42535	31.06788	824.3769	696.8262	249.1875	221.80017	67.59277	289.67175	11.380887	676000	4.7683715e-09	721.9654	-0.015436953	-430.6201	0.41299936	0.006541866	0.1175	79.0	1439.8299522399902
169	646.8552	213.37169	814.0593	163.59659	212.5	220.76118	67.47797	287.9461	5.4726467	680000	-1.6331672e-08	2937.5586	-0.0054868553	-648.9065	0.43670642	0.019511556	0.3125	4.0	1447.9212892055511
170	732.40686	58.595993	825.6672	621.5246	250.0	201.61516	61.927235	281.5993	7.781122	684000	0.0	1324.5175	-0.019610554	-477.53217	0.43647936	0.011363381	0.137	79.0	1456.6955306529999
171	679.2111	120.474045	792.9846	257.13675	241.3125	209.03374	62.28753	285.17697	4.0887437	688000	-1.3947487e-08	1687.0879	-0.01901914	-573.08215	0.43303287	0.010233108	0.136	79.0	1465.4514472484589
172	718.8554	120.60149	813.3244	270.21988	241.125	202.07315	63.536243	281.49243	2.3035774	692000	-1.2993812e-08	1164.1118	-0.0043699956	-215.80042	0.442799	0.016552445	0.16125	3.0	1473.598370552063
173	702.684	39.95524	762.544	610.14795	248.5	190.30043	63.03073	274.2751	-0.57345104	696000	-1.0490417e-08	985.81506	-0.019870838	-480.22125	0.44337842	0.0084420275	0.154	79.0	1482.6659140586853
174	725.9551	37.039448	801.00287	648.2187	250.0	198.17819	63.1782	277.93375	8.352787	700000	5.9604646e-09	903.1065	-0.015964363	-303.69708	0.43677452	0.012679251	0.15275	79.0	1491.470151424408
175	560.9131	269.35565	760.8841	94.31374	198.65	206.23187	62.485146	284.60623	-11.519143	704000	-6.3180923e-09	3741.548	-0.0061033745	-1127.81	0.4344577	0.015730197	0.2025	3.0	1499.5710532665253
176	734.9204	42.824528	818.2422	656.35815	248.5	184.96437	65.20912	279.56696	-12.027215	708000	-2.6464463e-08	1946.2365	-0.020954715	-1480.272	0.43345866	0.01501301	0.16375	66.0	1508.668045282364
177	727.62274	39.828156	807.9616	660.2387	249.3125	204.1731	65.41274	284.80002	4.7918787	712000	8.8214875e-09	560.4184	-0.02016105	-176.53073	0.4300378	0.00999121	0.16575	79.0	1518.0158686637878
178	752.20496	32.09874	811.9634	678.57916	248.1875	203.05946	70.15276	283.9245	-21.771807	716000	-4.7683715e-09	543.8053	-0.01969424	-241.47025	0.41271684	0.0055589126	0.1545	79.0	1528.9912934303284
179	755.40326	30.262484	818.46796	703.4092	248.5	212.11298	68.99907	287.83945	7.3290606	720000	-1.5377998e-08	408.2325	-0.018949037	-107.55261	0.40349057	0.010335949	0.1765	79.0	1537.7096021175385
180	780.3413	33.655	824.2036	711.89575	246.875	213.4524	69.777855	290.1553	4.4053116	724000	-2.3126603e-08	394.15192	-0.019883867	-185.63914	0.4271396	0.010353056	0.1485	79.0	1546.1462094783783
181	752.0365	52.59247	823.73236	586.069	243.5625	220.76665	69.027664	292.16528	-27.168282	728000	-5.00679e-09	638.71875	-0.0212486	-251.77127	0.4139811	0.011288801	0.176	79.0	1554.8665630817413
182	705.8354	146.63892	818.8476	283.48676	226.76471	221.25307	66.50476	291.15274	8.844126	732000	-2.7418137e-09	2067.0215	-0.018098442	-440.49585	0.4124281	0.008962248	0.156	79.0	1563.9950852394104
183	635.20215	191.79771	816.68024	236.76048	205.73685	216.43819	60.624756	279.3712	-5.5350666	736000	3.3378602e-09	3135.19	-0.0056868684	-578.3589	0.40463415	0.015206912	0.1755	3.0	1572.0148122310638
184	752.8401	51.69692	829.1301	620.7264	242.3125	201.158	62.564014	273.85446	-25.259277	740000	-1.5497207e-08	1055.1539	-0.019449659	-703.11035	0.40362045	0.009947248	0.139	79.0	1580.5264179706573
185	744.6854	82.18194	825.53754	477.7557	235.25	216.75406	68.23944	290.40082	-2.7665672	744000	-4.23193e-09	570.31665	-0.021061845	-185.23248	0.4130511	0.010922275	0.16575	79.0	1589.4789271354675
186	692.6983	169.2059	815.19617	162.65863	221.52942	220.41653	67.92043	286.86014	4.112583	748000	2.1457671e-09	1507.3904	-0.0046714447	-289.4984	0.4221497	0.017030109	0.284	3.0	1597.4731028079987
187	704.10095	168.06798	824.1337	100.09602	236.6875	203.02452	68.18464	287.28607	-42.62406	752000	-2.6226044e-09	1572.9269	-0.019385824	-493.18164	0.42238382	0.010233114	0.1485	79.0	1607.1026773452759
188	720.0892	60.4936	845.91095	617.5953	250.0	199.06819	65.85519	289.72653	8.412523	756000	7.1525574e-10	1117.3518	-0.021177873	-269.81317	0.41895998	0.012128504	0.167	79.0	1615.6736478805542
189	739.9487	94.42162	829.8091	439.57352	241.1875	215.07906	65.33241	290.6558	-21.541138	760000	-1.3589859e-08	924.05835	-0.021020764	-280.56702	0.41508007	0.013601748	0.16225	79.0	1624.2167718410492
190	756.9761	66.39732	845.305	595.5713	238.1875	215.91182	67.47147	291.8132	3.6854582	764000	-1.2516975e-08	516.5016	-0.02323047	-233.71149	0.42559716	0.011801554	0.1485	79.0	1632.8045217990875
191	705.52985	188.52722	820.52563	101.25916	221.41176	225.78384	69.18841	294.20947	-53.793915	768000	1.3947487e-08	1592.2837	-0.018521102	-254.09058	0.42621276	0.008523356	0.14325	79.0	1641.303850889206
192	706.1204	129.5039	829.48376	357.216	232.11765	215.33102	63.75376	290.23447	9.485322	772000	1.168251e-08	1293.8115	-0.023343097	-325.96625	0.41143832	0.011229124	0.177	79.0	1649.943911075592
193	747.9482	114.8939	825.1687	327.0233	242.5	218.0467	61.525845	283.1279	11.689846	776000	1.859665e-08	1257.5754	-0.0040778653	-294.28418	0.40305993	0.0217504	0.237	3.0	1658.1707773208618
194	686.72766	159.37138	815.81946	102.56278	237.0	203.01305	68.360756	284.47464	-39.447582	780000	-2.0384789e-08	1413.3278	-0.005383172	-392.01935	0.40204105	0.0173396	0.18375	2.0	1666.1424598693848
195	708.92114	117.53587	831.4907	462.70227	221.88889	210.35493	72.31045	288.01544	-21.44038	784000	-3.3378602e-09	943.28	-0.004133019	-533.91016	0.40174055	0.015995514	0.19	3.0	1674.1219987869263
196	615.1394	181.70857	814.79645	192.08807	195.8	223.4331	62.100754	290.85626	0.5652404	788000	9.417534e-09	2304.9626	-0.022682339	-721.787	0.40118217	0.01444718	0.1835	79.0	1682.46271443367
197	738.3516	142.76299	817.94226	183.23657	232.17647	214.09381	62.657814	293.29333	2.6225896	792000	1.7523766e-08	1364.6221	-0.016644074	-444.6162	0.40947086	0.015278801	0.15075	48.0	1691.471782207489
198	683.62683	222.17377	818.0019	177.46776	215.72223	224.75414	65.605194	296.4833	5.671773	796000	-8.106232e-09	2354.7932	-0.003751753	-312.01575	0.40059713	0.019558115	0.23975	3.0	1699.48778963089
199	751.53424	32.79898	812.6267	685.4296	249.75	208.5919	64.036095	292.28546	17.16194	800000	-5.2452087e-09	692.9877	-0.019207792	-330.21262	0.4001605	0.009262293	0.1505	79.0	1707.8629429340363
200	754.1974	30.851038	822.6592	686.49615	248.5	209.92065	69.01124	293.82962	-7.9492416	804000	7.390976e-09	451.08896	-0.019578874	-144.61316	0.4076309	0.008052979	0.14925	79.0	1716.3957197666168
201	761.3549	26.385817	818.5291	719.4586	247.8125	213.80931	69.5621	292.07196	-11.086102	808000	-1.5854836e-08	242.00392	-0.019799326	-77.869644	0.40919927	0.0079526575	0.113	79.0	1725.0751395225525
202	766.0818	38.152184	820.8653	707.108	247.5625	213.84178	68.85055	294.27673	-20.95031	812000	4.768372e-10	240.82407	-0.011120117	-99.56795	0.412734	0.015448157	0.2095	12.0	1733.209704399109
203	784.06683	31.46516	835.32275	733.5789	247.25	220.87938	70.43658	295.25803	4.6594915	816000	1.5735626e-08	326.5591	-0.004155418	-96.099625	0.41303837	0.016302679	0.19675	4.0	1741.2017228603363
204	737.81195	96.79042	816.65063	514.91907	232.23529	224.42097	69.50173	296.83582	3.0816822	820000	1.1205673e-08	845.37134	-0.019610394	-340.8971	0.41368094	0.005825518	0.131	79.0	1750.1541752815247
205	759.0647	67.10573	836.686	596.31335	238.25	218.56241	69.84818	296.98657	3.7338428	824000	-4.7683715e-09	751.503	-0.0219554	-287.45007	0.4154128	0.01356423	0.18025	79.0	1759.0322790145874
206	743.7402	124.13696	821.13934	299.0666	228.0	225.96109	68.85965	297.6419	4.283327	828000	-2.384186e-10	1379.3536	-0.01034983	-278.16492	0.4216704	0.015133241	0.19475	11.0	1767.2597410678864
207	745.17456	132.24861	828.33203	286.89392	233.17647	223.7051	67.73517	295.9125	3.6815138	832000	5.9604646e-09	1244.4642	-0.022377077	-226.09656	0.4151815	0.005191509	0.19525	79.0	1776.1814222335815
208	748.2807	110.274185	834.18756	422.8565	233.29411	220.72156	65.02754	290.13403	11.508434	836000	-2.7418137e-09	628.91046	-0.022911115	-244.92105	0.40129405	0.010596456	0.148	79.0	1784.7988717556
209	759.38617	147.43988	840.051	177.44968	233.70589	222.30312	70.73142	297.07767	-2.2867098	840000	-4.768372e-10	1198.4095	-0.017062522	-305.36035	0.39220178	0.012518084	0.20275	79.0	1793.46471118927
210	741.6975	126.32265	825.4028	320.4486	234.5	224.90756	69.23046	298.82416	-2.6708984	844000	-9.179115e-09	1439.1106	-0.0026980839	-335.17004	0.3839502	0.022937207	0.266	3.0	1801.5159602165222
211	786.46063	88.010445	840.8747	453.31976	239.0	218.526	65.91686	286.17264	8.131214	848000	1.990795e-08	724.47614	-0.021353967	-437.2739	0.3838473	0.014746914	0.173	79.0	1809.9854016304016
212	807.8877	22.572918	840.437	762.14294	246.25	229.36856	70.82495	300.67532	-5.136245	852000	4.053116e-09	128.85243	-0.020212866	-66.040405	0.37998995	0.015043283	0.15925	61.0	1818.9405360221863
213	796.80493	25.365103	845.4989	754.0862	246.625	229.65016	72.29088	299.23914	7.123513	856000	3.5762786e-09	177.71329	-0.020802874	-97.058846	0.3701585	0.0104189	0.15125	79.0	1828.0980801582336
214	789.44653	39.681942	859.02637	706.1462	247.125	225.63713	71.31684	300.1696	5.3189406	860000	2.336502e-08	339.14084	-0.004505128	-104.735596	0.367346	0.016531935	0.165	4.0	1836.272936820984
215	785.01337	43.425014	840.11957	709.4168	235.375	231.0261	72.69129	301.9041	-44.029526	864000	8.106232e-09	189.37315	-0.025903447	-133.8724	0.3678066	0.013932467	0.18525	79.0	1845.2450075149536
216	775.0365	76.992935	846.156	497.0073	233.58824	232.0803	71.96535	301.73117	1.8347144	868000	2.503395e-09	545.3953	-0.013815035	-127.102325	0.37019593	0.015137723	0.18925	19.0	1853.4208936691284
217	799.8229	26.797758	841.5624	745.3659	244.0625	231.3354	69.38151	300.4001	-3.8195658	872000	9.298325e-09	241.57936	-0.017735178	-101.35739	0.3710436	0.014419929	0.16	79.0	1862.1283321380615
218	767.60834	153.98344	835.73914	175.0708	236.0	231.44423	72.06707	302.39877	-5.4413033	876000	7.629395e-09	939.6049	-0.0052102995	-139.59467	0.3801951	0.016074225	0.21325	4.0	1870.0165677070618
219	789.78784	39.512615	843.42706	700.74097	249.5	224.5512	67.71918	300.35266	7.6832647	880000	-1.7881394e-10	345.03964	-0.018845947	-225.03261	0.38111913	0.004412192	0.17175	79.0	1878.3749704360962
220	792.7063	84.255684	837.3881	477.17007	244.0	229.49312	70.82843	300.2206	7.135211	884000	1.9073486e-08	504.45587	-0.020230364	-277.10864	0.37737992	0.013560795	0.1655	79.0	1887.2105965614319
221	671.9869	202.36604	839.0717	306.4744	215.22223	240.0478	66.009346	299.70065	1.2477474	888000	-1.8537044e-08	4286.0654	-0.020981159	-1193.7327	0.37581962	0.008407815	0.1795	79.0	1896.1198663711548
222	751.99274	123.296715	843.4459	298.76044	240.75	203.39159	58.517765	275.04187	10.011002	892000	4.2915342e-09	1833.5394	-0.018008657	-805.2018	0.3743815	0.011572054	0.15775	79.0	1904.8925158977509
223	823.7886	14.930267	854.0847	795.0612	248.4375	222.79234	68.20088	299.34903	6.5301886	896000	1.7881393e-09	301.219	-0.023857707	-231.9628	0.36447823	0.012989835	0.1715	79.0	1913.6720056533813
224	794.7168	79.143906	858.59894	522.5295	244.9375	235.34879	70.10587	303.3168	9.468077	900000	3.9935113e-09	779.4555	-0.0038626823	-389.92026	0.34586918	0.0153129855	0.21725	4.0	1921.7183244228363
225	726.297	178.50226	857.2376	332.82007	221.72223	238.40231	66.90407	303.2485	10.795477	904000	5.4836273e-09	2796.8574	-0.0040989215	-1295.5087	0.34547034	0.018370379	0.22975	3.0	1929.8295121192932
226	791.7568	53.21724	864.15173	700.6595	235.375	213.80597	63.994083	299.36002	-6.1719084	908000	-1.7404556e-08	1203.1307	-0.023850638	-1103.4902	0.3448197	0.013594697	0.168	79.0	1938.575275182724
227	818.75366	36.812298	873.39325	711.6	242.875	236.51831	73.441795	304.40668	-5.74603	912000	-7.1525574e-10	166.92018	-0.023255326	-82.49986	0.3284437	0.01212983	0.169	79.0	1947.3366677761078
228	746.38043	124.05057	860.3772	433.21872	225.29411	241.32759	71.205025	304.7586	3.7640848	916000	-4.172325e-08	1199.9769	-0.020605696	-577.9362	0.31219882	0.012287762	0.163	79.0	1956.1705753803253
229	815.655	42.1447	859.58826	710.58	243.875	233.5224	69.787254	302.09293	1.3967929	920000	-6.556511e-09	191.67436	-0.02167224	-115.87643	0.31259313	0.013048809	0.1635	79.0	1965.1083376407623
230	826.581	26.447084	863.0017	742.0797	247.75	234.93002	72.93279	304.08417	0.6122961	924000	-2.0742416e-08	206.89474	-0.020084776	-90.6639	0.3023203	0.013876208	0.17125	79.0	1973.6862998008728
231	824.69666	26.885704	862.86676	753.50507	243.375	239.20326	72.47891	304.9945	2.274691	928000	-5.722046e-09	103.68908	-0.021880941	-37.725494	0.2807181	0.007113503	0.15225	79.0	1982.2162725925446
232	835.11096	18.20345	862.1201	794.72723	247.1875	237.34758	73.826065	306.59143	10.908337	932000	1.4781952e-08	127.013565	-0.019935122	-58.148567	0.27305233	0.011703455	0.168	79.0	1991.030437707901
233	800.47034	100.489784	869.6901	518.1722	237.8125	243.41942	69.75179	307.59314	-7.358412	936000	-2.6226044e-09	952.7607	-0.0033647425	-341.8639	0.26942375	0.020346213	0.226	3.0	1998.9470419883728
234	826.47864	33.415173	854.38446	736.2765	246.1875	233.90445	74.084656	304.7463	-17.047386	940000	-9.775162e-09	391.0765	-0.021599272	-255.62985	0.26982063	0.011834643	0.17175	79.0	2007.4644463062286
235	826.27484	27.636593	857.4517	742.00934	247.8125	233.97679	71.11225	308.6891	4.8739944	944000	-4.768372e-10	367.28992	-0.003821603	-242.76909	0.27177638	0.017527245	0.23775	4.0	2015.51406955719
236	843.7023	18.589506	867.4514	804.2966	248.5	237.40375	74.968735	308.30667	-0.857934	948000	4.2915342e-09	142.59708	-0.012166452	-64.030235	0.27282605	0.0153933475	0.12475	14.0	2023.9598104953766
237	829.5937	32.70092	866.816	758.587	242.75	243.27177	73.76839	309.42197	-4.41247	952000	-7.1525574e-10	108.72093	-0.025220396	-45.95263	0.27212176	0.014045401	0.155	79.0	2032.5687084197998
238	801.17957	43.735962	856.1347	698.24036	237.125	239.30824	72.79063	309.07913	12.592773	956000	-1.4066696e-08	110.25488	-0.0024639685	-54.215076	0.28157407	0.01514299	0.16575	3.0	2040.791249513626
239	787.7903	98.23583	859.15375	442.8982	237.5	238.44228	71.78538	308.90396	0.6267872	960000	7.987023e-09	998.6974	-0.02128135	-251.7442	0.2814655	0.00883908	0.1645	79.0	2049.3710379600525
240	835.0414	26.193392	864.71375	769.0572	244.9375	232.57225	71.83003	304.61258	5.465703	964000	6.198883e-09	210.09175	-0.021964861	-148.73431	0.28218102	0.01509237	0.1545	64.0	2058.018679380417
241	815.83374	30.00446	857.08325	749.52106	241.125	243.2914	72.57924	308.1428	9.038197	968000	9.536744e-10	95.90789	-0.02240144	-54.639202	0.2810472	0.015098001	0.16125	64.0	2066.934014081955
242	668.5037	160.29791	851.27203	425.2257	208.47368	249.88052	63.64956	307.58862	6.219816	972000	-7.510185e-09	4602.829	-0.020159718	-2344.558	0.27226445	0.005283361	0.12875	79.0	2075.4959604740143
243	797.34845	79.916855	855.6047	536.30194	236.875	205.48447	65.25412	289.48965	7.070216	976000	1.6689301e-09	1930.9961	-0.02049152	-1359.7424	0.26753995	0.015185544	0.15375	58.0	2084.6127870082855
244	780.51776	168.03249	863.4138	178.97469	234.05882	236.18713	70.26662	304.74274	-0.63068485	980000	7.450581e-09	1557.012	-0.0044477996	-119.30286	0.26291543	0.030015415	0.3685	3.0	2092.5353059768677
245	827.996	33.87506	866.83026	757.9533	243.8125	230.36427	70.179794	304.183	1.1588426	984000	-1.2159347e-08	253.2992	-0.016800985	-171.19962	0.2625985	0.015189511	0.13075	34.0	2100.7543020248413
246	809.4423	45.902744	864.7036	720.1893	238.6875	240.47914	73.6247	307.48822	6.9747353	988000	-1.6212464e-08	92.534805	-0.023966353	-35.162643	0.26445007	0.010819417	0.1645	79.0	2109.6723725795746
247	765.9901	57.997795	843.2468	679.5893	227.94118	232.04953	78.73702	306.9725	-9.253675	992000	1.45435335e-08	198.36516	-0.025146822	-123.686066	0.2552311	0.014992963	0.193	79.0	2118.3944528102875
248	835.8448	30.785887	869.171	765.1183	245.0625	236.98479	72.68845	305.468	2.359106	996000	-4.053116e-09	130.65372	-0.0045587104	-62.720917	0.23573798	0.021015344	0.22525	2.0	2126.4635066986084
249	836.9712	11.954394	856.1554	805.7089	248.5	242.4775	70.818275	307.81854	14.376421	1000000	-2.3841857e-09	72.45287	-0.0064623705	-45.632935	0.2350407	0.015838118	0.126	4.0	2134.6984050273895
250	787.611	102.22004	860.05554	434.4118	234.0	237.36533	76.22698	307.1565	-5.3236914	1004000	-9.298325e-09	771.3599	-0.004121383	-191.21527	0.23488924	0.019354692	0.19825	3.0	2142.747490167618
251	798.5089	37.24224	843.47626	692.719	246.625	247.72209	57.08921	305.75677	-2.4568357	1008000	2.682209e-08	2355.4	-0.019125817	-1883.9463	0.23573515	0.003531644	0.16325	79.0	2151.7690279483795
252	813.9766	31.861292	850.81665	740.2768	245.0	225.35075	70.50885	304.71835	0.43286133	1012000	-2.9802322e-08	989.22833	-0.01412175	-668.31946	0.22787459	0.015433448	0.16025	19.0	2160.3054037094116
253	814.2753	26.470848	851.68384	764.91846	244.0	233.99615	71.87326	304.63885	-3.798606	1016000	-1.001358e-08	367.14212	-0.020749543	-231.05722	0.22509383	0.00979264	0.169	79.0	2168.6920380592346
254	828.8251	21.41279	871.018	797.926	247.75	236.63815	74.54693	305.87076	-2.1585054	1020000	-2.1457671e-09	163.22801	-0.002969326	-77.62724	0.2167525	0.015349348	0.179	3.0	2176.901218652725
255	744.0236	179.37904	863.7703	194.82706	222.82353	242.4611	69.840195	308.18695	10.682375	1024000	1.525879e-08	1922.8059	-0.017719712	-734.41846	0.21636467	0.011735096	0.17975	79.0	2185.5973749160767
256	754.55884	195.35355	864.59265	176.37154	226.41176	233.16415	69.66791	305.7912	2.7480946	1028000	1.07288365e-08	1883.0485	-0.0041176844	-143.99744	0.22685148	0.019549234	0.265	3.0	2193.6041553020477
257	812.12256	35.40296	871.16724	760.791	245.8125	223.28426	67.37651	297.79276	-5.5902443	1032000	2.384186e-10	689.82416	-0.011286638	-389.2504	0.22634162	0.015038367	0.195	10.0	2201.940933704376
258	793.33997	97.394455	866.13135	443.92322	238.125	236.97772	71.45792	307.1294	6.003888	1036000	-2.1457671e-09	757.381	-0.004747957	-155.66907	0.22377922	0.016183767	0.18525	3.0	2210.008756875992
259	788.6678	89.948654	861.432	462.2047	235.6875	227.8735	73.820244	306.90823	0.16505718	1040000	2.2172928e-08	724.3625	-0.0077593597	-248.76877	0.22359595	0.0195199	0.223	8.0	2217.8744711875916
260	831.40454	33.609844	868.021	756.59973	242.375	238.32329	73.898315	307.2738	3.7972155	1044000	2.8014183e-08	179.81885	-0.020395461	-96.726326	0.2223671	0.0046018697	0.118	79.0	2226.281550168991
261	764.31366	56.59455	862.09735	662.7617	226.05882	240.77089	73.599625	310.70517	6.2505736	1048000	-3.0755995e-08	172.34933	-0.02607837	-105.0302	0.21201123	0.011583486	0.17675	79.0	2234.913993358612
262	796.5489	80.531525	865.36316	573.897	234.625	235.83865	75.37225	306.69608	-6.730914	1052000	2.6941299e-08	324.91718	-0.003430485	-98.67581	0.20889698	0.015781645	0.2525	3.0	2242.8979399204254
263	803.3665	99.244965	863.04315	466.982	237.5625	237.85246	71.50202	307.5001	7.3575907	1056000	2.5510788e-08	508.00323	-0.0005599482	-91.074066	0.20861311	0.0153260995	0.1915	2.0	2250.813371658325
264	835.34155	27.951103	866.8682	763.1761	246.875	232.63272	69.131546	305.54813	-10.718048	1060000	7.152557e-09	284.78372	-0.022615438	-230.69806	0.20820874	0.013603103	0.1725	79.0	2259.9088473320007
265	833.3374	26.880543	862.79755	760.2276	246.875	240.28113	72.37298	308.07452	0.6859598	1064000	2.0325183e-08	138.3485	-0.022343358	-72.6457	0.20551474	0.012875925	0.1645	79.0	2268.367873430252
266	841.1815	21.724874	868.3964	777.06415	246.875	238.67815	75.40151	308.062	-0.4220047	1068000	-2.861023e-09	70.06227	-0.024612376	-25.553986	0.19557913	0.011265037	0.164	79.0	2277.2325994968414
267	833.0349	25.811724	863.4083	760.13684	247.3125	242.93245	72.74288	308.49918	3.7068071	1072000	1.1086464e-08	150.6385	-0.019869898	-79.196396	0.18611896	0.013298636	0.161	79.0	2285.816091299057
268	839.2739	22.138306	869.84247	778.05676	245.25	238.64351	74.39592	308.1686	4.777175	1076000	-1.9311905e-08	86.37464	-0.008712474	-38.34211	0.1896795	0.0153441485	0.1695	7.0	2293.958671808243
269	837.8341	22.242496	864.1636	779.0218	245.8125	244.04953	72.72735	310.4436	9.796223	1080000	2.7060509e-08	66.12236	-0.023116685	-25.301281	0.18858348	0.011876247	0.13375	79.0	2302.763980150223
270	787.12366	108.13878	864.631	545.2967	235.375	245.9406	69.52673	310.13507	3.8824406	1084000	-1.7821788e-08	1402.3759	-0.001965471	-429.04297	0.1872503	0.02068185	0.24625	3.0	2310.9666335582733
271	825.3453	18.892984	846.9391	770.4807	247.0	230.14754	72.61153	301.08655	-2.6879435	1088000	6.9141386e-09	259.33575	-0.01763646	-210.17892	0.18735346	0.015033031	0.1405	66.0	2319.5390560626984
272	824.9382	26.731443	864.96106	752.3893	246.125	234.5835	76.04926	305.13962	-10.3995695	1092000	1.4960765e-08	89.18157	-0.021455677	-42.892757	0.17443019	0.011237732	0.15825	79.0	2327.8887050151825
273	835.39905	22.195068	865.78674	788.9432	248.125	237.30547	72.35147	306.66364	1.4519315	1096000	-1.4781952e-08	205.81168	-0.016833598	-116.08987	0.16279364	0.010022125	0.16325	79.0	2336.450981616974
274	845.3666	18.42984	869.1623	786.08887	248.8125	239.86508	73.04689	308.2955	4.4544287	1100000	7.510185e-09	54.1466	-0.02076524	-20.000984	0.15953521	0.01229998	0.14575	79.0	2345.1452016830444
275	803.62866	44.72272	858.36017	734.2577	236.1875	240.23192	75.298294	310.03867	-0.85869026	1104000	3.218651e-09	74.28333	-0.022408955	-32.383896	0.1588517	0.0146999	0.17425	79.0	2353.6566758155823
276	825.7825	39.706142	872.5566	749.29456	242.8125	240.87787	72.69788	307.83948	-6.326977	1108000	-1.0967255e-08	263.8274	-0.0146508785	-160.59311	0.15068197	0.011797893	0.1565	79.0	2362.159775495529
277	843.5781	16.634977	865.0479	810.79694	247.375	240.89696	73.49847	309.40256	5.0354586	1112000	-1.4424324e-08	64.559235	-0.019705174	-29.264866	0.14442325	0.010668965	0.144	79.0	2370.893086910248
278	753.4492	172.82144	859.55334	281.2521	224.58824	245.09457	73.121826	310.13562	-3.6966238	1116000	7.7486035e-09	1911.6642	-0.005917368	-257.8827	0.13277726	0.023614189	0.314	3.0	2379.241331100464
279	831.27136	24.017447	866.2445	792.1878	248.4375	224.81245	69.17203	296.4963	-5.472513	1120000	-7.927418e-09	356.14734	-0.019657489	-282.2635	0.13347633	0.015287795	0.15775	46.0	2387.951956987381
280	841.28546	22.81769	866.46545	774.1872	247.4375	237.42	72.99189	307.89005	-2.929819	1124000	-1.3947487e-08	65.42159	-0.024626464	-37.148773	0.13124976	0.012374529	0.203	79.0	2396.552738904953
281	833.69006	17.919882	864.29535	784.1257	248.5	240.7244	75.36426	310.39584	-1.9919167	1128000	8.8214875e-09	85.32765	-0.023186376	-45.98865	0.11051677	0.010071625	0.141	79.0	2405.7342643737793
282	832.8243	27.605576	863.044	773.1016	245.375	237.75688	75.49758	309.21997	-5.753357	1132000	-4.053116e-09	62.528126	-0.018369528	-23.826794	0.11870539	0.01596368	0.16775	42.0	2414.0690608024597
283	827.03735	44.83676	874.98846	729.88513	241.4375	238.82578	74.36119	309.4663	7.771207	1136000	-2.0503998e-08	79.96839	-0.025258506	-30.088604	0.1126355	0.015259022	0.1815	70.0	2422.6807265281677
284	835.4788	35.925186	871.2995	729.3885	243.75	243.35768	74.439064	311.0614	-0.6448307	1140000	-1.5616417e-08	62.39781	-0.021917937	-19.113384	0.10219225	0.012860459	0.1765	79.0	2431.162714958191
285	844.44196	17.140644	866.7605	806.0472	247.5625	241.81715	74.53849	310.95953	-7.960888	1144000	1.0967255e-08	56.425827	-0.021062301	-15.779964	0.08713127	0.007919375	0.16975	79.0	2439.755192756653
286	841.8646	34.75247	875.5213	743.5776	244.4375	242.2932	74.76978	310.48727	2.1203308	1148000	-2.336502e-08	71.79634	-0.012830169	-18.099693	0.068226926	0.015113916	0.167	18.0	2448.081672668457
287	808.1122	39.832966	863.862	709.4192	237.0	243.7223	73.71247	311.79013	7.162323	1152000	-5.7816507e-09	82.27362	-0.0021585743	-35.70151	0.06534111	0.015545698	0.213	2.0	2456.178983926773
288	817.4616	36.997414	856.6268	725.9866	245.125	234.21072	79.60726	308.90594	-18.589474	1156000	-1.1444092e-08	156.13141	-0.014521138	-93.5567	0.06500513	0.015482762	0.16775	18.0	2464.393978357315
289	844.3821	21.138882	866.1931	793.8558	249.0	238.1215	72.2749	305.384	-4.795266	1160000	-9.536743e-09	93.01111	-0.018811846	-47.39685	0.062765084	0.015801625	0.18075	65.0	2472.7841470241547
290	780.1525	173.788	869.6449	283.22427	230.05882	243.7958	74.92283	310.00598	2.4130101	1164000	2.9802322e-08	1922.8472	-0.0059747277	-259.79614	0.057482634	0.023779789	0.304	3.0	2480.7322900295258
291	845.7078	16.888416	870.1885	811.7509	249.625	231.9406	67.28835	296.70538	10.379892	1168000	-2.6226044e-08	267.03766	-0.002240044	-224.53476	0.05711341	0.019898422	0.22825	2.0	2488.704473733902
292	721.92017	48.97613	851.1706	656.8516	217.16667	237.41296	75.47505	310.78888	6.036081	1172000	6.556511e-09	294.4265	-0.021911766	-250.04169	0.056584835	0.010301609	0.14775	79.0	2497.234995365143
293	739.0826	50.23288	838.0185	666.00635	220.44444	225.86781	73.8352	298.7396	3.5327978	1176000	-2.5987624e-08	52.74245	-0.022773815	-13.006863	0.057837762	0.015162683	0.15625	77.0	2505.731469154358
294	775.2722	64.05987	873.7055	678.131	228.41176	231.17522	75.017075	304.16574	-5.947277	1180000	5.2452087e-09	83.106415	-0.02262295	-31.942204	0.055774294	0.011722768	0.1545	79.0	2514.335653781891
295	789.8246	60.98945	875.7765	709.29095	231.94118	235.47874	75.05393	309.83096	3.827262	1184000	-2.2768974e-08	57.73167	0.00016038085	-15.747463	0.038511317	0.015144502	0.1655	2.0	2522.4293627738953
296	840.0989	25.447489	871.32056	773.0842	248.1875	240.26817	77.533005	312.23376	-18.688107	1188000	-3.8146974e-09	500.41406	-0.019186176	-308.21213	0.038190916	0.011785205	0.20825	79.0	2530.951757669449
297	833.1044	15.4319105	854.8072	808.8844	247.3125	238.02693	75.474884	312.7892	-0.53477573	1192000	5.3882598e-08	161.97255	-0.008482592	-124.52042	0.021227121	0.015270625	0.18675	8.0	2539.11585354805
298	844.01306	34.493343	872.6039	735.0374	245.6875	240.92479	74.262856	309.56805	-0.75809574	1196000	-3.242493e-08	73.19172	-0.0154164005	-38.086445	0.016573945	0.015109834	0.15325	21.0	2547.379831790924
299	840.0286	27.53352	873.2623	773.49664	244.875	240.40512	77.16269	313.31497	-1.2656708	1200000	7.390976e-09	64.07868	-0.022211032	-24.583126	0.012555798	0.013366788	0.168	79.0	2556.0227315425873
