Epoch	AverageEpRet	StdEpRet	MaxEpRet	MinEpRet	EpLen	AverageVVals	StdVVals	MaxVVals	MinVVals	TotalEnvInteracts	LossPi	LossV	DeltaLossPi	DeltaLossV	Entropy	KL	ClipFrac	StopIter	Time
0	31.179623	31.888332	213.82365	5.3332944	29.294117	-0.035414115	0.10855215	0.2137301	-0.34303346	4000	-1.7881393e-09	1068.3225	-0.015109537	-186.82416	0.91893864	0.0152850505	0.235	9.0	723.4052839279175
1	73.95599	56.091267	234.4834	5.5458803	47.261906	4.9401884	0.7253499	5.3979845	-2.081254	8000	-1.7881393e-09	2849.4092	-0.012728271	-353.16455	0.9187553	0.015708607	0.194	10.0	1837.934762954712
2	90.30593	46.492542	220.63313	12.119231	52.526318	9.462517	0.039063692	9.485596	8.653937	12000	-1.1920929e-09	2635.3813	-0.019560449	-263.385	0.9189209	0.009945417	0.13175	79.0	3085.2104749679565
3	98.64798	41.981403	219.39725	18.818817	54.657536	12.797325	0.021010889	12.807489	12.2984295	16000	2.3841857e-09	2496.0415	-0.021388443	-226.86401	0.9135778	0.011900672	0.1435	79.0	4177.555035114288
4	124.779465	50.555096	218.45764	25.792542	64.08064	15.780508	0.009763628	15.785524	15.544123	20000	-3.5762786e-09	3502.9058	-0.011748429	-304.84766	0.9066605	0.016449716	0.23575	8.0	5040.725222110748
5	181.75555	51.00306	237.35843	30.070414	83.97872	19.084387	0.005562606	19.08664	18.99672	24000	-2.384186e-10	5703.6133	-0.0161357	-487.30713	0.90531445	0.007165372	0.1455	79.0	6255.462930679321
6	164.83076	53.92873	218.34944	56.01733	76.72549	22.989277	0.0038474498	22.99072	22.908058	28000	-4.7683715e-09	4667.138	-0.009997434	-353.92676	0.88872874	0.016026357	0.24225	7.0	7203.878950119019
7	191.33942	34.20757	224.5402	56.116787	86.195656	26.242628	0.0042170244	26.243803	26.115309	32000	-2.2649764e-09	4927.4053	-0.013926652	-368.16504	0.8879704	0.008142717	0.10425	79.0	8296.950389623642
8	186.77853	39.766182	218.46596	52.892723	84.53191	29.451982	0.0028368547	29.452927	29.393877	36000	-1.9073487e-09	4431.4365	-0.01492782	-310.68115	0.8929942	0.005876804	0.1075	79.0	9140.333334445953
9	165.73135	46.837414	220.5103	64.95996	77.07843	32.378426	0.0035099012	32.379356	32.286	40000	5.7816507e-09	3438.7131	-0.0055921404	-216.65405	0.89412636	0.017114677	0.233	8.0	10101.593927383423
10	183.16469	45.557724	221.63155	54.939888	83.14893	34.837296	0.0029447738	34.83807	34.764416	44000	1.6689301e-09	3938.6174	-0.014154549	-251.00806	0.89164317	0.0041535143	0.0985	79.0	11240.200528144836
11	153.92897	51.698063	221.4988	50.886406	72.94444	37.451588	0.0026776053	37.452385	37.40763	48000	-7.867813e-09	2716.4412	-0.0061492897	-146.97803	0.8796405	0.016791653	0.3015	6.0	12380.770769357681
12	189.05565	35.712482	235.86061	61.82436	85.73913	39.51363	0.0028990142	39.514317	39.45166	52000	4.9769877e-09	3372.8877	-0.01397532	-207.82422	0.87673444	0.0049952324	0.104	79.0	13380.579267263412
13	160.01523	41.953136	246.97621	65.08362	75.88461	41.92072	0.002139926	41.921383	41.88083	56000	-1.4305115e-09	2283.8198	-0.0048570493	-116.673096	0.86627895	0.017078172	0.241	6.0	14459.149997472763
14	173.2788	41.702602	229.01698	45.799023	80.0	43.798416	0.0019885986	43.798958	43.742035	60000	7.1525574e-10	2638.508	-0.01790193	-142.54492	0.8648894	0.006551899	0.11375	79.0	15532.19937157631
15	153.56828	41.461895	215.1442	60.127293	73.166664	45.846203	0.04621243	45.84877	44.12251	64000	-6.1392784e-09	1864.0485	-0.0031263132	-80.848755	0.851565	0.016804805	0.23725	6.0	16342.656403303146
16	180.24712	29.752571	239.9369	49.541653	82.166664	47.455032	0.0013153391	47.455456	47.442207	68000	2.1457671e-09	2309.9622	-0.016276369	-127.65845	0.8488427	0.0073743756	0.10725	79.0	17381.366647958755
17	120.71549	47.009174	206.12405	44.38598	61.0	49.441265	0.0014199987	49.44181	49.4305	72000	5.00679e-09	1242.3	-0.0072111315	-17.155884	0.8588997	0.015811905	0.264	6.0	18321.473768234253
18	161.34474	41.222675	204.14154	49.838665	75.94231	50.270233	0.0013299072	50.270653	50.251102	76000	3.5762787e-10	1799.6223	-0.003854451	-70.38025	0.85878605	0.015700353	0.1195	5.0	19317.097751140594
19	140.6035	56.365353	314.17926	41.681183	69.31579	51.772625	0.03622555	51.7755	50.672173	80000	-4.1723253e-10	1749.5782	-0.02070277	-34.084717	0.8571381	0.008662788	0.11375	79.0	20307.050375699997
20	129.54718	60.90787	303.25497	43.713387	64.81967	52.90431	0.02300128	52.905968	52.09688	84000	-2.384186e-10	1768.8329	-0.006275288	-18.530151	0.8629643	0.017229844	0.23025	7.0	21302.15499639511
21	144.44597	61.66879	333.40546	72.941635	70.42857	53.74971	0.0021741109	53.75033	53.67173	88000	2.384186e-10	1918.9996	-0.006135032	-35.484375	0.8617806	0.015676823	0.26	6.0	21581.330023527145
22	136.30917	49.25926	298.16415	66.91833	67.55932	54.903248	0.0058941036	54.90402	54.70131	92000	2.861023e-09	1406.1611	-0.018157292	-15.669434	0.858762	0.0051528993	0.11875	79.0	21933.413680553436
23	107.71018	27.443356	198.30597	48.58008	57.955883	55.72075	0.03080487	55.723404	54.927536	96000	-8.8214875e-09	764.94556	-0.0062012053	-2.4786377	0.850407	0.018273342	0.2265	6.0	21990.55667948723
24	141.8883	51.509514	383.1481	65.82038	71.28571	55.39579	1.0890294	55.45916	14.065994	100000	2.9802323e-09	1486.3947	-0.0068860003	-17.81665	0.8481869	0.01592751	0.17	6.0	22048.154421806335
25	154.48546	66.74324	312.47482	45.873295	73.07407	56.215076	0.0026584705	56.216133	56.140797	104000	-9.894371e-09	2117.46	-0.007343643	-55.4563	0.8466735	0.015533806	0.1495	4.0	22103.32847380638
26	158.21814	83.02013	460.93262	61.184067	74.22642	57.768837	0.016184893	57.77032	56.807926	108000	-1.6093255e-09	2714.4001	-0.02398795	-74.3811	0.84519947	0.0123874815	0.1435	79.0	22176.790272712708
27	156.87364	82.84971	415.38382	39.06887	72.833336	59.623497	0.0021896784	59.62424	59.56699	112000	-2.3841857e-09	2722.4238	-0.02003316	-64.045654	0.8448228	0.012537512	0.11625	79.0	22258.459787368774
28	122.52449	76.81102	352.05295	42.315853	59.432835	61.384037	0.0017940123	61.38463	61.317707	116000	4.2915342e-09	2299.6833	-0.006079348	-6.1552734	0.84242415	0.01621159	0.24475	5.0	22316.86120724678
29	131.89616	77.46308	328.51422	40.69457	63.190475	62.007698	0.0016848806	62.008244	61.95446	120000	-1.5497208e-09	2260.4312	-0.021115432	-11.48291	0.84254044	0.010285952	0.13325	79.0	22391.930959939957
30	96.0208	58.651985	428.40247	38.85009	49.8625	62.763653	0.0026153643	62.764328	62.681927	124000	-2.6226044e-09	1774.9161	-0.005153749	-16.916748	0.8328554	0.015195271	0.246	4.0	22472.812101840973
31	137.55551	74.57378	327.53632	60.247524	66.35	61.900494	0.0035453949	61.901337	61.8017	128000	2.1457671e-09	2240.5637	-0.004613256	-9.725586	0.8311638	0.015174491	0.2045	5.0	22533.28152370453
32	123.21944	55.36723	307.69806	38.314045	62.88889	62.545204	0.0029753074	62.546036	62.441776	132000	-1.1920929e-09	1416.0231	-0.022275303	-0.32434082	0.82938474	0.012181802	0.123	79.0	22606.316553592682
33	113.2717	46.634163	304.14542	38.897987	59.52239	62.451805	0.002882165	62.45268	62.367115	136000	4.7683715e-09	1234.7396	-0.021304842	-11.104004	0.8213953	0.01234074	0.125	79.0	22678.262749671936
34	98.313866	47.3979	314.47214	39.937527	52.06579	61.66317	0.0031455874	61.664146	61.583282	140000	-3.5762786e-09	1244.175	-0.018928938	-23.57837	0.81022584	0.008339126	0.1145	79.0	22755.391528129578
35	93.45415	41.22471	348.383	39.805878	50.49367	60.463985	0.006897281	60.465633	60.313286	144000	1.4305115e-09	1115.0333	-0.01895176	-81.01758	0.8160618	0.00869357	0.11525	79.0	22830.09036874771
36	77.2455	30.468687	154.96667	38.384777	42.72043	55.706905	4.5799875	58.966152	45.932266	148000	3.5762786e-09	820.8933	-0.00700259	-251.92096	0.8201249	0.015738104	0.13025	4.0	22892.390476465225
37	99.39836	35.18338	284.06775	38.789337	53.567566	40.024296	0.08545829	40.165157	39.479645	152000	6.9141386e-09	877.2576	-0.007176966	-17.23523	0.8186576	0.016386341	0.16825	4.0	22949.215874910355
38	107.29919	30.303364	245.2684	42.56843	58.22388	41.11408	0.084756464	42.26152	41.07545	156000	-9.536744e-10	1021.29803	-0.024648251	-80.26599	0.81834275	0.014101259	0.142	79.0	23021.224128246307
39	102.91408	28.199167	164.78561	39.904896	56.5	45.747524	0.013323457	45.841446	45.224445	160000	-1.192093e-10	658.0351	-0.021838486	-2.1499634	0.8206061	0.0150569035	0.134	70.0	23092.861783504486
40	101.2835	45.811028	361.64438	41.435604	54.452053	46.18389	0.01971559	46.515987	46.071663	164000	1.4305115e-09	1079.3092	-0.007962278	-10.639038	0.82171935	0.021133794	0.249	5.0	23151.8724360466
41	139.85963	71.20237	431.27597	47.693783	70.44643	47.8321	1.4953927	50.34516	46.78024	168000	-9.536744e-10	2413.99	-0.019876296	-167.8247	0.8219949	0.008864048	0.12225	79.0	23232.556745290756
42	113.6151	41.876904	350.66266	42.011436	60.784615	52.695225	0.00093354436	52.69605	52.68693	172000	-1.1920929e-09	1042.8848	-0.0069033504	-0.81152344	0.8124283	0.015842602	0.16325	6.0	23284.46864914894
43	113.87717	44.651	361.19614	38.758064	61.184616	53.094017	0.0008698281	53.094746	53.087368	176000	8.5830685e-09	1125.6941	-0.022120085	-0.14953613	0.81157094	0.011806869	0.122	79.0	23354.62060070038
44	107.11992	43.780865	307.53156	41.166233	57.130436	53.20834	0.00088050927	53.20903	53.202015	180000	-3.3378602e-09	1009.9603	-0.004483299	-0.0076293945	0.7998281	0.015607296	0.25775	6.0	23421.49037528038
45	118.04237	39.451466	254.39679	45.399174	62.484375	53.188675	0.0008530212	53.189384	53.18102	184000	1.1920929e-09	964.5582	-0.0050857156	-1.324707	0.79792446	0.021436518	0.279	5.0	23486.6032910347
46	131.14085	50.68913	330.89255	60.80618	67.47458	53.51808	0.0008038047	53.518753	53.51324	188000	1.0728836e-09	1419.1791	-0.0041915905	-17.513916	0.7961673	0.015323013	0.1415	7.0	23540.98176717758
47	127.34376	55.744312	312.8526	42.56904	64.29032	54.76186	0.00073206367	54.762512	54.75704	192000	-1.6689301e-09	1449.3273	-0.007540658	-18.89856	0.7939742	0.021070892	0.2515	5.0	23601.787991285324
48	167.9335	93.63775	479.01782	48.466087	77.56863	56.121975	0.00060910115	56.12247	56.11726	196000	1.4305115e-09	3482.9126	-0.019075979	-206.07983	0.79111004	0.0058878814	0.111	79.0	23669.25717163086
49	131.79839	79.14273	375.58377	40.334076	63.20635	60.370953	0.00050250115	60.371487	60.366035	200000	2.384186e-10	2337.9348	-0.0040526744	-33.53589	0.7827262	0.015352106	0.21925	6.0	23727.33553647995
50	114.000275	76.841286	361.3239	41.68627	55.80282	62.273857	0.0004418587	62.274345	62.270836	204000	-2.861023e-09	2277.892	-0.0035525411	-1.9160156	0.7813204	0.02174062	0.29625	5.0	23792.273491621017
51	147.72055	87.57462	372.10815	36.784077	68.81035	62.767124	0.00039418897	62.767555	62.764927	208000	-1.3113022e-09	2793.9255	-0.0070332647	-60.272217	0.78014314	0.017450783	0.2265	4.0	23842.848783254623
52	195.13628	94.650085	369.18723	76.17136	84.702126	65.08663	0.00031490295	65.08705	65.08387	212000	-3.5762786e-09	3702.434	-0.022671822	-231.29102	0.7779782	0.0056503727	0.11625	79.0	23923.63428378105
53	121.73869	72.946106	349.84518	43.69561	59.55224	69.59418	0.0002985409	69.59464	69.592476	216000	3.8146974e-09	2005.1041	-0.0074761542	-0.91760254	0.7737758	0.017558917	0.22175	4.0	23982.230912208557
54	174.15097	101.2078	362.21295	41.424927	77.84	69.45959	0.000280456	69.45995	69.45796	220000	1.6689301e-09	3613.3723	-0.022058664	-110.84497	0.7720095	0.013772081	0.11925	79.0	24052.278525829315
55	129.67809	84.489815	367.77185	44.917763	61.338463	72.437706	0.00027315802	72.43806	72.43601	224000	-5.722046e-09	2449.037	-0.011571497	0.265625	0.77125186	0.018064536	0.17375	3.0	24113.3434278965
56	189.56435	106.94869	378.5346	42.401794	81.28571	72.685814	0.00025678665	72.68618	72.68405	228000	-1.4305115e-09	3758.238	-0.02167537	-142.09082	0.76996934	0.011225897	0.12025	79.0	24182.67762207985
57	125.3259	70.92643	377.10266	44.3998	61.609375	76.093704	0.00023672561	76.094086	76.09242	232000	7.1525574e-10	2054.917	-0.0061170794	-21.402222	0.77477807	0.024963615	0.31575	4.0	24238.010807991028
58	190.96692	105.577774	381.37015	59.49401	81.833336	74.94143	0.00023475825	74.94181	74.93998	236000	3.3974648e-09	3595.6829	-0.021998521	-113.04712	0.77390105	0.009975684	0.141	79.0	24318.232397794724
59	120.85562	65.20825	392.7203	41.624065	59.909092	77.88243	0.00023183103	77.88274	77.88135	240000	-1.1086464e-08	1935.0514	-0.005892451	-47.921875	0.7707096	0.021276984	0.278	4.0	24371.95253944397
60	171.61815	84.35241	349.94568	65.38132	76.92308	76.08228	0.00024849526	76.08265	76.08066	244000	8.8214875e-09	2525.529	-0.024153724	-20.06372	0.7691201	0.010720101	0.12625	79.0	24440.02113342285
61	114.81771	62.681995	370.25964	42.2449	57.724636	77.249466	0.0002502925	77.24982	77.24828	248000	-9.059906e-09	1984.0652	-0.009310834	-76.512695	0.7490743	0.018814335	0.25725	3.0	24503.153223514557
62	167.46411	87.570656	404.1139	41.94875	76.03846	74.819626	0.00029018923	74.81996	74.81767	252000	-9.298325e-09	2586.7617	-0.021743264	-16.476318	0.7488236	0.008968979	0.12325	79.0	24564.246810674667
63	108.42729	64.044106	316.82855	41.852936	54.49315	75.85803	0.00030354722	75.858444	75.85636	256000	-3.3378602e-09	2002.8226	-0.0077704014	-73.9657	0.7445127	0.023915611	0.27525	3.0	24623.73988699913
64	191.86577	101.2332	381.6049	46.786465	81.591835	73.44203	0.0003560347	73.44237	73.43967	260000	-4.529953e-09	3425.8962	-0.024415936	-130.58618	0.7441687	0.011182302	0.16975	79.0	24698.591111421585
65	128.69168	67.28401	362.96866	43.83686	62.666668	76.56334	0.00029877733	76.563675	76.56186	264000	2.3841857e-09	1887.8315	-0.007779619	-19.568848	0.73534936	0.023817368	0.25675	3.0	24753.899498939514
66	225.11832	102.78604	380.3975	57.533646	92.48837	75.47452	0.0003021488	75.474884	75.472565	268000	2.6226044e-09	4021.5203	-0.022102026	-230.25049	0.73449033	0.009044485	0.14125	79.0	24826.323013305664
67	164.38025	82.55611	350.0268	42.252056	74.26415	79.60697	0.00024191581	79.60735	79.6049	272000	2.3841857e-09	2240.6592	-0.005904575	-5.2961426	0.73379093	0.017256321	0.23175	3.0	24886.447633504868
68	231.97954	97.85798	357.21472	101.99809	95.04878	80.51261	0.00020545274	80.51294	80.511475	276000	-2.861023e-09	3817.1172	-0.016124686	-192.93579	0.7327605	0.009899285	0.1055	79.0	24954.264169454575
69	157.6244	89.9126	370.60388	50.01099	71.33929	84.321	0.0001855516	84.321304	84.31987	280000	-4.768372e-10	2609.0012	-0.007059754	0.2524414	0.7247386	0.018768726	0.26775	3.0	25006.67795276642
70	222.00836	102.10057	376.65173	77.48646	91.46512	84.36592	0.00017261435	84.366196	84.365036	284000	-1.9073487e-09	3513.6973	-0.02046907	-103.79004	0.7236544	0.008101068	0.1575	79.0	25074.697423696518
71	129.98344	73.32608	360.4122	52.25142	63.444443	87.12611	0.00017076253	87.12637	87.12512	288000	1.6450882e-08	2503.1765	-0.006937291	-89.2522	0.7118112	0.02326058	0.2585	3.0	25131.624707221985
72	184.55696	97.180374	379.85684	45.97592	80.14286	84.71442	0.00019768713	84.714676	84.71268	292000	-8.106232e-09	2885.7568	-0.023854597	-11.336182	0.71050686	0.011722482	0.14275	79.0	25203.78327202797
73	115.25436	67.187515	332.03308	42.907734	56.927536	85.494576	0.00020646688	85.49485	85.49335	296000	-1.0371208e-08	2362.931	-0.008833984	-119.963135	0.69662476	0.023629563	0.26175	2.0	25257.70298409462
74	184.93065	91.09843	381.6777	51.873188	81.5102	82.57354	0.0002766263	82.57385	82.571625	300000	-3.0994416e-09	2769.6794	-0.019977512	-8.5720215	0.6957077	0.0076176017	0.1135	79.0	25335.619458913803
75	156.60138	64.84228	364.53485	66.122604	74.07407	83.22508	0.00027261	83.22539	83.223	304000	-1.4305115e-09	1859.247	-0.006487691	-13.354614	0.6923113	0.017143838	0.20675	3.0	25400.275264263153
76	276.81412	87.13365	364.76233	82.068344	106.5946	82.26485	0.00026730777	82.26511	82.26318	308000	-1.6689301e-09	4336.2354	-0.018260011	-354.9641	0.691916	0.006803428	0.103	79.0	25467.775679588318
77	190.72676	98.773346	373.88437	65.91299	80.89796	87.233795	0.00019063485	87.23406	87.232834	312000	5.4836273e-09	2909.6323	-0.008575054	-23.682373	0.6893295	0.017558143	0.234	2.0	25529.693202018738
78	219.02242	111.49974	438.39694	82.946945	91.093025	88.80433	0.00016901245	88.80463	88.80279	316000	-8.34465e-09	3711.7117	-0.00044956565	-65.6626	0.6888209	0.015249051	0.16525	2.0	25586.27687215805
79	163.9859	104.19793	377.9319	42.822357	74.66038	91.00125	0.0002485148	91.001526	90.99714	320000	4.529953e-09	3427.7842	-0.022049928	-7.2719727	0.6887154	0.012876946	0.13575	79.0	25656.971024036407
80	182.64774	108.50073	382.94574	42.156643	79.52	90.38661	0.00018218979	90.386894	90.38142	324000	-2.8014182e-09	3365.2434	-0.023137841	-1.3327637	0.6861455	0.008161622	0.12025	79.0	25724.72042632103
81	101.706535	62.882893	363.84836	41.5715	51.454544	90.65619	0.00016168994	90.65648	90.65547	328000	-2.3841857e-09	2851.584	-0.005522943	-270.90137	0.67270046	0.018155213	0.2645	3.0	25786.05443406105
82	174.36966	104.765366	372.20193	49.667522	75.90385	86.2954	0.00034434028	86.2957	86.29355	332000	-2.861023e-09	3166.5479	-0.0024816706	-1.6030273	0.67198265	0.0169167	0.232	3.0	25843.73146700859
83	181.1504	122.49767	372.7573	38.737972	75.396225	86.472374	0.00034081054	86.47268	86.47059	336000	5.960465e-11	3861.922	-0.02426915	-48.395508	0.67058074	0.0073310104	0.13375	79.0	25915.770032405853
84	111.67139	71.69676	350.8695	41.974525	54.671234	88.36969	0.0002606084	88.36997	88.36849	340000	3.0994416e-09	2676.1035	-0.00540608	-146.79736	0.66245645	0.02535253	0.28325	2.0	25967.820432662964
85	231.92345	85.63096	366.53714	57.97428	94.439026	85.26097	0.0005865397	85.26129	85.25715	344000	7.7486035e-09	3292.623	-0.003297996	-116.501465	0.66220677	0.016157083	0.22125	2.0	26022.724588394165
86	295.71652	80.93411	398.02527	48.01358	112.2	87.898186	0.00028326033	87.898384	87.89642	348000	-7.390976e-09	4190.925	-0.017970935	-341.06006	0.66182363	0.008868824	0.1445	79.0	26097.588621377945
87	216.685	101.5435	375.06784	50.155144	89.97727	92.7013	0.0001633817	92.701515	92.70048	352000	-7.987023e-09	3143.2158	-0.0035120242	-30.444336	0.65439296	0.018208131	0.23525	3.0	26154.441910505295
88	238.01498	97.697	374.74506	75.47317	97.243904	94.33298	0.00012900977	94.33317	94.33227	356000	-4.529953e-09	3223.4993	-0.022379601	-44.561768	0.65312105	0.00801142	0.11275	79.0	26219.098857164383
89	182.19576	107.40761	408.15872	40.205833	78.411766	96.07504	0.00012307138	96.07525	96.07442	360000	1.4305115e-09	3146.604	-0.0048273723	-0.15454102	0.6403464	0.019889165	0.23525	3.0	26268.67027115822
90	297.4376	77.53707	363.15338	68.95557	111.942856	96.02883	0.00010882978	96.028984	96.028046	364000	-3.5911798e-09	3643.4814	-0.0057808254	-216.34619	0.63909966	0.018440261	0.209	3.0	26319.181966543198
91	264.26965	102.63379	386.1503	42.12184	102.23077	99.73245	9.337269e-05	99.73262	99.730804	368000	1.013279e-09	3547.4263	-0.023157336	-98.44531	0.6382585	0.011213718	0.12925	79.0	26391.743589162827
92	128.99214	67.66124	374.4249	54.849323	63.548386	102.425125	9.5936564e-05	102.425285	102.42471	372000	-1.9073487e-09	3298.6013	-0.00810326	-260.04468	0.6459954	0.020850115	0.22575	2.0	26462.23028421402
93	312.5812	80.290016	428.55618	62.79002	115.94118	98.61463	0.00011839606	98.61478	98.61399	376000	1.3113022e-09	4014.4243	-0.021566628	-185.6128	0.64596575	0.011576487	0.15175	79.0	26537.383546829224
94	211.23764	109.80776	429.32462	43.53803	86.82609	101.62347	0.000111485926	101.62358	101.62279	380000	8.702278e-09	3238.7256	-0.005537998	-2.800293	0.6475801	0.021724751	0.2895	3.0	26586.187436819077
95	230.38219	105.78995	418.38278	47.969383	93.07143	102.26352	0.00010269035	102.26365	102.262634	384000	-9.536744e-10	3278.1152	-0.021788964	-11.701416	0.6462923	0.015069067	0.13425	75.0	26658.641196489334
96	139.89299	90.39726	393.26825	41.964672	65.55738	103.10252	0.00011228677	103.10265	103.10193	388000	6.9141386e-09	3594.0547	-0.008102396	-154.98413	0.6494365	0.018209456	0.2355	2.0	26705.181005239487
97	250.19548	127.44873	406.81943	40.138138	96.29269	100.144875	0.00014344646	100.145004	100.1437	392000	-1.7881393e-09	4100.7886	-0.0045814244	-75.40381	0.64886516	0.02974536	0.29775	2.0	26762.079028606415
98	325.77777	89.76756	411.5936	41.579247	118.666664	102.06574	0.000116683164	102.06585	102.06459	396000	-1.4305115e-09	4395.8833	-0.014973767	-256.30225	0.64837855	0.015129985	0.17375	27.0	26823.649170160294
99	305.64548	77.40977	386.5792	118.44761	114.26471	105.97822	9.215712e-05	105.97827	105.97724	400000	8.34465e-09	3623.3452	-0.0077604703	-134.7727	0.64489025	0.016880795	0.2075	9.0	26871.67168855667
100	317.17578	93.56664	442.49908	82.400665	116.44118	108.89513	9.115083e-05	108.89519	108.89394	404000	-1.3589859e-08	3965.6514	-0.021561177	-132.77148	0.6422202	0.010401707	0.1105	79.0	26936.7446539402
101	221.25595	120.03236	492.87985	61.457027	90.13636	111.71951	0.00010391588	111.719574	111.718796	408000	5.00679e-09	3848.6348	-0.005590323	-1.1955566	0.6452617	0.021329546	0.228	2.0	26982.543788194656
102	345.91373	69.98187	456.30295	123.08175	123.9375	111.56706	9.258829e-05	111.567116	111.56624	412000	1.4305115e-09	4043.8765	-0.01970997	-164.09619	0.6445941	0.014733884	0.12525	79.0	27054.401198387146
103	281.1122	127.782684	432.48108	38.52317	104.72973	114.54938	9.987909e-05	114.54943	114.548645	416000	3.0994416e-09	4167.0073	-0.008989971	-70.66699	0.66634053	0.016014032	0.2165	9.0	27100.341065645218
104	308.64627	125.81154	590.88727	44.063663	111.48572	116.70228	9.719831e-05	116.70234	116.70135	420000	5.722046e-09	4275.731	-0.008736141	-104.956055	0.667707	0.017953003	0.25675	10.0	27162.417016029358
105	287.68652	115.33413	541.10284	68.83771	109.27778	119.22186	9.585264e-05	119.22191	119.22133	424000	6.0796737e-09	3823.1543	-0.024159247	-14.1188965	0.6660543	0.0075636315	0.138	79.0	27233.12895154953
106	167.05235	84.17036	395.25793	52.323925	74.962265	120.258995	0.00011027669	120.25906	120.25818	428000	-4.2915342e-09	3769.899	-0.0038021018	-254.97925	0.65825385	0.02394607	0.261	3.0	27284.66779732704
107	276.73203	135.54509	539.14935	40.57538	103.81579	116.54285	0.00011476953	116.542915	116.54195	432000	-1.4305115e-09	4217.2207	-0.003329028	-20.05664	0.6575475	0.016563345	0.21725	3.0	27330.26948785782
108	310.39966	111.493835	498.7453	74.07856	113.37143	117.402176	0.00010793018	117.402245	117.40131	436000	5.3644182e-09	4033.1448	-0.023150332	-63.93042	0.65686953	0.011218333	0.126	79.0	27388.83109855652
109	195.96295	115.438675	422.32706	60.79025	81.46939	119.37227	0.00012000664	119.37236	119.37132	440000	-9.536744e-10	3889.5144	-0.005713885	-61.787598	0.6509591	0.01893964	0.259	2.0	27442.441833019257
110	371.14615	80.377266	562.43036	149.57307	131.16667	117.59952	0.000112484166	117.59957	117.59818	444000	-2.3841857e-09	4412.836	-0.020565096	-165.24805	0.65079623	0.009900058	0.13825	79.0	27516.787913799286
111	263.82065	136.22034	508.67438	47.69864	100.0	120.52934	0.00011100789	120.529396	120.52859	448000	-5.4836273e-09	3935.242	-0.003947605	-13.161377	0.6551705	0.021228565	0.2795	3.0	27568.21144413948
112	394.64478	68.75654	624.7254	235.88347	136.68965	121.589424	9.516152e-05	121.58946	121.58893	452000	-7.1525574e-10	4593.4966	-0.01394676	-205.44678	0.6543295	0.015090519	0.15075	19.0	27624.68085217476
113	252.26875	117.87263	447.12515	55.37673	98.05	125.017296	9.5987365e-05	125.01735	125.01665	456000	-3.218651e-09	3579.9058	-0.0074490192	-3.0808105	0.65861857	0.016299848	0.236	3.0	27668.15856051445
114	376.60782	43.121773	456.07727	218.65852	131.7	124.746445	8.965561e-05	124.746506	124.74574	460000	-4.172325e-09	3697.6042	-0.020002294	-108.858154	0.65917647	0.004228379	0.12475	79.0	27753.39338541031
115	216.32721	115.14158	485.2956	66.0053	89.72727	127.1951	9.3624905e-05	127.19516	127.194626	464000	6.6757204e-09	4137.898	-0.0051443577	-90.16138	0.656821	0.017015275	0.222	3.0	27811.02828359604
116	276.73184	136.07962	539.2403	57.973145	104.552635	125.0747	9.99974e-05	125.07477	125.07391	468000	-7.1525574e-10	4248.6245	-0.022141198	-0.119140625	0.6557106	0.008521164	0.10475	79.0	27884.415482521057
117	139.49525	101.93478	412.2647	48.089115	64.08064	125.10117	0.00012463026	125.101265	125.10036	472000	3.0994416e-09	5584.603	-0.0036975888	-407.0293	0.6461383	0.022641195	0.23775	2.0	27940.310574293137
118	316.84427	92.32556	469.56265	47.542233	115.411766	120.40841	0.00021634345	120.40852	120.4066	476000	-2.384186e-10	3303.2524	-0.022976093	-29.365723	0.64614785	0.010195197	0.13825	79.0	28015.758932113647
119	231.70541	109.49593	445.85223	59.665768	92.790695	121.42127	0.00020087954	121.42137	121.418915	480000	-1.3589859e-08	3458.1047	-0.0065099075	-20.907715	0.65879977	0.016086293	0.27025	3.0	28070.059876918793
120	277.07138	135.3528	529.79755	51.41268	103.5	120.44491	0.0002426438	120.44502	120.44323	484000	-2.384186e-10	4125.818	-0.0026876174	-14.326172	0.65776503	0.015589195	0.2085	3.0	28123.412419319153
121	155.60078	126.628525	479.9164	45.64057	66.63333	121.27383	0.00023922359	121.27397	121.27153	488000	-1.4662743e-08	5175.5815	-0.00473781	-147.91211	0.6558497	0.031463873	0.34625	2.0	28172.19601726532
122	382.1096	89.95503	619.0705	79.878265	133.03334	118.45533	0.0022943893	118.45624	118.437836	492000	1.1205673e-08	4823.1396	-0.022053523	-195.96631	0.65426695	0.008492965	0.1625	79.0	28244.44663143158
123	286.84845	126.46499	579.1271	47.310047	107.833336	121.54322	0.00018389251	121.54331	121.541595	496000	-4.6491624e-09	4133.417	-0.023411695	-23.146484	0.6614374	0.00868901	0.12225	79.0	28306.709832191467
124	150.79965	95.21002	570.85876	42.11506	68.96491	122.871284	0.00017674592	122.8714	122.86989	500000	-6.437302e-09	4666.796	-0.0051215333	-313.07227	0.66070086	0.041087218	0.37	2.0	28365.066611528397
125	386.55634	59.092216	535.6641	171.92532	133.82759	118.88755	0.0021658917	118.88826	118.86994	504000	-9.417534e-09	4612.9116	-0.0065804413	-180.56738	0.6607709	0.01544813	0.13775	10.0	28411.338989257812
126	306.72726	146.7791	553.14526	47.55002	110.94444	121.65269	0.00018405975	121.65279	121.650375	508000	1.3589859e-08	4771.655	-0.005744195	-68.370605	0.6635098	0.018154744	0.24425	3.0	28465.92511534691
127	333.033	99.420784	527.4383	165.60562	121.121216	123.67927	0.00011897257	123.67934	123.67826	512000	-2.3841857e-09	3900.4536	-0.02191922	-43.42041	0.6642422	0.007778125	0.10975	79.0	28541.129986286163
128	241.46173	128.15158	537.84625	58.944733	95.95122	125.25556	0.00011025399	125.25563	125.2547	516000	-5.841255e-09	4198.2812	-0.004269099	-16.421875	0.66474515	0.017198201	0.2005	3.0	28593.946320533752
129	298.39474	123.09982	597.9571	55.332455	110.91428	124.40921	0.00011951983	124.40926	124.40781	520000	-2.9802323e-09	4121.2637	-0.007788172	-15.37793	0.6651661	0.015005905	0.2025	7.0	28652.858231544495
130	267.14008	130.51956	578.6206	53.91406	102.53846	125.25986	0.00011211291	125.25994	125.25913	524000	-9.059906e-09	4190.1284	-0.00326813	-0.31835938	0.6639173	0.021404866	0.2435	3.0	28704.536727190018
131	296.41034	100.990845	589.54016	68.19921	111.28571	125.171326	0.0001097572	125.17137	125.16988	528000	-1.1920929e-09	3341.4517	-0.0059112287	-4.3771973	0.6629167	0.015242097	0.2125	4.0	28767.92420887947
132	275.92743	102.79784	499.56268	118.875916	107.02702	125.66247	0.00010577351	125.66254	125.661606	532000	-1.9073487e-09	3383.787	-0.00828944	-3.977539	0.661752	0.016564514	0.19825	2.0	28823.439650297165
133	353.5185	72.329865	474.773	67.33459	126.58064	125.20241	0.00010350723	125.20248	125.2019	536000	4.768372e-10	3381.1353	-0.02563548	-68.918945	0.66110736	0.014171676	0.16275	79.0	28893.546759605408
134	252.12358	164.60835	627.5584	81.19062	96.925	127.229576	9.383481e-05	127.22963	127.22894	540000	-3.8146974e-09	5770.4688	-0.0053129075	-0.07714844	0.6564655	0.015551862	0.1575	2.0	28944.84793972969
135	371.73227	86.20047	601.1688	242.21278	131.03334	127.489265	8.143704e-05	127.48932	127.48867	544000	-4.172325e-09	3996.9976	-0.003652681	-97.85596	0.65565753	0.016303238	0.17875	4.0	28999.555243968964
136	328.59885	103.33848	566.7478	66.92228	119.878784	129.99117	6.887573e-05	129.9912	129.99062	548000	2.7418137e-09	3467.2834	-0.0066980673	-20.317627	0.6549036	0.015660884	0.19175	10.0	29054.722092151642
137	253.57413	150.77745	555.51434	44.02444	98.775	131.29062	7.650575e-05	131.29068	131.28947	552000	-7.987023e-09	4869.8706	-0.0039675166	-14.638672	0.65464944	0.020047871	0.2525	3.0	29104.68839406967
138	365.68268	118.29102	607.1906	142.20854	130.6	130.35352	7.0906186e-05	130.35358	130.3527	556000	-2.9206275e-09	4486.8257	-0.024465837	-72.53027	0.65394473	0.0074122935	0.135	79.0	29177.81101155281
139	211.51912	140.41896	631.38934	51.30283	86.68889	132.51894	6.807113e-05	132.51898	132.5184	560000	9.059906e-09	5150.526	-0.005698822	-102.75049	0.6672169	0.015825398	0.214	2.0	29229.609797239304
140	357.59042	108.30302	644.71497	141.57553	128.51613	130.00728	8.123425e-05	130.00731	130.00621	564000	2.1457671e-09	4197.8794	-0.023306947	-44.299316	0.6664655	0.011860802	0.12625	79.0	29298.583149909973
141	242.52211	140.50002	630.1625	64.453735	96.95122	131.59213	7.9173486e-05	131.59216	131.59158	568000	1.0251999e-08	4981.053	-0.025054686	-55.71289	0.6697401	0.009922019	0.111	79.0	29367.010443925858
142	124.822876	104.725006	664.72925	49.814716	60.21212	129.74332	0.0001173509	129.7434	129.74242	572000	-4.053116e-09	7273.471	-0.0056007192	-1493.9839	0.6669499	0.028700758	0.28975	2.0	29436.502546787262
143	333.27484	161.0542	599.8737	47.745865	117.969696	113.36268	16.504349	123.26396	49.72121	576000	5.066395e-09	6552.8633	-0.023912048	-976.91113	0.6665559	0.011150328	0.14175	79.0	29509.895785570145
144	184.08965	131.74051	577.87006	41.3319	77.666664	125.01883	0.38276002	125.33483	124.38412	580000	1.4781952e-08	4791.8604	-0.001373567	-102.96338	0.6658376	0.025860818	0.31	2.0	29557.689720392227
145	368.04083	133.73862	656.69385	161.61836	129.03226	122.79477	0.39570192	123.3136	122.32893	584000	1.1324882e-08	5925.477	-0.027158024	-172.8833	0.6649342	0.01026352	0.16325	79.0	29625.883633852005
146	232.57498	88.673256	502.24203	98.76386	96.6	125.71019	0.36820173	125.98089	125.04694	588000	-7.748604e-10	3538.0107	-0.027156798	-49.1521	0.6628199	0.010748097	0.11325	79.0	29689.745120048523
147	175.0076	78.537346	427.07086	51.247906	79.14	124.21106	0.38662726	124.64616	123.70051	592000	5.722046e-09	3793.6987	-0.0035463478	-318.83594	0.6639433	0.02432363	0.30525	2.0	29750.95449948311
148	394.93698	137.62758	629.11346	157.36255	136.2069	119.98952	0.27404764	120.85309	118.993996	596000	-6.7949295e-09	6283.9595	-0.02178439	-235.77246	0.6636985	0.00939953	0.157	79.0	29824.678780555725
149	279.99054	127.99678	563.57294	53.51985	106.945946	123.256004	0.37992242	123.73684	122.77702	600000	-1.6689301e-09	4100.9155	-0.004490895	-2.737793	0.65638536	0.016742103	0.1505	3.0	29891.360944271088
150	356.13412	169.7889	631.0841	82.54431	123.6875	123.859566	0.36975157	124.318184	123.39482	604000	-5.6028364e-09	6524.7207	-0.02679753	-165.10303	0.6552415	0.013101336	0.1855	79.0	29957.58826994896
151	103.32115	83.29487	589.13196	41.837414	51.064102	126.69434	0.3777792	126.99251	126.08928	608000	5.6028364e-09	7097.6694	-0.00802005	-882.89014	0.6492155	0.028053768	0.286	2.0	30016.03865623474
152	194.09845	146.75069	745.9998	43.43417	81.16327	119.8776	3.2303483	122.141685	112.621796	612000	1.001358e-08	5348.6836	-0.005144119	-182.10938	0.6482297	0.020692905	0.27775	2.0	30073.359728574753
153	429.4836	173.15329	826.1063	42.28109	141.46428	113.256905	3.7960975	120.7409	111.05524	616000	-1.1563301e-08	8942.201	-0.0067635565	-1205.6143	0.64771104	0.017107857	0.20725	4.0	30125.105047225952
154	335.56848	192.1209	827.23895	97.78083	119.375	124.15065	0.36743733	124.49315	122.81293	620000	3.5762786e-09	7213.0527	-0.003740377	-140.51025	0.6471485	0.015223681	0.18175	3.0	30179.18559217453
155	379.6104	143.37787	620.892	116.343185	131.2	126.75718	0.32559016	126.977776	126.11593	624000	1.2874604e-08	5837.44	-0.024970364	-142.83789	0.6465224	0.008996423	0.13975	79.0	30239.855198144913
156	284.1595	149.45465	615.78937	69.61319	107.35135	129.34398	0.07989413	129.36801	128.80118	628000	4.529953e-09	4913.211	-0.025861463	-0.2939453	0.651358	0.009011284	0.12225	79.0	30305.262197971344
157	187.32312	128.67465	701.35315	43.716015	79.89796	129.64996	0.04129733	129.66385	129.35971	632000	-1.758337e-08	5175.458	-0.025472872	-143.24951	0.65202874	0.008389822	0.1325	79.0	30373.270037174225
158	86.416885	43.525192	241.23665	42.01143	46.0	127.059395	0.35601476	127.33519	126.43494	636000	2.384186e-10	7358.1465	-0.0027912376	-1424.5146	0.65101725	0.016145932	0.19675	2.0	30424.1173555851
159	249.61647	160.21594	750.2224	45.275585	96.0	118.51046	5.1145883	121.84581	95.83734	640000	3.5762786e-09	5121.066	-0.00444448	-19.290527	0.65040714	0.017386334	0.24775	2.0	30483.77278137207
160	439.50446	184.4072	836.848	128.66016	145.14815	119.32411	3.376145	121.61801	111.92612	644000	-1.3351441e-08	8962.51	-0.023086423	-561.5996	0.6494609	0.012463608	0.14775	79.0	30546.97813987732
161	320.09723	183.98718	695.0061	44.342243	112.62857	124.63639	0.544071	124.98954	122.925514	648000	-1.3411045e-08	6341.4897	-0.012960176	-102.8916	0.64957815	0.017177545	0.18825	15.0	30606.389894723892
162	208.82921	162.83548	580.34656	48.102894	83.80851	126.813515	0.312876	126.97686	125.93177	652000	-6.7949295e-09	6296.0806	-0.0027253083	-19.32373	0.6467327	0.023081427	0.2825	2.0	30664.234958171844
163	470.14978	141.36284	834.8072	254.44582	151.5	126.10622	0.27253202	126.24363	125.054955	656000	-1.7642975e-08	8011.944	-0.020178938	-364.19092	0.645385	0.005143761	0.103	79.0	30734.650258541107
164	336.86487	188.11884	829.2868	49.4652	119.51515	129.71167	0.015432746	129.71687	129.59091	660000	8.761883e-09	6215.529	-0.026775474	-66.751465	0.65041924	0.011205543	0.176	79.0	30798.56542611122
165	155.42062	107.91844	546.5184	41.89032	68.93104	131.47368	0.010404323	131.47884	131.40877	664000	1.2874604e-08	5440.739	-0.0022564416	-251.75537	0.63753265	0.021342743	0.26075	2.0	30863.369913816452
166	342.40982	160.28807	688.963	63.651997	120.78788	128.57109	0.06425046	128.58931	128.08105	668000	-6.3180923e-09	5683.1396	-0.0031928136	-39.589844	0.63722235	0.021202665	0.20925	3.0	30921.180409908295
167	361.154	159.17578	685.7107	148.35942	127.09677	129.59491	0.014878476	129.59996	129.47633	672000	-7.56979e-09	5850.0874	-0.027142862	-69.35205	0.636	0.011859468	0.153	79.0	30991.00907254219
168	222.11523	157.09033	707.9663	44.108414	88.53333	131.26373	0.010798668	131.26854	131.18175	676000	-3.0994416e-09	5688.1714	-0.0041614086	-30.363281	0.62599474	0.0171503	0.23525	3.0	31107.941890001297
169	205.75096	146.0006	713.8795	58.472492	84.702126	130.28499	0.016233988	130.29166	130.16367	680000	-1.692772e-08	5436.75	-0.00813399	-78.867676	0.62549937	0.016149135	0.21175	7.0	31159.877081155777
170	358.75916	136.43398	781.6247	132.00098	127.41936	128.47148	0.1259709	128.50844	127.656	684000	-3.9339065e-09	4808.598	-0.026009876	-46.15332	0.6237142	0.0096120965	0.142	79.0	31230.05557513237
171	273.90213	158.13676	637.5658	57.57012	102.0	129.73233	0.017803345	129.73877	129.59218	688000	1.7523766e-08	4980.4385	-0.0054765088	-1.2226562	0.6208445	0.024545208	0.346	3.0	31286.03778028488
172	255.57991	182.68027	675.0925	56.277714	96.0	130.05672	0.015518825	130.06264	129.94122	692000	1.192093e-10	6247.9546	-0.0033284915	-0.38085938	0.62092245	0.030318432	0.31725	2.0	31341.431689977646
173	501.0748	166.91954	785.906	168.82463	162.08333	130.19437	0.011554202	130.19797	130.0805	696000	1.3232231e-08	8465.633	-0.024290636	-456.33203	0.6209033	0.015054768	0.143	56.0	31400.13026714325
174	491.24457	168.81335	827.58844	161.83504	158.36	134.491	0.0061233775	134.49324	134.43571	700000	2.6226044e-09	7916.4644	-0.025053587	-372.14844	0.63078547	0.012509712	0.1385	79.0	31468.734369039536
175	265.31168	194.18225	827.6346	54.79965	100.79487	138.4808	0.0059752474	138.48343	138.43501	704000	-3.5762786e-09	6606.9976	-0.006036649	-0.8798828	0.63382584	0.015370759	0.23	2.0	31530.386105298996
176	421.34668	197.71893	785.5193	60.993515	140.75	138.4069	0.005372507	138.40894	138.36282	708000	-7.390976e-09	7353.016	-0.025805084	-145.30273	0.63344085	0.015063659	0.18425	70.0	31599.567697763443
177	423.4287	206.72119	813.4866	83.5883	141.82143	140.73656	0.0045992425	140.73833	140.69809	712000	-7.987023e-09	7484.0605	-0.004341585	-147.771	0.62836045	0.016997093	0.20975	4.0	31649.758459091187
178	408.1636	166.81757	726.2404	74.96842	135.93103	143.26198	0.004035645	143.26358	143.23206	716000	-3.3378602e-09	6011.6157	-0.0093444	-93.49902	0.6275771	0.015307517	0.1655	6.0	31702.985164403915
179	340.6633	195.49557	807.5341	66.98145	120.57576	145.30281	0.0040262933	145.30446	145.27261	720000	-9.536743e-09	6218.6924	-0.0043709907	-9.504883	0.62503767	0.015098495	0.1575	2.0	31745.0943274498
180	504.4089	127.51851	818.1085	239.88557	160.5	146.03355	0.00321585	146.03473	146.00763	724000	7.629395e-09	6837.8257	-0.023412615	-255.59717	0.6237809	0.008529182	0.1325	79.0	31812.820110559464
181	233.64838	162.23753	639.4724	79.00336	92.69768	149.25475	0.0037579443	149.25655	149.232	728000	2.6226044e-09	6711.4863	0.0006439259	-117.399414	0.6291025	0.018121392	0.1985	2.0	31875.94904947281
182	399.84177	130.98343	798.0765	144.93909	136.10345	147.28102	0.0036763726	147.28247	147.25356	732000	8.940697e-09	4711.9062	-0.023308238	-15.696777	0.6283385	0.010511469	0.139	79.0	31948.101414203644
183	264.71365	146.07712	695.97144	44.136536	101.23077	147.94797	0.0041199946	147.94981	147.9194	736000	-1.48117545e-08	5105.823	-0.0067614308	-70.62549	0.6376819	0.016079953	0.2665	2.0	32001.284265995026
184	410.7828	81.73096	544.622	280.74722	137.93103	146.30128	0.0042520547	146.30292	146.26677	740000	1.0251999e-08	4308.678	-0.024569502	-39.416992	0.6371022	0.011936373	0.14875	79.0	32063.790179014206
185	301.7821	125.72515	539.11993	68.25556	111.0	147.48798	0.0041969344	147.48976	147.45906	744000	1.3589859e-08	4227.5063	-0.0048138723	-25.416992	0.6424834	0.024757324	0.2605	3.0	32123.921542406082
186	345.7934	159.89172	605.0306	80.83418	120.454544	146.51953	0.0045735454	146.52138	146.48193	748000	-2.6226044e-09	5259.312	-0.003634517	-2.3149414	0.6410341	0.015779244	0.2135	3.0	32171.69451904297
187	317.58374	160.7944	615.437	44.940777	113.67647	146.78127	0.0045327526	146.78311	146.74785	752000	1.1205673e-08	5368.261	-0.003290637	0.0126953125	0.6403854	0.015317257	0.18275	3.0	32226.9848985672
188	262.8283	162.03535	592.6684	46.87293	99.825	146.8008	0.0047488296	146.80287	146.76855	756000	7.867813e-09	5769.308	-0.026110237	-62.226562	0.64013773	0.00639044	0.12425	79.0	32303.118294000626
189	133.93768	80.99736	401.22275	48.502575	64.19355	145.07076	0.0067988373	145.07439	145.03404	760000	1.7881394e-08	8066.371	-0.0033399034	-1516.8911	0.63878155	0.017601967	0.25475	2.0	32359.658496379852
190	219.61914	133.28242	518.12964	75.24139	89.25	134.27359	5.846898	139.0313	102.63313	764000	5.4836273e-09	5171.5435	-0.001315911	-636.7739	0.63808364	0.015548635	0.2325	2.0	32408.152198553085
191	290.66678	125.956436	543.68414	76.920166	108.166664	108.964516	2.6350136	117.05333	102.84991	768000	-2.1338463e-08	4646.1514	-0.006655279	-515.32715	0.6373373	0.018176759	0.19825	7.0	32471.0545399189
192	248.20139	135.62079	538.37036	44.327095	95.02381	130.31305	3.5326197	136.74234	120.10781	772000	-7.629395e-09	4120.266	-0.024479367	-67.57178	0.63577574	0.0151937865	0.1615	66.0	32540.038127422333
193	174.39789	121.052765	514.8146	43.772564	73.73585	124.31381	1.9927402	131.82271	119.57679	776000	2.384186e-10	4701.46	0.0012692192	-618.3003	0.62712175	0.03785077	0.35925	2.0	32592.450912237167
194	374.18423	135.02296	763.2858	41.817837	128.64516	100.52839	9.504684	125.69281	84.1622	780000	-2.0503998e-08	7416.0186	-0.012333041	-2534.811	0.6265332	0.015606891	0.149	16.0	32651.677196741104
195	299.63385	111.642265	621.31946	41.492947	110.55556	132.32431	5.382088	138.93246	117.73576	784000	-3.218651e-09	3584.6064	-0.027684841	-19.354004	0.6250144	0.007204065	0.163	79.0	32717.424357891083
196	216.9176	129.74529	562.49695	43.17801	87.244446	133.5065	2.5261624	138.88187	124.20803	788000	0.0	4624.1396	0.0011847797	-251.34766	0.6186214	0.023744334	0.26875	2.0	32773.50796747208
197	347.53345	83.972664	569.80145	174.73361	123.46875	126.89948	4.761446	133.52994	115.67743	792000	2.6226044e-09	3646.626	-0.021858284	-124.471436	0.6183549	0.00414539	0.1245	79.0	32836.223081588745
198	241.48494	112.40688	526.29565	40.145267	94.95238	130.87265	3.162955	136.3524	120.81196	796000	1.8954276e-08	3631.2874	-0.004667332	-69.454346	0.6216481	0.024084149	0.211	3.0	32893.03797721863
199	261.38138	140.22711	612.0554	42.206066	98.775	128.21494	4.688912	132.618	116.29725	800000	-9.417534e-09	4218.881	-0.0027256599	-11.306152	0.62058073	0.015791427	0.239	2.0	32949.60287451744
200	351.15247	66.34666	542.87445	157.15567	124.625	127.99758	3.2781448	133.00885	118.10528	804000	1.26361845e-08	3368.5361	-0.024891267	-81.03125	0.6192484	0.009764309	0.14675	79.0	33011.21814632416
201	315.05005	81.2457	458.1289	156.59586	115.94118	130.86292	2.6202095	136.02715	125.49232	808000	1.2397766e-08	3071.226	-0.023257544	-2.4899902	0.6184602	0.007138936	0.13725	79.0	33078.77016735077
202	135.47206	71.657745	402.86383	56.259907	65.47541	131.433	2.491144	136.26926	125.79308	812000	2.026558e-08	5938.724	-0.006524156	-2420.784	0.62428916	0.02085246	0.25225	2.0	33140.96681690216
203	226.4584	127.61584	513.16394	53.70395	88.577774	105.61922	18.810434	123.30389	37.221195	816000	4.7683715e-09	4190.804	-0.00051196193	-417.28125	0.62376964	0.016976018	0.26775	2.0	33200.90089535713
204	342.49768	112.31229	591.36597	75.75315	120.93939	113.019936	4.179968	122.581764	106.042694	820000	8.34465e-09	4859.6245	-0.010155966	-562.4927	0.62259835	0.015721919	0.17575	4.0	33248.18085050583
205	184.99538	147.35806	537.4934	40.714245	74.90566	122.60884	4.7755427	133.70604	112.91818	824000	-2.2649764e-09	5609.158	-0.0016134182	-118.9292	0.62015074	0.03560095	0.30625	2.0	33300.26908302307
206	363.48685	73.15735	549.2612	147.90793	127.58064	119.65546	3.7265687	127.73715	111.827194	828000	-6.9141386e-09	4072.539	-0.023454547	-358.5691	0.6182396	0.0058389856	0.1115	79.0	33371.14690709114
207	298.58636	120.46814	520.68176	95.88295	110.69444	127.30187	3.8956556	134.6682	121.514565	832000	-1.1920929e-09	4148.67	-0.024301516	-8.821777	0.6292129	0.008538518	0.15575	79.0	33437.180289268494
208	224.28014	113.65435	572.38947	61.750435	90.325584	128.21045	3.9548407	135.11758	122.55308	836000	-5.2452087e-09	3904.981	-0.0020156393	-153.01416	0.6258259	0.023843644	0.304	2.0	33489.679649591446
209	407.97882	101.27205	746.26465	287.76715	137.3793	123.700554	2.5835638	132.09708	120.99744	840000	6.9141386e-09	5442.5215	-0.02112377	-574.1743	0.6257355	0.008312764	0.13675	79.0	33559.17386388779
210	297.29175	148.84517	623.88574	72.1849	108.72222	132.59268	4.9445806	136.64194	124.06422	844000	8.940697e-09	4734.3203	-0.0035286825	-28.32129	0.63019997	0.015141013	0.204	2.0	33610.61338710785
211	387.74252	95.78648	705.89026	174.59238	132.43333	135.87389	3.148005	137.20984	124.66149	848000	3.218651e-09	4246.288	-0.023057362	-121.30371	0.6292676	0.005477808	0.1175	79.0	33678.535684108734
212	265.05426	107.29699	509.83716	48.63897	102.07895	139.02081	0.18927635	139.11769	134.63934	852000	1.66893e-08	3848.7583	-0.026024017	-47.877686	0.63954455	0.011391467	0.13325	79.0	33744.64941906929
213	140.76225	77.565216	365.38626	42.28539	66.46667	137.37946	0.7350873	137.59113	129.1576	856000	-7.629395e-09	6305.3955	-0.004454507	-2040.7646	0.6404023	0.023004847	0.29275	2.0	33809.14659905434
214	320.3223	119.55946	596.9725	55.040867	116.0	120.863716	5.33743	132.3815	111.41939	860000	-3.9935113e-09	4272.72	-0.025672654	-112.887695	0.6397702	0.009268677	0.13625	79.0	33897.2417075634
215	135.51367	111.8475	578.1921	41.982613	61.765625	121.95522	4.082567	133.13957	113.9701	864000	-7.152557e-09	6025.0205	-0.022837486	-1455.3369	0.62977856	0.007919557	0.1835	79.0	33982.40190911293
216	67.15536	12.18757	122.72225	40.29082	37.556602	86.342125	6.1632395	103.89521	70.053535	868000	9.298325e-09	3162.0222	0.0055758334	-2812.5	0.6224567	0.030766064	0.352	2.0	34038.398220300674
217	136.35922	75.323074	341.1378	42.22659	65.27869	37.644154	14.69719	127.71507	28.368652	872000	-6.9141386e-09	3422.1116	-0.02748196	-1148.7397	0.6209111	0.0099397795	0.13975	79.0	34112.56756711006
218	100.29536	56.873158	355.7176	41.962482	51.324677	60.89863	7.357638	114.150696	52.0525	876000	9.417534e-09	1693.8712	-0.001151128	-85.427734	0.6114616	0.016280064	0.25375	2.0	34165.985070705414
219	177.07994	96.14108	381.75912	50.534126	78.196075	57.537006	3.0831912	77.604034	51.539906	880000	-4.1127204e-09	3901.4358	-0.0055741114	-852.4949	0.61102545	0.017782291	0.2255	2.0	34215.30740046501
220	173.16115	104.443794	366.19376	44.748444	75.38461	81.901924	7.537342	103.90911	66.40232	884000	-6.437302e-09	3365.258	-0.00016268046	-128.33423	0.61047715	0.02288941	0.2575	2.0	34269.217401981354
221	346.9698	93.99215	556.6405	63.395817	122.28125	88.81016	2.5110736	104.67563	82.99431	888000	-1.6689301e-09	6509.3022	-0.008430269	-2844.0771	0.6093015	0.015375639	0.176	9.0	34318.259341716766
222	285.04672	96.219246	396.34857	68.077	107.702705	128.4178	6.2513885	135.4317	106.50673	892000	-2.2649764e-09	3215.466	-0.006268012	-19.0	0.6082269	0.018142695	0.177	4.0	34383.703543663025
223	224.55505	120.82917	375.2385	43.583424	88.68889	127.69852	4.687239	134.13445	114.4965	896000	6.9141386e-09	3901.165	-0.002514214	-168.3164	0.60688084	0.015782557	0.179	2.0	34433.768236875534
224	328.07178	74.9682	462.0675	42.048054	118.36364	121.77435	3.5607853	128.981	112.5611	900000	-4.2915342e-09	3050.6355	-0.023630714	-135.00854	0.6051868	0.0066478048	0.14575	79.0	34504.040249586105
225	297.66504	93.80717	385.37653	61.878105	110.0	126.282684	3.3866816	131.6462	115.95579	904000	1.6331672e-08	3091.5679	-0.021938074	-15.840332	0.6203451	0.009088424	0.13825	79.0	34567.149040699005
226	177.5406	117.876236	498.4067	64.26249	75.55769	127.66459	2.9305942	132.83157	120.5449	908000	-1.0490417e-08	4947.669	-0.0026122008	-455.51904	0.62180007	0.01914065	0.23225	2.0	34619.73087096214
227	332.60214	54.82132	410.36258	136.41266	118.969696	120.364075	3.4779675	127.42688	113.03807	912000	-2.2649764e-09	3142.3706	-0.021101262	-66.23877	0.6213821	0.0055048782	0.1185	79.0	34690.12485599518
228	237.83905	123.1677	596.6046	65.79163	93.85714	121.81914	2.9905899	128.99937	115.37367	916000	2.3841857e-09	3927.3955	-0.025135633	-11.088623	0.62027997	0.006573679	0.1675	79.0	34765.29256749153
229	96.569595	58.38898	350.46106	39.83232	49.7625	119.87293	2.0878649	128.29292	114.47567	920000	-1.6689301e-09	6207.1245	0.00023152656	-3222.4517	0.60549057	0.023197614	0.29475	2.0	34827.26222658157
230	220.07285	124.30979	499.54413	51.504448	87.55556	93.799774	10.1206045	118.3568	81.26579	924000	8.225441e-09	4156.159	-0.0075084027	-177.90454	0.6051807	0.0152687095	0.216	6.0	34884.278624773026
231	207.91899	132.15858	523.0963	42.264046	85.13043	98.620384	8.315827	119.52401	84.43452	928000	1.7642975e-08	4505.2153	-0.026191695	-77.32861	0.60199386	0.0040288433	0.1415	79.0	34957.308423280716
232	149.41049	95.409035	402.45108	45.128147	68.034485	100.70022	5.9412346	116.44006	91.626854	932000	-1.1980534e-08	3483.168	0.0034652436	-238.47192	0.586388	0.022369796	0.28325	2.0	35017.96445322037
233	330.98795	90.8087	512.33746	143.12569	118.30303	96.35716	3.9840345	107.81968	89.339516	936000	7.629395e-09	5328.3687	-0.024113905	-1092.4248	0.5857356	0.0052916054	0.1255	79.0	35090.982094049454
234	266.30304	117.12094	540.6403	61.07734	101.0	111.963264	9.668494	128.56326	93.94067	940000	2.348423e-08	3813.72	-0.025210094	-128.54102	0.58370054	0.010884843	0.14875	79.0	35166.0983171463
235	144.64838	110.56677	554.9384	45.9553	65.21311	114.46771	7.3840218	128.72646	102.420906	944000	-2.7000905e-08	4939.8003	-0.0050108507	-609.0703	0.57874537	0.015225175	0.205	2.0	35227.46466970444
236	149.35864	105.00397	464.11835	55.163223	66.6	103.53878	5.759905	116.758095	92.63308	948000	-3.9339065e-09	3897.7913	-0.0022948217	-232.63306	0.57858926	0.018636944	0.24775	2.0	35282.2796394825
237	258.17126	137.22836	523.45416	45.42928	97.45	99.04662	5.500985	110.41893	90.4875	952000	-7.1525574e-10	4859.7163	-0.000916261	-359.89648	0.5784146	0.017394934	0.22825	2.0	35335.269107341766
238	344.80212	122.42114	678.81696	63.337856	121.65625	107.93626	5.8919816	117.770706	96.070984	956000	7.390976e-09	5684.6245	-0.02545585	-864.8296	0.5781015	0.011706052	0.13425	79.0	35393.66865110397
239	277.19244	140.72255	499.442	67.40887	102.30769	120.76664	8.377621	130.46132	104.44043	960000	1.4066696e-08	4711.589	-0.0057122535	-108.78223	0.59034544	0.015578642	0.22975	7.0	35444.52456188202
240	355.0714	107.482086	564.68713	80.94694	123.8125	126.28333	5.515408	132.29558	107.0697	964000	1.3113022e-09	4369.1816	-0.02457562	-254.53857	0.5900429	0.011635961	0.1505	79.0	35519.83812046051
241	230.74614	131.77335	597.732	48.910725	90.674416	132.50731	4.4756513	134.28012	114.85254	968000	7.152557e-09	4537.6353	-0.012889963	-81.083496	0.5807305	0.015151885	0.2065	14.0	35566.474069833755
242	263.30853	141.45384	563.7081	52.46836	98.325	129.83119	4.5896153	132.88849	113.02304	972000	-3.8146974e-09	4480.184	-0.029501237	-11.088379	0.5793373	0.009997779	0.1675	79.0	35634.91414833069
243	146.92267	112.6512	486.0257	43.72419	65.39344	127.82556	4.1196895	132.41081	113.53192	976000	7.1525574e-10	5886.8403	0.00036163416	-1893.1145	0.5754866	0.021697411	0.2655	2.0	35692.64067912102
244	333.53986	112.28043	520.52094	45.73474	117.27273	84.46377	3.2971392	91.09607	75.690895	980000	-1.4781952e-08	7366.351	-0.021762587	-2806.479	0.57470185	0.0153028825	0.14675	32.0	35743.04718875885
245	202.20616	125.42727	534.752	46.885567	83.02128	115.87379	3.2748265	125.02629	101.6462	984000	3.5762787e-10	4181.343	-0.0068120006	-44.681152	0.5654958	0.017614787	0.2275	2.0	35799.13776564598
246	290.54663	130.98854	497.8063	64.8174	105.567566	113.85671	2.7876234	123.74787	104.68564	988000	1.4305115e-09	4540.0967	-0.02740455	-257.6963	0.56442094	0.012766038	0.1465	79.0	35871.84185028076
247	198.39726	138.87537	483.6267	54.8613	79.82	121.78914	3.242054	130.07808	115.36287	992000	5.9604646e-09	4885.3726	-0.0029413456	-138.93799	0.57113874	0.018106267	0.2485	2.0	35923.766924381256
248	237.72525	150.3873	484.9563	46.357483	89.76744	115.75134	1.9749765	125.07459	104.690125	996000	1.1444092e-08	5231.786	-0.014963656	-56.05127	0.5709515	0.017056054	0.2055	13.0	35976.750401973724
249	197.2634	156.0051	536.7065	50.377636	77.882355	118.81922	2.2561185	126.18527	114.36814	1000000	5.00679e-09	5634.256	-0.00064252556	-21.703613	0.5663268	0.019603146	0.25125	2.0	36033.920900821686
250	321.15326	102.084785	490.13617	43.155758	114.67647	116.98472	1.4486741	125.572075	109.9176	1004000	-1.5735626e-08	3936.0544	-0.027736368	-339.98682	0.56500816	0.010589052	0.17275	79.0	36106.11881685257
251	310.03384	138.31583	526.9078	42.997845	110.02778	127.11917	3.6329172	136.15935	119.163734	1008000	2.384186e-10	4522.141	-0.027243545	-177.04834	0.5689952	0.008816495	0.15525	79.0	36171.35200667381
252	106.76916	73.54019	478.50507	44.243946	53.333332	135.55743	3.8881946	137.64116	123.86128	1012000	-9.417534e-09	7935.5366	-0.010798398	-3962.598	0.56654954	0.018455207	0.22375	5.0	36233.759349823
253	100.807144	61.752636	348.3802	40.403973	51.48052	99.648796	6.785747	124.96256	80.41786	1016000	1.5616417e-08	3692.9895	-0.009846967	-1923.4148	0.56746525	0.015753498	0.16475	4.0	36293.20492434502
254	103.754745	78.18399	507.30658	43.50537	51.675323	58.087288	4.7342052	99.34367	49.65778	1020000	-1.859665e-08	2592.1768	-0.0025817775	-25.517822	0.5669335	0.02267688	0.30175	2.0	36357.02402758598
255	182.43729	135.68538	588.1244	53.39084	76.34615	60.69932	2.3310862	82.67389	57.24821	1024000	-8.225441e-09	6268.8613	-0.00447927	-1298.4185	0.56640005	0.026196865	0.30075	5.0	36413.580136060715
256	374.38376	131.82216	697.76874	82.12177	128.06667	87.48957	6.9876504	114.40449	80.531944	1028000	-2.2351742e-08	9571.214	-0.026494252	-4164.2603	0.5650215	0.012999318	0.1835	79.0	36483.79833459854
257	262.46844	164.4302	546.0225	47.07732	99.275	127.748566	10.00069	137.83578	103.820984	1032000	-9.536744e-10	5625.841	-0.029432153	-32.893066	0.55745184	0.012010505	0.14325	79.0	36558.93829154968
258	176.282	112.98617	559.12976	65.912575	76.960785	127.67303	8.045644	137.92207	110.82437	1036000	-1.180172e-08	5070.832	-0.0036332565	-973.8413	0.54647034	0.015503252	0.202	1.0	36611.42069387436
259	311.19418	96.69332	497.4535	44.401707	112.22857	112.45301	6.8320403	129.9222	100.285286	1040000	2.0980835e-08	3823.4304	-0.024382658	-290.69434	0.5458499	0.015284057	0.155	46.0	36669.3659119606
260	269.10168	120.87434	578.3395	59.64717	102.333336	119.23455	6.1113987	136.00659	104.49183	1044000	-4.887581e-09	3905.342	-0.030678937	-25.424072	0.53615755	0.01332385	0.15125	79.0	36732.11501836777
261	170.7809	104.25797	371.49945	43.982754	73.51852	120.09466	4.754756	135.48668	106.88809	1048000	-1.0609627e-08	4021.1226	-0.011685502	-480.51	0.5375264	0.017028328	0.19025	10.0	36787.42582368851
262	274.74612	125.52455	507.73126	46.64151	101.23077	111.55697	5.7977457	124.11896	103.8547	1052000	7.748604e-10	4096.8477	-0.030246612	-148.63867	0.53719956	0.013272271	0.1865	79.0	36863.21658563614
263	243.75687	112.18411	524.7063	46.84398	95.2381	115.59712	4.465498	127.67729	109.09751	1056000	2.3841857e-09	3499.8784	-0.007864685	-4.2575684	0.5355333	0.018674748	0.219	7.0	36919.737656116486
264	230.3235	120.7607	489.93277	57.52134	90.75	116.17606	3.9647064	127.064644	108.74718	1060000	6.6757204e-09	3749.7107	-0.029385222	-8.620117	0.5344515	0.008816139	0.14075	79.0	36995.256435632706
265	153.05539	112.80198	513.9334	48.928062	67.01695	114.49603	3.033651	125.00057	109.684715	1064000	-3.9339065e-09	4421.266	-0.0026933083	-380.58936	0.5279314	0.021928139	0.24825	5.0	37056.42708992958
266	265.9978	147.84503	517.76843	66.8668	98.775	106.962265	4.279894	120.645805	97.59422	1068000	3.0994416e-09	5149.8433	-0.027352953	-239.84668	0.5265098	0.009886914	0.18725	79.0	37126.50805783272
267	103.384285	68.4224	378.60132	44.889755	51.935066	111.00056	3.0783472	124.06644	106.49726	1072000	7.867813e-09	4723.987	-0.007899475	-1365.5044	0.5253509	0.019409284	0.208	5.0	37191.091766119
268	139.02138	81.516716	499.96402	47.079437	66.1	96.02237	4.1157913	117.12261	92.952385	1076000	-2.6226044e-09	3105.28	-0.0009521267	-183.51172	0.52455354	0.023354944	0.2705	1.0	37248.52288341522
269	307.3788	113.33078	549.9824	63.87357	111.05556	94.65811	5.5901594	111.52169	91.09616	1080000	-4.6491624e-09	5432.3105	-0.0066142464	-794.7407	0.5239841	0.018011654	0.225	6.0	37300.02637076378
270	327.5686	101.17042	510.4682	72.906204	115.382355	107.71042	10.153595	127.99817	94.51965	1084000	2.1457671e-09	4821.7534	-0.03010018	-708.0503	0.52173424	0.008746189	0.1595	79.0	37369.23589515686
271	267.96994	114.10622	484.47995	59.415	100.5641	119.56839	8.627759	133.896	97.14507	1088000	9.059906e-09	3645.456	-0.0022758746	-69.04614	0.527371	0.018435875	0.17725	2.0	37424.458010196686
272	339.08527	93.567726	540.7357	58.268917	118.06061	123.046936	4.949866	132.88354	98.64816	1092000	1.525879e-08	4014.5564	-0.026764799	-182.25586	0.52709407	0.0056017665	0.14725	79.0	37492.19787669182
273	328.30417	123.20264	575.09	44.851185	114.171425	127.28154	3.2349367	135.98842	112.40455	1096000	1.3351441e-08	4272.186	-0.007193189	-93.65625	0.5177775	0.016945565	0.2325	6.0	37547.05320215225
274	168.05582	109.772316	471.01196	42.25478	72.454544	129.4232	2.171322	138.84319	116.63761	1100000	2.5629998e-08	5025.914	-1.290667e-05	-486.49268	0.51933473	0.020905107	0.25775	2.0	37601.765827178955
275	315.61807	103.425606	512.45776	59.103306	113.52941	119.673615	11.179391	126.19777	65.77664	1104000	9.536743e-09	4079.5986	-0.0067023104	-344.3838	0.5192318	0.016761443	0.16075	7.0	37657.261479854584
276	339.45688	72.43279	500.7043	163.97345	119.42424	126.87108	3.2915099	136.19432	114.122314	1108000	-4.768372e-10	3398.2292	-0.025077749	-61.072998	0.51745254	0.0041844673	0.12375	79.0	37718.88408303261
277	307.51184	111.99886	546.1711	62.356575	110.77778	129.04662	3.0282292	138.00903	118.08415	1112000	-3.1232833e-08	3770.6416	-0.028659403	-11.83374	0.52935636	0.01233467	0.1785	79.0	37795.647340774536
278	212.50452	84.442764	385.8357	51.52458	87.08889	129.52762	2.4965463	138.22829	122.25131	1116000	2.771616e-08	3278.7673	-0.003538688	-209.14917	0.5213753	0.019364454	0.32875	5.0	37852.990802526474
279	270.7876	80.86267	483.25986	126.18651	103.31579	125.37153	1.8161433	130.2776	116.9145	1120000	-1.26361845e-08	2810.7312	-0.0074059456	-10.794189	0.52089125	0.015124907	0.18075	6.0	37911.717535972595
280	317.06396	74.88718	483.2441	181.2896	114.2	124.10953	2.2226017	129.89722	114.74921	1124000	2.861023e-09	3233.1714	-0.030136937	-38.935547	0.52066535	0.011416446	0.1795	79.0	37979.3718957901
281	190.5876	65.62561	402.7337	64.12868	82.166664	125.80294	1.4849907	131.23643	116.65474	1128000	1.5974045e-08	3134.6108	-0.00093964994	-494.96582	0.52038836	0.029683506	0.2925	2.0	38034.24538516998
282	295.89935	110.75888	541.86304	54.244297	106.97298	118.093575	3.262801	125.29057	106.96231	1132000	7.867813e-09	3765.9556	-0.011545543	-104.86011	0.5201448	0.015272993	0.1805	10.0	38093.587049007416
283	346.63913	104.41232	552.0625	58.575706	119.30303	122.15558	2.3599432	126.387856	112.25958	1136000	-5.722046e-09	4305.362	-0.02626601	-202.48389	0.51880485	0.0051612346	0.14975	79.0	38159.71144127846
284	351.55493	69.63703	498.38696	190.74895	121.28125	126.52026	2.0025842	135.52142	120.90624	1140000	-2.861023e-09	3813.6887	-0.024421182	-149.81323	0.51306313	0.009225047	0.13075	79.0	38230.36713171005
285	328.36707	109.504	483.88718	64.30494	115.088234	130.93515	4.4218435	139.9173	124.46645	1144000	-1.5377998e-08	3876.3542	-0.030078867	-45.240723	0.5269811	0.009490581	0.16375	79.0	38300.56908917427
286	148.04527	101.59839	459.87317	48.4333	65.55	131.56094	3.3646808	141.27188	126.535324	1148000	-3.1232833e-08	5500.187	-0.013222947	-639.001	0.52619696	0.015655652	0.18	15.0	38361.67388677597
287	252.17648	122.61389	477.27737	48.52787	93.92857	125.49584	5.217478	137.32552	107.97659	1152000	2.1457671e-09	3524.6323	-0.03156759	-13.723877	0.5203578	0.012305513	0.19325	79.0	38439.353647470474
288	127.78759	66.22696	335.19186	42.26199	61.46154	122.496216	3.1128843	133.66101	110.407745	1156000	6.9141386e-09	4809.0527	-0.009974279	-2027.6631	0.518803	0.016449135	0.19125	9.0	38487.3327395916
289	169.46786	84.901184	338.71146	45.299065	73.830185	100.27166	6.1293797	117.56757	94.1146	1160000	-2.9683113e-08	2636.607	-0.0025212488	-121.03491	0.51486635	0.018853271	0.1965	1.0	38545.72147846222
290	333.5239	77.395256	494.66116	66.56081	116.73529	97.53763	6.0370855	117.112015	92.383835	1164000	7.7486035e-09	5067.222	-0.026000394	-1109.5564	0.51365656	0.013592143	0.15425	79.0	38626.41983771324
291	216.15384	124.83171	467.7923	41.582287	83.87234	112.19212	10.15043	132.84254	96.216255	1168000	-1.45435335e-08	3697.4478	-0.0018252704	-42.384277	0.5156683	0.025836289	0.22075	2.0	38674.615557432175
292	345.90952	54.731632	493.19586	282.43494	120.393936	116.252426	7.907474	130.33803	97.09239	1172000	1.7464162e-08	3749.1445	-0.023447398	-428.94946	0.5154717	0.0068150377	0.10875	79.0	38745.59882855415
293	268.15924	111.7214	483.74756	39.81658	99.2	124.53414	4.501731	133.69144	108.92668	1176000	1.9073486e-08	3363.8794	-0.013427244	-8.090576	0.52185476	0.016243752	0.21575	15.0	38794.603492975235
294	285.9911	94.97079	490.03635	60.120953	104.47369	125.65078	3.6260366	134.1296	113.68167	1180000	-1.8715859e-08	3105.856	-0.0011084704	-8.345215	0.526144	0.015358251	0.18325	2.0	38851.69261407852
295	301.77753	63.352165	455.18945	45.804394	109.69444	126.62156	3.0209925	134.32933	114.99074	1184000	-7.748604e-10	2569.8943	-0.027567416	-7.845703	0.5265052	0.012490233	0.15825	79.0	38921.76362109184
296	177.1873	79.19388	333.96313	46.33421	76.98039	127.317924	2.846013	134.71973	117.07395	1188000	1.1324882e-08	3768.8572	-0.0033953239	-811.5867	0.5187972	0.022941818	0.27325	5.0	38986.72806382179
297	244.61166	64.85549	356.57852	56.098988	96.07317	115.25948	5.1828218	127.64864	104.496284	1192000	1.859665e-08	2194.8909	-0.03018791	-35.583008	0.5194199	0.015686069	0.18575	75.0	39052.53257417679
298	251.63634	82.71405	346.12216	65.693985	96.560974	111.06873	3.5122023	121.85641	102.961845	1196000	9.059906e-09	2601.212	-0.028088229	-20.353516	0.52522564	0.010894506	0.188	79.0	39125.75097489357
299	138.78049	73.72416	343.80408	45.198364	65.0	113.0067	2.8149087	123.009285	105.023384	1200000	-2.193451e-08	3676.9011	0.00011734391	-1103.1575	0.51785123	0.01940294	0.2805	1.0	39185.23363780975
