Epoch	AverageEpRet	StdEpRet	MaxEpRet	MinEpRet	EpLen	AverageVVals	StdVVals	MaxVVals	MinVVals	TotalEnvInteracts	LossPi	LossV	DeltaLossPi	DeltaLossV	Entropy	KL	ClipFrac	WM_LossMean	WM_LossStd	StopIter	Time
0	8.910316	3.2822566	27.367052	4.318968	12.339506	-0.29123494	0.056613088	-0.10358627	-0.46177292	4000	-1.4305115e-09	33.670574	-0.014590369	-27.2863	0.91893864	0.016337844	0.2275	0.6002621147409082	0.5996880891007427	3.0	11.389241218566895
1	13.950709	7.025116	58.55026	5.174471	16.281633	4.5181417	1.6613153	6.891319	-0.7597078	8000	1.1920929e-09	40.89033	-0.026265942	-17.592285	0.92063403	0.015120238	0.23325	0.03527066543698311	0.007868231100374908	4.0	21.939456701278687
2	35.408813	32.63047	185.1529	6.531578	28.97826	8.96416	3.3242748	12.505241	-1.3263437	12000	6.0796737e-09	775.2776	-0.01975723	-242.90222	0.9196486	0.017082823	0.25575	0.044530122336000205	0.012512455886450962	5.0	32.848440170288086
3	105.68557	58.943836	223.86263	8.297212	59.954544	20.913872	3.6973813	22.35229	-1.986654	16000	5.2452087e-09	2546.2866	-0.009729698	-720.17944	0.9179217	0.0168428	0.1815	0.03641293242573738	0.008471940602024775	7.0	44.05109691619873
4	103.05944	41.98101	220.8835	12.263717	57.855072	33.362053	0.7462721	33.432293	12.963072	20000	2.7418137e-09	1281.7648	-0.015880438	-209.05042	0.91662484	0.009277578	0.10875	0.03814989453181625	0.007062821904242335	79.0	55.660651206970215
5	134.66833	56.190662	274.4373	36.06598	69.77193	39.170986	0.68356395	39.247204	22.108053	24000	3.0994416e-09	2150.3394	-0.015187906	-354.23804	0.91036814	0.009684911	0.09775	0.04014645492658019	0.008924215634537217	79.0	67.20296788215637
6	145.3808	65.52239	234.7128	30.067606	72.55556	46.233093	0.15187742	46.24718	39.330803	28000	5.9604646e-09	2375.0615	-0.01941696	-325.53833	0.91285676	0.012063141	0.09775	0.04613044900819659	0.009649018561170373	79.0	79.03061723709106
7	174.34163	52.616184	239.80405	74.5674	83.34042	52.805527	0.16307645	52.81856	46.87454	32000	-5.9604643e-10	2372.1213	-0.014637207	-446.16443	0.9186119	0.009520231	0.09575	0.044898295141756535	0.00953342363387194	79.0	90.36762833595276
8	183.33524	51.976807	234.7917	51.761127	85.21739	54.775444	10.514168	59.357098	3.39911	36000	-1.1324882e-09	2096.2126	-0.01729151	-398.94385	0.91563475	0.008731803	0.1075	0.042477162703871724	0.010800242854749799	79.0	101.79110527038574
9	199.7294	33.377914	239.51358	103.8529	90.681816	59.11297	14.943113	65.95206	3.3190594	40000	2.861023e-09	1693.3141	-0.016270805	-338.43884	0.9013738	0.0075607225	0.08975	0.03953392155468464	0.008516765406026921	79.0	113.15401554107666
10	202.62187	29.955677	239.64166	74.82688	91.60465	64.122536	16.743044	72.11532	-0.101607084	44000	6.3180923e-09	1374.1692	-0.015292773	-283.76868	0.8929564	0.010649643	0.0885	0.03992831626906991	0.008576204793827065	79.0	124.88555145263672
11	217.28094	13.870114	252.7716	182.57617	97.36585	66.06202	20.292059	77.562065	-19.614052	48000	5.9604643e-10	1230.9615	-0.012948815	-279.30975	0.89438605	0.009377859	0.09225	0.03983837928622961	0.010189354275331429	79.0	136.4861614704132
12	221.76595	29.982134	273.0954	99.9395	99.55	69.437675	22.98364	82.92474	-4.168106	52000	-3.8146974e-09	1170.3058	-0.017501477	-233.71912	0.90906566	0.010475618	0.112	0.04038101296871901	0.008777542837555989	79.0	148.05832624435425
13	223.65002	31.757252	266.18228	78.38475	99.525	75.4286	22.371265	87.794266	-3.3629026	56000	5.841255e-09	1033.2908	-0.01972114	-185.18488	0.90696466	0.0105552245	0.12375	0.037691956162452696	0.008790739707481721	79.0	159.95814394950867
14	241.8548	27.662245	312.69254	182.3502	108.861115	78.098976	24.008755	92.20904	-12.173849	60000	-1.3113022e-09	1067.7161	-0.004860398	-224.43231	0.90516406	0.016596153	0.25175	0.03930824790149927	0.009414009402500246	5.0	171.63281846046448
15	248.0694	63.565033	326.117	100.08973	114.911766	82.6484	22.504196	96.77608	-14.473856	64000	1.1920929e-09	1468.3226	-0.006033402	-308.38696	0.904112	0.01631748	0.25825	0.036928772032260894	0.009342077279803764	5.0	183.17815947532654
16	267.72156	49.625896	324.32507	133.55608	121.90625	85.6561	25.324999	100.59777	-36.044315	68000	2.861023e-09	1339.0454	-0.014735456	-220.70264	0.90355825	0.009638554	0.118	0.03553738575428724	0.007847188468814036	79.0	195.20319938659668
17	276.83633	41.12297	337.0913	166.0369	125.0	87.63044	26.264236	104.8306	-2.2726297	72000	1.1324882e-09	1097.6959	-0.019987565	-237.13702	0.8955583	0.0106823845	0.112	0.029493010751903057	0.006329445649227766	79.0	207.5668523311615
18	307.75314	19.500814	348.38614	268.0087	134.06897	88.23442	30.632044	109.13662	-7.2158985	76000	7.152557e-09	1129.0245	-0.014844573	-311.60962	0.88218194	0.010332445	0.11125	0.02803130857646465	0.006989118169125189	79.0	219.40001153945923
19	302.66095	39.442684	339.38458	139.00642	132.9	97.38361	29.364008	114.405975	-0.9920068	80000	5.3644182e-09	921.76166	-0.016793467	-178.95355	0.87640065	0.009581432	0.09775	0.029575857892632486	0.007756866497375187	79.0	232.49869441986084
20	294.04688	50.16675	337.42624	177.20816	132.33333	101.51517	29.83909	118.7783	0.56859994	84000	-5.1259996e-09	972.22876	-0.005454806	-199.31616	0.877637	0.015250643	0.18925	0.02906676035374403	0.007350297750513871	4.0	244.26148462295532
21	322.62927	43.59351	358.09723	136.96477	144.11111	101.33153	29.8981	121.98564	0.33983815	88000	-3.218651e-09	815.1185	-0.015541106	-160.63715	0.87795043	0.0057671587	0.11175	0.02831719006411731	0.008565334828742058	79.0	256.6062650680542
22	339.03073	12.500854	371.9811	314.7427	151.03847	104.293205	33.27934	125.66125	-3.638081	92000	8.3446505e-10	528.1807	-0.013997166	-126.20007	0.8656981	0.0100226095	0.0895	0.025699162604287267	0.006738009863491834	79.0	268.85885310173035
23	317.48822	44.218163	370.35098	171.60304	142.92592	109.01975	33.571575	129.54474	1.6553112	96000	6.7353247e-09	581.8375	-0.019055901	-106.355286	0.8527897	0.013434887	0.129	0.025781296994537115	0.0069257319398862115	79.0	280.9247260093689
24	331.46692	14.190469	354.0713	271.42642	145.66667	106.77875	35.37363	132.26141	1.4787655	100000	0.0	383.6374	-0.006930491	-100.160645	0.85192066	0.016470527	0.199	0.02452275510877371	0.0076986907607123675	3.0	292.3958134651184
25	325.56854	12.099361	345.4659	292.25192	138.21428	110.43101	36.684338	135.4314	1.896242	104000	1.192093e-10	351.64548	-0.0010839422	-79.65646	0.8519916	0.015942916	0.19425	0.023134283451363445	0.0053769511441162775	3.0	304.2631735801697
26	320.95364	15.323236	347.28323	255.44046	133.7931	111.6388	39.3937	138.72223	-0.7571981	108000	2.4437905e-09	334.1177	-0.015430885	-70.95776	0.85243595	0.013889132	0.133	0.024970120610669257	0.006765189837497235	79.0	316.1148293018341
27	320.3071	7.920845	339.54437	305.90613	132.66667	112.307846	40.03558	141.7548	1.3957961	112000	1.7881393e-09	230.29253	-0.015821485	-52.686905	0.84528184	0.013160629	0.11025	0.02437817276455462	0.006512553953415469	79.0	328.15448451042175
28	324.10443	7.1770554	336.58435	305.44608	133.03334	113.22772	41.833214	144.5439	-0.4758339	116000	2.771616e-09	211.80782	-0.013488252	-50.02455	0.8632972	0.010405677	0.096	0.023280769623816013	0.007006924140642137	79.0	340.1773660182953
29	326.23288	8.359126	345.5068	304.4792	135.34483	115.671616	42.341415	147.28146	-1.4573355	120000	-1.7881393e-09	161.41219	-0.0126882065	-35.395584	0.85561925	0.008163662	0.084	0.025010152235627175	0.007070030070693522	79.0	352.42248821258545
30	327.67014	11.904569	353.17294	305.85406	133.51724	116.52925	43.257317	149.68983	0.55289674	124000	0.0	161.50693	-0.013455299	-36.1708	0.8499322	0.015334049	0.11425	0.024374094540253282	0.00695915123393012	34.0	364.47199273109436
31	327.10208	10.375372	348.42438	304.2323	133.93103	118.90831	43.886234	152.08989	-0.37774086	128000	-1.3113022e-09	118.27732	-0.01796646	-24.377632	0.8549264	0.012431536	0.13525	0.025191679308190943	0.006405832050005105	79.0	376.63634872436523
32	322.61542	26.880356	365.88525	194.08481	132.6	119.60009	44.452366	154.09955	0.32818532	132000	5.00679e-09	220.57207	-0.016266726	-47.75966	0.83816576	0.011003817	0.14625	0.025352304000407458	0.008073209071591396	79.0	389.2524585723877
33	335.58627	16.280352	377.3928	294.5695	135.7931	118.790565	45.169827	155.60178	0.6156516	136000	-1.4305115e-09	161.30423	-0.020704804	-50.33905	0.8364443	0.009380571	0.1385	0.023437914149835707	0.007223004189455971	79.0	401.95016074180603
34	343.64874	17.525087	380.20483	314.14343	136.13792	122.741066	45.240486	157.6438	1.9710345	140000	3.3378602e-09	157.18571	-0.021314407	-38.481262	0.82971907	0.015072718	0.14675	0.02282991706393659	0.00509870448576678	55.0	414.1376414299011
35	354.06967	21.00143	392.56876	302.57352	136.86208	126.38119	44.9249	160.04657	0.73348475	144000	-5.9604646e-09	203.05592	-0.0044724164	-50.054092	0.81954956	0.0151001485	0.161	0.024234083062037826	0.00696012325248653	4.0	425.787442445755
36	371.53583	19.044651	418.0571	326.82556	142.07143	129.05583	45.24592	162.86229	-0.20331097	148000	9.298325e-09	238.95268	-0.020129902	-72.008835	0.81874853	0.011885243	0.1325	0.02232625755481422	0.007232103945268395	79.0	438.33128356933594
37	382.4364	15.232255	410.6079	327.85553	143.85185	133.23952	45.391323	166.18427	2.4406412	152000	3.9339065e-09	241.02684	-0.01602301	-75.01691	0.79910517	0.015042119	0.1165	0.023069752342998982	0.0067916410098593	40.0	450.05704498291016
38	381.07513	31.022543	415.9873	293.15268	141.21428	139.14153	45.144596	169.78967	0.09826684	156000	2.7418137e-09	382.865	-0.020278962	-75.58139	0.80874836	0.015082256	0.13025	0.02327224417589605	0.00719927679535077	60.0	462.0920388698578
39	398.83868	15.7980385	421.09995	353.41522	143.55556	138.22916	47.2728	172.84692	3.3612187	160000	-1.9073487e-09	316.49945	-0.018946344	-129.9488	0.81801003	0.012370694	0.11075	0.024716150760650635	0.008646468507552421	79.0	474.3022994995117
40	395.30463	21.488583	438.3948	336.01263	141.46428	143.6477	48.974136	176.88756	-2.1511447	164000	5.4836273e-09	187.31581	-0.0062736617	-55.194275	0.8148304	0.016537677	0.20375	0.024692067513242363	0.00809751686037402	4.0	485.84466528892517
41	403.36432	15.491505	430.74048	360.56375	141.75	145.23116	50.098366	180.08128	1.6972346	168000	-4.7683715e-09	166.22504	-0.019411493	-54.72003	0.81450194	0.015047697	0.1375	0.027135821944102644	0.008536608965438662	65.0	501.4864933490753
42	393.17188	67.30379	454.27228	188.14583	139.57143	150.94	49.30888	183.36115	0.005624056	172000	-8.106232e-09	756.76013	-0.0047865654	-76.256836	0.80217963	0.01753636	0.199	0.026868423111736775	0.011767340655489941	4.0	513.2957603931427
43	422.40884	30.97028	498.64334	325.12448	149.38461	151.13821	50.26866	185.0056	1.0440795	176000	2.384186e-10	291.7637	-0.006605722	-90.533005	0.8022369	0.021047214	0.18425	0.028482130439952017	0.012319382106660708	3.0	525.4129855632782
44	470.7044	77.99874	673.50574	400.2761	158.88	153.54369	49.762882	188.03137	3.8570983	180000	4.6491624e-09	796.53204	-0.019767657	-291.29047	0.8020062	0.010040152	0.121	0.03178280519321561	0.012232487612795665	79.0	537.9094667434692
45	485.96176	126.39959	696.14294	139.23265	164.70833	164.96495	50.914818	194.31813	2.1473792	184000	6.0796737e-09	1315.7627	-0.004968777	-292.09283	0.7966508	0.016370442	0.159	0.037190227713435886	0.014538170970446039	4.0	548.7578492164612
46	529.3976	143.20811	726.907	130.92851	175.36363	171.50606	51.51541	199.87575	1.4624515	188000	1.0967255e-08	1678.9993	-0.019797213	-381.16943	0.79555804	0.014725152	0.14775	0.04028522053733468	0.013484122088510088	79.0	559.9637758731842
47	589.9531	146.78412	911.05	175.0047	188.04762	178.58446	53.355007	206.9611	-5.852084	192000	2.026558e-09	1586.519	-0.022262432	-464.427	0.7885631	0.012093673	0.13775	0.0449604219943285	0.014795968807351236	79.0	570.283623456955
48	556.85846	90.051094	721.2466	401.1168	180.72728	180.46744	57.53026	215.50606	-5.0299	196000	-7.1525574e-10	616.97565	-0.0223474	-187.91742	0.7718695	0.0103039825	0.138	0.0474390372633934	0.019373704422508596	79.0	580.7677156925201
49	592.19324	144.90726	938.06116	375.22137	192.9	188.04291	57.68826	220.0064	-2.9703655	200000	3.5762786e-09	1517.0095	-0.025190217	-194.7461	0.76026374	0.010278773	0.14825	0.04465002480894327	0.015645894569214083	79.0	591.2884049415588
50	709.05255	52.359337	828.66223	611.54706	223.41176	193.3335	55.374554	223.24254	-1.3485806	204000	1.9073487e-09	1080.4846	-0.023603305	-390.56494	0.7666911	0.007861623	0.14775	0.04903589084744454	0.01482718111761781	79.0	601.7373495101929
51	682.20166	200.72792	1176.8893	259.65305	219.05556	203.54062	56.0648	231.19101	4.479957	208000	-2.384186e-10	1961.0796	-0.017166695	-122.390015	0.75796866	0.0055617676	0.1125	0.05058191897347569	0.016573265009025524	79.0	612.1057879924774
52	590.1023	148.01823	779.6631	127.66325	190.33333	201.60222	59.938248	235.26714	1.1831315	212000	1.4305115e-09	1431.2687	-0.018006474	-323.13513	0.7556696	0.015100893	0.1555	0.04480339815840125	0.015280419287734623	51.0	622.3069038391113
53	609.3958	83.53821	739.72534	439.1938	194.05	194.34334	63.366596	236.2309	-2.7537453	216000	4.768372e-10	335.9505	-0.021108089	-82.13704	0.75669336	0.008320306	0.12225	0.04709116864949465	0.01801622638967878	79.0	632.6520533561707
54	659.2017	92.316154	872.6477	465.09314	209.73685	200.77066	60.499065	238.54008	2.1011682	220000	-2.1457671e-09	409.11954	-0.023829114	-111.16196	0.74797785	0.011669848	0.155	0.04328855795785785	0.015703800022300117	79.0	643.209710597992
55	684.3787	51.96582	845.85486	617.0025	213.27777	202.94206	62.97461	242.02179	-4.999799	224000	1.7881393e-09	319.28812	-0.023219228	-107.850006	0.73728156	0.007423768	0.1365	0.04304883761331439	0.018478617700845516	79.0	653.687296628952
56	679.43164	73.0879	925.8089	611.2361	212.5	208.74872	63.782837	246.10214	1.840548	228000	1.7285346e-09	269.62775	-0.021409202	-94.49097	0.7347465	0.009028737	0.12575	0.03937966465950012	0.015960432836003523	79.0	664.2210354804993
57	652.5467	90.97859	752.4775	315.57526	203.73685	208.24738	65.18586	249.2519	1.4429762	232000	-2.2649764e-09	716.65063	-0.014637654	-67.93536	0.7142214	0.004412435	0.11675	0.03794094562530517	0.01266001838531532	79.0	674.6544981002808
58	661.644	97.17667	847.10626	349.45325	207.21053	209.81013	63.93031	250.74503	1.5302436	236000	7.629395e-09	622.5835	-0.018309494	-173.72546	0.7148671	0.012602204	0.139	0.03566085417754948	0.015587404605752784	79.0	684.9792532920837
59	680.27997	92.55216	983.9627	511.33005	212.0	206.32953	65.98	252.82587	-22.938416	240000	-2.861023e-09	267.77264	-0.022680668	-104.821686	0.7169023	0.013479542	0.1545	0.038480992773547766	0.015945336422325648	79.0	695.3122322559357
60	668.3251	58.506695	809.5322	552.76227	207.33333	209.63052	67.965065	255.40904	-5.033064	244000	-2.9802323e-09	181.02824	-0.021315204	-43.867386	0.6960472	0.005654973	0.11825	0.03593303913250565	0.01315464003177786	79.0	705.6161036491394
61	731.2385	78.08762	961.1943	628.33984	226.70589	215.85344	65.75984	257.80777	0.99542904	248000	-1.9073487e-09	199.5072	-0.0037105693	-60.806503	0.6830437	0.015416857	0.18025	0.03550292933359742	0.014079300707724226	4.0	715.4082007408142
62	686.74146	78.73745	881.5533	499.74857	213.5	214.63406	68.551926	261.00375	0.12266445	252000	-3.3378602e-09	134.38872	-0.0044768252	-35.4479	0.68202794	0.016181087	0.165	0.031242662146687507	0.009050829389229992	3.0	725.4506764411926
63	767.9308	153.9498	1177.459	583.2618	238.5	222.11316	65.39748	262.55713	1.5496562	256000	-7.629395e-09	985.33246	-0.004528712	-42.161804	0.68082887	0.016910413	0.1995	0.035730785094201564	0.011763392367445629	4.0	735.4155049324036
64	777.06433	126.53763	997.7977	567.2167	237.0	223.93814	66.259445	264.63406	4.880103	260000	-8.940697e-09	902.19086	-0.004904246	-103.992615	0.68047166	0.016264101	0.2315	0.03684462665580213	0.013661307790295648	4.0	745.4207587242126
65	861.596	262.24063	1203.8846	108.34323	262.92856	231.55424	63.38781	268.1865	-0.14427328	264000	7.450581e-09	1212.6971	-0.018768614	-441.89966	0.67928904	0.011833766	0.11725	0.038026274424046276	0.01282698466859468	79.0	755.8725745677948
66	1028.8365	233.05447	1553.7269	696.24725	311.75	239.13844	65.03702	275.12088	1.0711799	268000	2.503395e-09	568.26544	-0.02358085	-236.6431	0.6820599	0.014427189	0.14325	0.03826394598931074	0.014693094319566904	79.0	766.2767205238342
67	999.93915	208.0583	1458.6694	675.9423	301.53845	243.0736	66.97672	282.59793	3.955165	272000	3.4570693e-09	310.49905	-0.020379737	-103.07234	0.664731	0.0101590175	0.11275	0.044061571918427946	0.01697778116801243	79.0	776.6939332485199
68	906.2095	120.39157	1096.4836	710.1291	273.57144	241.73212	70.31168	287.72543	-0.30247498	276000	-4.768372e-10	142.47934	-0.024183944	-43.887238	0.6641472	0.013496051	0.1665	0.038652848862111566	0.014491622874170992	79.0	787.0512399673462
69	877.9815	92.27235	1034.5339	678.82043	264.66666	239.20032	72.74582	290.27966	-3.8722615	280000	2.026558e-09	113.56979	-0.022715582	-25.233429	0.6382943	0.008206353	0.131	0.038369699697941545	0.013440580320999257	79.0	797.3988473415375
70	886.30096	105.50587	1195.8302	746.9145	266.6	238.63089	72.994896	291.9204	3.7178621	284000	-6.6757204e-09	93.10953	-0.021466713	-24.086388	0.6391225	0.009309013	0.14825	0.0372048456594348	0.012594695485268707	79.0	807.8344330787659
71	899.3309	148.20653	1311.3827	696.27527	269.7857	242.93178	72.203865	293.55945	-0.27825117	288000	-5.9604643e-10	102.085434	-0.0252026	-19.820816	0.62927806	0.011007529	0.15525	0.036212191078811885	0.013088356811589442	79.0	818.1310625076294
72	881.202	71.77804	990.2613	713.228	262.2857	242.28142	72.43642	295.50403	-5.4925323	292000	-1.2159347e-08	96.722824	-0.022426305	-24.670486	0.6173938	0.011208895	0.1365	0.03514473301358521	0.014285745012931438	79.0	828.516811132431
73	1046.7742	121.197876	1254.1443	882.2729	314.66666	252.99017	70.87275	297.53864	1.766634	296000	9.775162e-09	140.92442	-0.007535408	-31.477058	0.6148691	0.016066521	0.19175	0.03370589785277844	0.014172433395671393	8.0	838.5211019515991
74	1238.7202	473.62656	1800.7975	287.3324	381.8	267.90015	61.445988	300.08432	-2.2859082	300000	1.4901161e-08	2583.5708	-0.021068148	-366.38428	0.6142594	0.0059287	0.1955	0.033285603998228906	0.011360318395416649	79.0	848.6951534748077
75	1157.9103	269.57684	1473.7472	698.634	359.27274	259.0287	62.747494	301.87683	4.356946	304000	-4.053116e-09	2138.3596	-0.004709709	-180.30615	0.59252733	0.015268537	0.17725	0.03537471152842045	0.011048176297921115	3.0	858.6307504177094
76	1323.337	270.12518	1774.1262	923.53705	407.55554	258.54626	60.302185	300.6673	-5.637988	308000	-1.5497208e-09	526.689	-0.020852553	-312.2162	0.5915793	0.015028188	0.13325	0.03549736579880118	0.010759596214542744	66.0	869.0785365104675
77	1171.7596	166.1424	1547.1415	939.4817	358.27274	259.97183	68.672424	304.7247	-2.3790517	312000	-8.34465e-09	152.13823	-0.023641195	-41.534073	0.6023626	0.008195723	0.151	0.03473954130895436	0.010796813799401072	79.0	879.3717663288116
78	1367.5009	272.61334	1866.0253	1019.503	415.66666	264.92462	66.52852	306.28864	-0.14429808	316000	3.8146974e-09	213.41782	-0.016626922	-72.32234	0.58804166	0.0150339715	0.11525	0.03448791994713247	0.011503572769370475	32.0	889.5563941001892
79	1184.5507	129.15761	1347.8713	850.2189	360.18182	260.96628	70.91798	309.84982	4.2266693	320000	3.8146974e-09	93.12564	-0.02409751	-29.94558	0.5787067	0.010198389	0.16075	0.032987119257450105	0.009715862692812494	79.0	899.6740782260895
80	1349.3903	191.69887	1637.8745	1021.28394	407.55554	268.43143	67.54932	310.99966	-8.208787	324000	4.768372e-10	126.103455	-0.022193326	-37.12298	0.5638259	0.01464697	0.1445	0.03079237889498472	0.010932813763239294	79.0	910.3220193386078
81	1381.2845	348.92807	1857.5515	703.6358	420.22223	278.94913	62.953762	313.49796	4.3347025	328000	1.3589859e-08	2333.5833	-0.005617261	-241.87305	0.56126755	0.017896494	0.21225	0.0327843845449388	0.010940609858735094	3.0	920.2935099601746
82	1160.7632	174.17776	1485.8333	913.79395	349.54544	260.62064	68.85761	311.50204	3.921341	332000	-4.708767e-09	204.74178	-0.025724385	-128.9026	0.5611241	0.014014576	0.1565	0.03153880367055535	0.00969537220228725	79.0	930.3771362304688
83	1017.6135	143.24663	1331.1532	729.1788	306.3846	252.59686	76.643776	313.52524	-1.5066662	336000	1.502037e-08	70.50914	-0.0056636278	-18.944351	0.56018096	0.017305052	0.166	0.030165596082806587	0.011531051921369752	3.0	940.0457472801208
84	1265.3534	228.26363	1584.8357	971.5346	372.2	265.1115	71.7557	313.79138	-0.09793472	340000	1.3351441e-08	201.69293	-0.022204401	-105.82173	0.5593034	0.015172447	0.1395	0.02919241340830922	0.009983745188966022	46.0	950.0918340682983
85	1072.6582	292.39764	1522.7244	251.83646	319.0	270.97824	70.484245	317.761	-0.61430454	344000	-8.404255e-09	1332.5079	-0.0064246445	-420.3142	0.54926145	0.019605331	0.28525	0.02842227391898632	0.008721018921209397	3.0	959.549889087677
86	1012.5688	381.55832	1747.8726	425.48767	316.08334	282.9294	56.25876	319.1219	-4.918435	348000	5.4836273e-09	5967.6157	-0.004002946	-1582.395	0.54889745	0.019369034	0.25475	0.029821267081424595	0.010146850749933567	3.0	969.1790838241577
87	1492.6808	368.79373	2256.6592	950.24524	437.1111	242.13834	58.8525	309.56754	-1.3902712	352000	-5.3644182e-09	2332.1008	-0.026842041	-2172.6187	0.54878896	0.010976105	0.14475	0.028817061455920338	0.009943755767345205	79.0	979.216061592102
88	1362.2449	215.13406	1668.1161	992.5218	392.6	277.08362	70.45267	322.70935	5.224711	356000	2.7418137e-09	242.48721	-0.025080362	-83.20581	0.54686326	0.010799668	0.1425	0.028704390171915294	0.009118000303264357	79.0	989.2294280529022
89	1467.8469	586.2379	2756.0828	1028.981	428.22223	286.02524	68.17797	325.96857	14.586517	360000	-5.6028364e-09	146.95473	-0.027590582	-57.928886	0.5361012	0.013355905	0.14525	0.03018619422800839	0.009317259361187383	79.0	999.4615988731384
90	1326.5774	477.9698	2689.2383	902.09753	395.3	285.90054	70.015625	327.40976	-0.6169491	364000	-4.053116e-09	2814.2854	-0.005384419	-472.84888	0.5400302	0.023855561	0.288	0.02890913630835712	0.00956370063346748	3.0	1009.2577292919159
91	1797.4084	421.542	2419.7646	1138.5452	532.4286	278.9284	60.03737	320.9875	3.921361	368000	5.9604646e-09	416.522	-0.022846377	-269.18137	0.53962016	0.010358409	0.1505	0.03146433505229652	0.008434551125422376	79.0	1019.7250757217407
92	1838.7307	712.6191	3367.9429	1176.1383	539.8571	290.85226	63.63193	324.41577	7.1020646	372000	9.536744e-10	192.84962	-0.026702264	-55.03856	0.5356167	0.01257011	0.163	0.02998873410746455	0.008448674500142719	79.0	1029.714524269104
93	1176.7179	702.24817	2725.3857	89.012886	348.9091	280.95856	70.739975	327.4589	-4.1186805	376000	5.2452087e-09	1613.4532	-0.013035745	-346.06665	0.5318031	0.008426744	0.15775	0.03022543767467141	0.008618496142824037	79.0	1039.7266051769257
94	1481.5787	457.9985	2661.9004	1122.6058	430.44446	280.22595	72.898575	328.37885	4.104864	380000	4.3213366e-09	346.92758	-0.019871436	-259.42862	0.5398452	0.011827546	0.15325	0.027935963990166783	0.009135404021569869	79.0	1050.0060021877289
95	1137.1636	377.57858	1581.4266	89.08937	330.41666	272.5145	77.57716	330.74243	-0.14170694	384000	-5.4836273e-09	826.0697	-0.01227849	-84.453186	0.5222881	0.007876263	0.11775	0.026384874302893876	0.009410433104216371	79.0	1060.0947902202606
96	1640.5598	402.308	2473.7937	1157.9617	475.875	287.3187	70.42315	331.4376	-4.5513654	388000	2.2411346e-08	223.46448	-0.020288583	-97.688324	0.5224854	0.015142075	0.12975	0.026441406728699803	0.010493667785541849	63.0	1070.0953845977783
97	1182.5278	119.890045	1360.0342	960.1368	341.63635	274.40845	78.93084	335.0843	2.3289084	392000	-8.225441e-09	87.149124	-0.028794995	-32.108074	0.5316103	0.0132971	0.171	0.02515153550542891	0.007569816233266739	79.0	1080.079880475998
98	1393.5581	233.97849	1870.1046	1162.0718	398.22223	283.45953	73.72504	335.2973	5.1354775	396000	1.7940998e-08	134.7628	-0.025024852	-79.117775	0.52374184	0.011227841	0.15325	0.02375449934974313	0.008223692633761197	79.0	1090.011779308319
99	1312.6821	325.6199	1874.8539	981.4609	380.4	284.77426	75.46318	337.24728	5.6609025	400000	-1.0251999e-08	110.70795	-0.024986908	-43.56121	0.5097789	0.0141279055	0.15	0.0253134770039469	0.008634523750605649	79.0	1100.2013278007507
100	1946.8184	719.7617	3148.0916	995.32825	567.0	300.94876	64.493904	337.06003	-4.601657	404000	1.8537044e-08	321.54218	-0.009134755	-127.74364	0.49882978	0.015147342	0.15025	0.02374620219692588	0.007865867254697569	12.0	1110.076111316681
101	1021.3669	434.3494	1529.8881	89.5321	292.92307	267.19614	80.13054	338.11008	-2.2165427	408000	-8.8214875e-09	1906.4928	-0.007082939	-547.4802	0.49700415	0.027360521	0.34	0.0243874591588974	0.00810696713991952	3.0	1119.9943051338196
102	2306.891	838.648	3290.8862	955.8254	732.2	323.53107	32.243538	338.13522	11.496369	412000	4.6491624e-09	3347.2373	-0.014768832	-1347.6122	0.49600083	0.008450169	0.13625	0.025657574823126198	0.007492275681942253	79.0	1131.3689608573914
103	2083.773	860.1873	3326.432	791.50507	639.8	305.7222	43.29705	336.0459	7.7182283	416000	-1.013279e-08	2591.9048	-0.0059868717	-225.08765	0.5056424	0.017509406	0.276	0.024198986915871502	0.0073151991424164255	4.0	1141.07585978508
104	2843.603	475.0365	3171.4626	2023.4392	896.5	304.5192	32.3307	334.8925	4.394112	420000	-5.9604646e-09	352.79605	-0.02481678	-236.41725	0.5054124	0.014731875	0.159	0.0242831093352288	0.007320574175348183	79.0	1151.3775248527527
105	2430.395	660.40485	3209.208	1582.1774	734.6	309.1668	46.728596	335.98288	1.8916965	424000	-3.0994416e-09	157.68092	-0.0016553084	-72.63107	0.5024253	0.016419461	0.22875	0.026104916064068676	0.007722587961666821	2.0	1160.983878850937
106	952.86456	183.14748	1279.746	714.05365	279.3846	268.8889	80.53826	338.05896	2.1558805	428000	2.503395e-08	340.20218	-0.023002028	-226.4101	0.50208503	0.013825342	0.14975	0.024499313617125155	0.007288543375029245	79.0	1171.4315819740295
107	1062.8112	202.74191	1609.0936	873.7462	307.41666	259.20596	77.8147	338.0328	-6.4522514	432000	1.1920929e-08	134.59892	-0.0031659245	-65.83555	0.49357483	0.021157771	0.2265	0.023990368135273457	0.007855935345960272	2.0	1181.673684835434
108	2415.8853	729.7901	3214.0205	1363.0679	724.0	308.00656	54.96852	338.6871	-2.9608564	436000	1.2278557e-08	216.51936	-0.023923691	-96.370316	0.49277338	0.008999618	0.14925	0.026496069030836223	0.008496950543153543	79.0	1192.088704586029
109	3180.6294	183.11389	3413.9512	2957.4077	946.75	319.78787	41.0614	339.92572	3.4067898	440000	-1.6689301e-09	175.16565	-0.0021268337	-70.347206	0.4763723	0.016029317	0.213	0.02306090548634529	0.007529365611132117	2.0	1202.0090198516846
110	844.6457	263.55347	1249.8671	264.04523	248.93333	264.29532	79.70516	343.6149	4.2120833	444000	-1.192093e-10	2617.0713	-0.0022722248	-1464.7585	0.47562492	0.016446548	0.175	0.023067290987819435	0.006901453335391887	3.0	1212.0301678180695
111	812.31824	353.9815	1561.7694	264.8652	245.33333	261.7347	71.74931	341.4611	-3.9665666	448000	-1.2159347e-08	5317.3457	-0.020409089	-1365.4421	0.47620344	0.006636757	0.191	0.023011644575744866	0.008025896063142496	79.0	1222.7724816799164
112	1022.80756	491.7777	1787.976	299.04453	303.46155	254.55577	61.41837	327.4008	2.5686255	452000	-5.6028364e-09	4601.682	-0.019397892	-766.51636	0.465332	0.01509262	0.1735	0.02115167929790914	0.006030621840894818	70.0	1233.1311745643616
113	1244.5161	941.6312	3497.651	261.68045	375.44446	272.3154	50.659744	333.07306	7.6047187	456000	-9.775162e-09	5224.5205	-0.006109863	-1103.2256	0.45422432	0.02091519	0.2685	0.022572151124477385	0.009075477379221701	2.0	1243.1173980236053
114	949.71155	202.32915	1237.2108	356.00293	276.7857	242.76407	72.35711	344.61343	9.431253	460000	2.1457671e-09	1811.8224	-0.01735951	-659.3906	0.45371765	0.008296112	0.1155	0.019323920430615545	0.00868065904077988	79.0	1253.53680062294
115	940.4623	336.54266	1315.4374	280.61145	279.2857	264.4744	72.475525	338.9931	-4.4079895	464000	-8.5830685e-09	3449.2544	-0.00373674	-492.57788	0.45424822	0.02090553	0.2115	0.01767597715370357	0.005332987956304166	3.0	1263.5344724655151
116	1258.55	306.7078	1843.7482	770.05084	363.4	260.17706	66.01868	327.20377	7.6117687	468000	-2.503395e-09	875.62775	-0.022088412	-691.3029	0.45352376	0.011711079	0.1465	0.020247681839391587	0.007972054741235128	79.0	1273.8692643642426
117	1252.7778	398.6646	1824.345	305.9478	362.63635	280.87387	76.762726	349.15897	8.043387	472000	-5.185604e-09	1508.8446	-0.016745348	-345.96313	0.4445889	0.010704649	0.1615	0.018437363291159272	0.006545195732449436	79.0	1284.1444022655487
118	1205.4932	337.45178	1959.2054	801.5316	347.7	279.9639	73.274734	348.03906	7.722432	476000	-5.662441e-09	341.3391	-0.02594049	-152.0755	0.44408366	0.015208891	0.1665	0.017330164443701505	0.006073697032438734	71.0	1294.5617384910583
119	1354.218	306.16104	1954.8204	822.7089	385.8	279.398	75.08817	347.501	6.602534	480000	-7.867813e-09	140.85826	-0.026890732	-77.47834	0.43790284	0.012138664	0.1785	0.01818595014512539	0.010750228936218076	79.0	1304.9255192279816
120	1784.2117	753.4227	3229.6008	759.32587	522.4286	305.6432	64.48187	350.7046	7.2678347	484000	4.053116e-09	194.25291	-0.017043307	-69.87779	0.4234127	0.015181472	0.146	0.01688872242346406	0.004829366003881138	22.0	1314.8387279510498
121	2220.654	958.0077	3504.8801	706.1614	634.3333	309.3035	63.61795	350.36682	4.821438	488000	-1.45435335e-08	152.94766	-0.024645824	-59.277603	0.4176863	0.01251602	0.147	0.018703768406994642	0.006672429045122062	79.0	1325.5471773147583
122	2510.1316	693.1513	3537.8271	1438.711	712.6	317.59537	61.757225	353.8882	5.7694798	492000	7.1525574e-10	122.48816	-0.010021819	-61.409943	0.41086796	0.0155646475	0.1525	0.016758160032331944	0.0051145021661615445	10.0	1335.6293132305145
123	1619.6681	721.80817	3458.2083	1036.5587	464.125	302.2532	74.97738	356.27338	7.2921014	496000	1.07288365e-08	104.14673	-0.0025741383	-52.94249	0.4087677	0.015901832	0.19225	0.019415067979134618	0.006224840296414747	3.0	1345.8354046344757
124	1827.1553	801.8434	3231.4294	913.7843	526.8571	306.00745	67.284676	355.1215	-0.25544453	500000	-1.001358e-08	203.07816	-0.025157131	-90.92203	0.40777373	0.012949448	0.156	0.018235996151342988	0.006206445807743552	79.0	1356.365257024765
125	3225.6064	36.99552	3287.3206	3194.4517	1000.0	335.05954	14.226856	354.8937	257.96396	504000	-3.027916e-08	68.89814	-0.005900576	-22.662788	0.3998732	0.017473591	0.20475	0.018543245885521174	0.005478290562822988	2.0	1366.3837151527405
126	1268.6981	254.47127	1796.1368	851.51874	368.1	286.0067	67.41384	352.623	11.72052	508000	-6.437302e-09	583.358	-0.0043625403	-262.23862	0.3993825	0.016129358	0.1725	0.017864164290949704	0.006062121530106765	2.0	1376.3500664234161
127	2048.392	778.42474	3312.4082	1030.2865	596.6667	308.81436	65.19176	354.00967	8.19079	512000	-2.6226044e-09	117.34765	-0.022735815	-45.873917	0.39878368	0.012410904	0.16075	0.0163623921899125	0.005833070794306451	79.0	1386.7907717227936
128	1769.4082	416.41403	2462.712	1324.5583	504.2857	300.88037	73.53728	353.4062	-3.000195	516000	7.152557e-09	110.97683	-0.015322727	-50.32325	0.38957167	0.0152301835	0.14	0.016080382340587677	0.006600487801918969	25.0	1397.0556480884552
129	2654.521	378.24973	3349.4746	2254.7363	751.6	316.18637	62.087273	355.45468	7.6222696	520000	1.192093e-10	104.80448	-0.024682978	-47.75715	0.386589	0.0121248225	0.141	0.01604939223267138	0.005303143644837033	79.0	1407.4377913475037
130	2309.7593	671.1469	3403.7146	1488.8522	660.6	321.72543	59.76699	357.7126	6.860746	524000	4.6491624e-09	97.477715	-0.008354279	-50.866104	0.38188592	0.015142037	0.13025	0.014971360708586871	0.005695030188367499	7.0	1417.694714307785
131	1613.7927	444.67886	2431.1038	971.98724	454.5	305.269	75.390396	358.5431	2.7460194	528000	5.2452087e-09	131.66144	-0.010088666	-61.808266	0.38023108	0.0153372865	0.1475	0.015079162577167153	0.005558487000948868	12.0	1427.7053079605103
132	1425.4288	409.1292	2152.163	904.071	399.8	292.57858	79.6966	358.4415	3.1156826	532000	-1.5497208e-09	107.79781	-0.026374372	-45.470905	0.37540752	0.011041633	0.1775	0.015048643299378455	0.005301761857146475	79.0	1438.0096769332886
133	1765.7684	583.98914	2799.326	1177.919	497.42856	304.209	70.64778	358.7079	10.473657	536000	7.390976e-09	113.92318	-0.026142254	-51.79783	0.36533955	0.015092942	0.168	0.014071093085221946	0.004570921176248815	57.0	1448.0343897342682
134	1897.8295	707.78925	3435.029	1109.2397	536.1429	316.43332	68.55291	359.83096	6.881123	540000	-2.026558e-09	63.551857	-0.022600261	-20.442333	0.35863155	0.013625278	0.16325	0.015578680080361665	0.005793809675442337	79.0	1458.0294079780579
135	2583.6187	1015.78577	3427.6956	1127.1307	753.4	335.30365	46.2718	359.03314	10.611173	544000	-2.1457671e-09	43.11564	-0.024720784	-11.297087	0.33875453	0.010587558	0.143	0.015251421048305928	0.0047859344878230375	79.0	1468.1028497219086
136	2151.6172	628.47473	3422.6418	1466.1345	601.3333	313.38327	66.21224	358.3543	5.415207	548000	-9.059906e-09	124.21932	-0.024306662	-57.43718	0.33341077	0.015086305	0.152	0.013782165134325624	0.00441928593912902	62.0	1478.1946263313293
137	2008.1416	1014.01984	3486.0493	996.4669	565.8333	322.46356	65.91628	360.40424	9.3527565	552000	-6.437302e-09	77.24065	-0.021708054	-20.169842	0.32670406	0.011648554	0.14175	0.014425309607759118	0.004715290168927171	79.0	1488.2851152420044
138	2112.0293	714.988	3375.701	1432.3337	602.0	330.353	58.242176	360.9879	4.554889	556000	1.168251e-08	90.03485	-0.025523532	-33.609898	0.32977867	0.009407458	0.161	0.012074504378251732	0.0035266747036599004	79.0	1498.5847690105438
139	2575.5276	848.92975	3450.678	1137.208	737.8	328.12787	53.993374	359.70306	2.0197983	560000	-2.8371812e-08	113.84195	-0.026371805	-41.865746	0.31597394	0.011382405	0.1585	0.014496698211878538	0.006397925505468725	79.0	1509.0065925121307
140	2421.8599	970.2795	3397.3171	1010.055	705.2	337.25656	46.288967	360.48688	5.346675	564000	-7.629395e-09	1575.0111	-0.0053837677	-207.66089	0.3002671	0.015989885	0.1935	0.013993453420698642	0.0054953450542265915	2.0	1518.9789757728577
141	3331.8918	31.126959	3371.0344	3290.4717	1000.0	337.23666	15.557305	356.39853	258.76675	568000	-3.2544136e-08	92.66515	-0.003962363	-64.48178	0.29957232	0.018592091	0.21125	0.013854948803782463	0.005370602567460469	2.0	1528.9484119415283
142	1284.5323	257.63705	1760.5037	970.4114	363.1111	304.59125	71.95165	356.12143	12.525328	572000	-1.4901161e-08	408.33255	-0.023143686	-308.58365	0.2994222	0.013219593	0.1465	0.013422865592874587	0.004298858172647763	79.0	1539.2973701953888
143	1478.4377	384.08673	2378.1697	989.0822	415.625	303.2942	72.746056	356.99402	7.377408	576000	6.6757204e-09	146.98288	-0.0039225724	-43.935783	0.2941947	0.015651692	0.1785	0.01305087513756007	0.0042816303815760084	2.0	1549.1720056533813
144	3305.1296	41.95875	3374.318	3263.6248	1000.0	348.83353	14.681018	358.45407	263.4706	580000	2.6226044e-09	111.63108	-0.0035680074	-87.41107	0.29382783	0.018766705	0.286	0.014016948216594756	0.004974921411826507	2.0	1559.0463621616364
145	1007.7754	432.4769	1683.8704	266.6436	297.07693	289.45746	67.84079	355.22235	6.538683	584000	1.525879e-08	4787.9106	-0.0036584765	-1616.4866	0.2935601	0.019915788	0.253	0.01237560661509633	0.004178083418903791	2.0	1568.8525607585907
146	878.7717	116.56447	1117.9825	701.86444	254.26666	240.61494	77.47044	348.04565	-3.0250893	588000	3.5762786e-09	633.3461	-0.0105058905	-472.4607	0.29330108	0.015053149	0.16775	0.012079281052574515	0.0044464549421387445	10.0	1578.6914021968842
147	916.8158	69.38075	1000.5218	775.40295	264.5	256.54086	78.71772	345.47656	0.14543009	592000	6.556511e-09	235.6184	-0.025842406	-68.613754	0.29218784	0.01147963	0.18775	0.013404073580168187	0.00503750981580694	79.0	1588.9668138027191
148	1018.7148	106.05499	1206.909	771.92535	289.6154	259.75894	79.4706	349.3777	-0.688467	596000	1.835823e-08	136.70987	-0.023198089	-63.59881	0.282644	0.015195085	0.1585	0.012355824396945537	0.004775948651344385	62.0	1599.2249612808228
149	1215.2626	210.6354	1619.9575	898.08295	341.63635	279.0007	75.828354	354.85507	8.709267	600000	1.2397766e-08	153.23033	-0.025869928	-67.858734	0.27772367	0.0151593685	0.163	0.011603749031201005	0.005766577669407529	63.0	1609.3091833591461
150	1288.0674	594.41156	3120.822	899.34326	361.18182	281.25705	81.53425	356.55206	0.1112051	604000	-1.4305114e-08	160.06346	-0.003368876	-63.068306	0.2718671	0.017162245	0.2465	0.010566352466121316	0.004118867924711191	2.0	1619.1869821548462
151	3310.2354	5.669554	3315.6272	3300.9692	1000.0	346.57245	17.184088	359.6456	259.16705	608000	-3.8146974e-09	136.46895	-0.017803391	-105.0069	0.27180862	0.01037072	0.1365	0.01312084793113172	0.005117486669374477	79.0	1629.3931579589844
152	3292.1108	34.028374	3346.8022	3253.3308	1000.0	338.09662	14.326102	358.40405	258.385	612000	5.1259996e-09	52.785152	-0.002616482	-13.942802	0.27081072	0.016481144	0.19575	0.013249920490197837	0.004984247662718531	2.0	1639.1523978710175
153	1176.353	396.07144	2271.1157	759.20483	328.41666	283.09967	80.15587	358.1008	9.738058	616000	-2.3841858e-08	206.1472	-0.016094957	-116.450386	0.27105266	0.015236187	0.16325	0.012125019589439035	0.004014194097831193	23.0	1649.051218509674
154	1393.8901	409.84763	2280.7346	1002.62524	386.0	293.64264	76.443596	359.1981	8.646121	620000	1.34706495e-08	130.42787	-0.002997228	-49.637077	0.2727294	0.017282609	0.2295	0.01303230935242027	0.004920311991646725	3.0	1659.2207691669464
155	3327.071	215.3555	3501.0662	2959.2625	966.0	343.95187	34.16205	360.06326	5.3303084	624000	-1.3411046e-09	98.0098	-0.019751258	-21.177597	0.27287197	0.0058480357	0.13375	0.012369998367503285	0.0034830208176454616	79.0	1669.7450680732727
156	2169.0303	1047.123	3477.7046	1074.0559	619.0	334.25482	50.42097	361.53885	3.653994	628000	1.2814999e-08	61.76912	-0.0046749585	-16.949352	0.27514076	0.019314056	0.2225	0.01309532676357776	0.0038728241128601786	3.0	1680.133050441742
157	1833.5309	932.94135	3446.0298	1114.9052	511.7143	319.56555	69.02553	362.02057	1.0490232	632000	-1.1116266e-08	71.93371	-0.02349432	-29.03017	0.27393714	0.010152131	0.14775	0.012192730926908552	0.005079814156808043	79.0	1690.788940668106
158	1430.6626	380.2919	2208.0398	1010.127	395.1	297.10654	79.26623	362.01804	3.8074532	636000	1.2159347e-08	68.85441	-0.025322087	-21.160572	0.2632637	0.013989822	0.163	0.011168336109258235	0.0037250981428193983	79.0	1700.9575200080872
159	2160.032	698.42377	3489.502	1329.1016	600.6667	324.45346	63.40237	361.50412	8.62174	640000	-1.07288365e-08	70.1688	-0.026966771	-30.895973	0.25560105	0.012589014	0.18325	0.013746358538046479	0.005543031185859963	79.0	1711.0517168045044
160	1215.9364	326.83105	2115.0557	995.86993	334.9091	287.47177	81.14289	363.65457	-0.82453394	644000	4.2915342e-09	98.188065	-0.026065823	-50.065212	0.23393504	0.012553841	0.17225	0.012365213129669428	0.0048648029776670095	79.0	1721.2466168403625
161	1566.6272	797.72797	3620.4907	1004.7264	427.5	311.0098	73.317276	363.82217	9.408417	648000	-3.3378602e-09	42.84188	-0.026122373	-11.59746	0.21162175	0.013034551	0.16375	0.011113907024264336	0.00390951995271212	79.0	1731.4181776046753
162	1494.8784	524.9827	2643.3044	1023.57104	406.77777	306.02344	77.555016	364.1491	-1.9059334	652000	1.692772e-08	48.469	-0.0012845423	-12.892166	0.19124782	0.018490974	0.22025	0.013335390146821738	0.0062260796481601825	2.0	1741.2986862659454
163	3333.9102	23.391705	3370.2234	3304.8733	1000.0	353.19293	15.5213175	365.33627	265.7966	656000	2.3841858e-08	144.52809	-0.001519272	-110.553116	0.19093579	0.021104485	0.21775	0.012609845125116408	0.004764831921026153	2.0	1751.0174374580383
164	1803.0154	663.27435	3053.6382	1182.7886	489.75	306.73383	72.30823	362.827	-1.3650107	660000	-7.7486035e-09	184.33846	-0.024718028	-123.03224	0.19068997	0.011568931	0.16325	0.012624205690808594	0.0049830624593808414	79.0	1761.1757283210754
165	2646.6562	1109.5829	3618.622	1171.2942	741.4	346.34125	46.526516	366.7271	2.4900432	664000	1.0669232e-08	82.45903	-0.022334004	-43.17891	0.17144078	0.0098716905	0.1535	0.011320879058912397	0.0036422770027041743	79.0	1771.2721853256226
166	2178.384	846.841	3536.507	1259.2959	603.6	334.88968	58.15798	367.2007	-3.3598995	668000	1.0967255e-08	248.11378	-0.022812512	-94.69626	0.16934521	0.012985574	0.187	0.012787753171287476	0.00443782954326485	79.0	1781.3844180107117
167	2073.3208	890.6273	3508.085	1258.3234	571.2857	322.77457	71.890816	366.90607	0.41458654	672000	-1.0728836e-09	116.01489	-0.010406822	-45.733093	0.15258425	0.016039696	0.188	0.01180055169854313	0.004294343693291696	10.0	1791.0533607006073
168	1909.3336	771.52954	3118.0303	1045.9475	521.7143	323.50037	70.33724	367.35443	-3.4110665	676000	9.536743e-09	372.2905	-0.023985486	-74.28674	0.15389141	0.0127217695	0.16	0.011525484640151263	0.004353600694807122	79.0	1801.1508111953735
169	2830.975	950.00885	3617.3887	1054.3457	768.2	326.68863	66.58173	365.8405	7.0282187	680000	5.841255e-09	126.35556	-0.023893552	-79.21396	0.15043579	0.008335404	0.14925	0.009910893384367228	0.0033944684907038798	79.0	1811.1594700813293
170	1794.7153	740.3347	3549.0022	1156.964	495.625	322.91528	74.956924	369.17236	-2.6098213	684000	-1.8298627e-08	154.54791	-0.0029909534	-81.67565	0.15575585	0.020751294	0.2265	0.010743777179159223	0.004255036706447263	2.0	1820.880383491516
171	3439.945	29.11579	3468.6462	3392.5046	1000.0	356.11685	15.634571	367.30542	265.95648	688000	1.8835069e-08	31.316542	-0.0009060762	-12.022844	0.15613744	0.02015852	0.269	0.011238406575284899	0.004122405738915043	2.0	1830.5832929611206
172	2030.7545	930.68396	3558.4116	1206.5701	560.0	316.43137	67.91288	364.96008	16.29647	692000	-8.8214875e-09	286.61148	-0.011656799	-148.60045	0.15641911	0.015055321	0.19125	0.010599396922625601	0.004493803409538297	12.0	1840.188640832901
173	1212.3071	172.08806	1571.5596	1038.2203	331.27274	292.3868	78.43467	368.7358	-9.0462475	696000	8.8214875e-09	214.56946	-0.025006246	-114.83243	0.15530093	0.013206566	0.16275	0.01045176156796515	0.004144786703299482	79.0	1850.176961183548
174	1561.2859	689.39453	2763.2375	108.029884	425.77777	308.16513	75.80873	367.1298	2.5832376	700000	2.2411346e-08	1040.2742	-0.00404118	-135.07751	0.1475266	0.017655456	0.2145	0.011052949139848351	0.00444791719687289	3.0	1859.764562368393
175	2732.4844	787.91	3570.3523	1459.3306	753.8	342.37692	53.809937	367.27798	-9.299276	704000	-1.692772e-08	147.36647	-0.01747415	-110.723145	0.1469559	0.015081853	0.1295	0.010687703429721297	0.004041771525851956	43.0	1869.5423486232758
176	2515.4766	976.8543	3547.0696	1193.6741	691.6	339.77344	61.919342	371.9702	-4.9276004	708000	1.9788741e-08	151.6749	-0.008146447	-49.915916	0.13914357	0.015995827	0.16075	0.010261932681314647	0.0034306116009889505	8.0	1879.1957635879517
177	2754.1694	839.5728	3557.142	1353.0598	763.25	348.2863	45.887306	371.00537	13.252094	712000	1.6450882e-08	376.20496	-0.0033830705	-313.53183	0.1380375	0.018319301	0.23325	0.010618940051645041	0.004078081068631025	3.0	1889.0526990890503
178	3211.622	573.98486	3570.2976	2218.2585	904.0	354.21204	40.640938	371.33957	0.13162613	716000	-1.3828277e-08	80.38845	-0.022320742	-48.879265	0.13826382	0.011861789	0.18825	0.01081155974417925	0.004171932319879647	79.0	1899.4327943325043
179	2800.2056	907.6029	3579.0063	1578.0193	776.4	337.8707	55.098976	371.3947	6.4200006	720000	-2.6464463e-08	358.22238	-0.016019035	-207.63924	0.13202092	0.015359995	0.149	0.009059845090378075	0.003608166362288921	24.0	1909.3633897304535
180	2196.2002	858.74255	3532.682	1403.9208	605.5	330.21014	65.67696	370.7686	-1.0654149	724000	4.7683717e-08	138.49806	-0.007869669	-52.491554	0.12401835	0.015464705	0.231	0.010338769513182341	0.0041864122630758316	8.0	1919.2069439888
181	1822.5537	256.1674	2150.275	1277.5564	492.875	308.08514	79.25719	368.48077	3.6253648	728000	3.0994416e-09	223.94376	-0.0076603587	-149.83229	0.121755466	0.016142778	0.1695	0.01041346115525812	0.0037816462272671704	8.0	1929.068921804428
182	2825.7393	910.5562	3561.2917	1358.1831	793.0	349.41483	40.11007	369.4186	2.9687223	732000	-2.1219254e-08	214.7141	-0.013853733	-133.17392	0.11982621	0.015771953	0.17075	0.011342190476134419	0.004562755403140578	17.0	1938.9830062389374
183	1670.3505	435.17834	2579.2068	1131.5428	454.125	306.4691	85.258896	370.12076	2.0880618	736000	2.4795533e-08	377.9585	-0.0074360226	-313.83322	0.11669174	0.015656346	0.16	0.010513755767606199	0.005072682001349058	7.0	1948.778775691986
184	3316.7458	324.36417	3524.3606	2755.351	939.25	350.89218	33.213917	368.65945	-8.858038	740000	-7.450581e-09	57.076534	-0.00091319875	-34.479546	0.11732592	0.01903372	0.2775	0.012794248810969293	0.006267746563659244	2.0	1958.5354387760162
185	1050.6667	147.89288	1244.7451	746.35596	291.3846	277.90292	83.23975	365.80804	20.355585	744000	-8.314848e-09	688.019	-0.02458472	-462.10388	0.11695541	0.011900581	0.16525	0.012777993339113891	0.004314371566676877	79.0	1968.6221022605896
186	969.17285	66.58574	1063.6511	858.62036	271.7857	267.9179	80.73834	360.8946	-10.184677	748000	-1.3232231e-08	291.18106	-0.0044673863	-157.29474	0.11986687	0.016986813	0.18225	0.011473761009983718	0.005178496200018339	2.0	1978.2954983711243
187	921.08936	686.9052	2284.677	86.9548	261.5	292.17776	71.85218	360.2119	-8.130396	752000	-1.6033649e-08	4507.0405	-0.0138112195	-1448.0867	0.11977594	-8.240282e-06	0.13025	0.012028525182977319	0.0051441941704463146	79.0	1988.5334074497223
188	1004.8371	704.3307	1961.8228	87.419014	287.25	294.33893	78.31734	364.93777	-3.834186	756000	-8.8214875e-09	2592.445	-0.01669461	-237.82031	0.11949778	0.012996439	0.15675	0.013373289732262492	0.006131153233741795	79.0	1998.649670600891
189	1855.4237	1005.8223	3518.3748	84.96331	519.4286	312.46368	74.930916	367.06662	2.5755124	760000	-1.3947487e-08	1118.75	-0.014380626	-283.09924	0.1196893	0.01234469	0.1155	0.013502709460444748	0.00615859117325976	79.0	2008.6757843494415
190	1406.3799	602.09595	2059.7344	91.17284	391.125	310.1495	77.81849	370.98843	-5.2926545	764000	-2.384186e-10	924.51526	-0.0033026037	-64.84027	0.10862081	0.017303854	0.25575	0.012546163434162736	0.004882334327551849	3.0	2018.3651416301727
191	1607.4283	387.54755	2569.3882	1123.5013	436.1111	294.47833	82.12452	370.6744	-3.8729453	768000	-8.642673e-09	489.38965	-0.010145464	-413.5986	0.1095914	0.016331684	0.16875	0.011442212108522653	0.005510363261167277	8.0	2028.0224287509918
192	1125.9211	107.44446	1423.414	1016.3472	308.75	291.3878	83.32016	369.29813	0.29450703	772000	-2.4080277e-08	247.0358	-0.00072882004	-78.83493	0.10779309	0.017028002	0.21375	0.011967563154175877	0.004774369869689052	2.0	2037.6539871692657
193	1683.1908	444.3792	2555.7	1097.3766	456.375	307.19226	73.522545	360.7159	-8.12374	776000	-8.8214875e-09	206.39928	-0.000882796	-96.1675	0.10760128	0.021840798	0.304	0.013171025714837015	0.0059989557581424414	2.0	2047.4289197921753
194	3459.629	72.6113	3581.0208	3392.2827	1000.0	356.7738	15.696575	370.8719	256.88785	780000	-2.849102e-08	110.92311	-0.02057965	-54.518604	0.10665902	0.010134714	0.13625	0.01222079260274768	0.00405496931500482	79.0	2057.6880300045013
195	3481.6338	41.697704	3531.6665	3418.4177	1000.0	355.70657	16.867327	373.58597	256.35547	784000	7.7486035e-09	60.13736	-0.0008197477	-11.951706	0.09798097	0.015772365	0.2235	0.01212559518404305	0.003926349741918453	2.0	2067.446284532547
196	1975.1301	834.86707	3586.9026	1106.0298	534.1429	324.97232	72.43266	373.4953	8.205994	788000	2.5868415e-08	237.70984	-0.02478854	-118.8519	0.09768197	0.012694122	0.147	0.011423039454966784	0.00494494088339292	79.0	2077.463418483734
197	1419.5319	142.16742	1687.7015	1139.5774	381.2	300.29343	84.49432	373.28726	8.545791	792000	2.2649764e-09	238.98837	-0.016903855	-167.38159	0.10544979	0.015028349	0.1445	0.012314219772815705	0.0049976678979988835	33.0	2087.2426331043243
198	1506.7383	485.2995	2566.4902	1124.4038	406.22223	311.23477	77.81893	369.30615	-0.43442774	796000	1.1444092e-08	171.7641	-0.025800494	-80.31245	0.1059283	0.009852739	0.13425	0.012108821305446327	0.0045841883725524675	79.0	2097.3361599445343
199	1697.0657	734.1355	3346.758	1039.632	457.125	314.34598	75.45976	372.9741	13.044195	800000	-1.4781952e-08	135.16519	-0.022298595	-49.694473	0.09904285	0.009540753	0.15375	0.010055949012748897	0.003529268413156953	79.0	2107.432786464691
200	1614.2982	766.5	3384.4155	1058.7057	444.22223	315.1298	77.5176	375.24158	4.053606	804000	3.2901763e-08	99.39104	-0.02541035	-37.896824	0.091325045	0.008979545	0.15325	0.010530082399491221	0.004319478707215848	79.0	2117.4671914577484
201	1636.7578	327.74008	2270.1094	1157.5739	440.0	311.05396	79.19124	373.06827	0.060297966	808000	-2.002716e-08	165.92398	-0.024784466	-50.8869	0.08492441	0.012178325	0.16775	0.010355930691584945	0.005131610405636636	79.0	2127.908646583557
202	2105.0256	995.857	3506.62	1089.3901	586.0	337.84497	59.647896	374.80496	9.197201	812000	3.7550926e-08	47.78696	-0.028445052	-15.237011	0.08337259	0.011287926	0.178	0.010170990354381501	0.003728210044821465	79.0	2138.4199364185333
203	2744.1118	1081.4313	3640.729	1314.3458	752.8	349.25464	46.92955	375.51337	11.630658	816000	5.00679e-09	80.31021	-0.022905186	-36.27475	0.07067029	0.0113085015	0.1605	0.011810068199411035	0.004926434013911417	79.0	2148.820102930069
204	2806.482	981.29474	3658.8748	1409.8888	772.2	353.38235	46.809654	378.19528	14.087975	820000	4.1723253e-10	46.97579	-0.02184592	-14.293369	0.06029185	0.009600877	0.14625	0.009579872651956976	0.0034987665588093473	79.0	2159.0445322990417
205	1848.7178	541.51514	2618.2715	1268.7871	494.625	323.37006	76.26481	378.02142	4.45422	824000	3.8146974e-09	96.37857	-0.029195728	-43.650166	0.054847	0.014809324	0.19075	0.010003738184459508	0.0038753135707051824	79.0	2169.0492703914642
206	3524.666	43.20193	3588.5217	3476.7822	1000.0	363.0087	15.894605	377.29968	269.85703	828000	2.8133393e-08	31.46635	-0.008460448	-9.660213	0.045071404	0.015773201	0.16175	0.009421076192520559	0.0031806916902625305	6.0	2178.9189400672913
207	1603.602	586.1916	2784.6067	954.9759	432.66666	311.12555	80.32933	375.7844	4.786356	832000	-5.6743623e-08	181.22063	-0.022821637	-116.57345	0.045076255	0.01539104	0.174	0.010670661746989935	0.004451815326120164	70.0	2189.1290848255157
208	1438.7325	494.68222	2140.801	674.53296	391.4	302.65344	83.49314	375.061	-2.692896	836000	1.5616417e-08	184.27704	-0.02215285	-69.45486	0.0553999	0.015016259	0.17675	0.009622683357447386	0.0036737065598700805	57.0	2199.531695127487
209	3550.8706	17.969915	3575.636	3526.3518	1000.0	366.40094	18.086884	377.61673	261.90265	840000	8.3446505e-10	29.88509	-0.023652766	-16.959257	0.04790469	0.013872931	0.14325	0.010624851449392736	0.004033687376005315	79.0	2209.8172974586487
210	2887.2388	728.2328	3560.537	1793.331	782.2	340.6473	61.202633	376.2968	-3.8795662	844000	-3.8146972e-08	54.434296	-0.010539028	-37.715115	0.05741907	0.015186574	0.14425	0.009681021352298558	0.003705845099456088	12.0	2219.7759947776794
211	2094.6394	918.4013	3562.9905	1136.9762	574.8333	336.53946	66.68143	377.48166	-8.826633	848000	4.172325e-08	96.13122	-0.00247096	-37.962276	0.052954555	0.015009512	0.157	0.010831961072981358	0.0044757224267270405	3.0	2229.7053451538086
212	2609.7173	1171.3315	3559.2568	852.8432	731.2	351.17624	49.14406	377.66284	3.2102246	852000	-4.053116e-09	68.599915	-0.02506007	-36.154778	0.05105814	0.01569044	0.215	0.009131243810988962	0.0037292599380218954	67.0	2239.933449983597
213	1988.4972	919.4909	3595.6375	1061.3298	541.8571	333.37082	69.07137	376.72885	-6.5446243	856000	2.5629998e-08	193.9722	-0.025137005	-134.39906	0.047551874	0.014937621	0.1565	0.009462948339059949	0.004906325414876773	79.0	2250.312304496765
214	1212.4072	275.7355	1694.2897	887.4279	332.54544	289.97067	83.017395	376.24686	7.5014687	860000	-5.2452087e-09	158.13922	-0.00580748	-76.70792	0.055178244	0.015324726	0.1715	0.01039640475064516	0.005293365531536414	4.0	2260.475750207901
215	1182.1321	253.34512	1575.6919	719.47375	326.66666	285.02304	83.10542	372.0468	-9.150842	864000	1.1086464e-08	107.97576	-0.013501746	-38.154938	0.05441284	0.015211159	0.1615	0.008952162668574602	0.00396750661807734	11.0	2270.7752141952515
216	1149.7562	116.323395	1300.5427	969.5106	312.91666	285.38324	83.158035	369.5352	1.8020363	868000	-2.0980835e-08	103.88778	-0.007531962	-64.84184	0.05441443	0.015182503	0.165	0.008857121185865253	0.0031467839053617177	5.0	2280.751480102539
217	1447.8468	561.1498	3085.3142	974.367	392.2	298.4487	78.50403	365.0439	-2.7499876	872000	-5.1259996e-09	100.50932	-0.001421782	-41.27311	0.053084288	0.026130063	0.3075	0.008707275073975325	0.003554262511079955	2.0	2290.83421087265
218	3444.5508	3.8582075	3450.6702	3440.1729	1000.0	357.97522	16.32052	375.1884	266.6036	876000	-1.1444092e-08	75.48161	-0.021223577	-55.2394	0.052577928	0.00950515	0.142	0.010271079544909299	0.0032815993425756485	79.0	2301.471337556839
219	3478.76	11.65985	3494.3704	3464.2495	1000.0	353.82425	14.443093	369.52396	265.86874	880000	1.0251999e-08	26.989195	-0.013549023	-12.257712	0.056696814	0.015546284	0.15375	0.00958011472132057	0.0031966811406809303	23.0	2311.5851011276245
220	3496.216	5.1560025	3504.274	3490.407	1000.0	357.06412	14.846152	370.44574	267.7703	884000	1.0251999e-08	21.75844	-0.00015025068	-5.674097	0.060904343	0.016317217	0.17975	0.010997618767432868	0.004467746147565012	2.0	2321.469643831253
221	1112.5398	159.20187	1359.8916	859.26	304.46155	284.12244	81.38215	368.55457	2.8889236	888000	-1.0490417e-08	197.86403	-0.022182127	-128.93051	0.06118035	0.015268763	0.1585	0.01093498434871435	0.004576105607730568	77.0	2331.8309276103973
222	1570.8976	681.5215	3259.9905	994.96704	423.375	312.50018	73.884224	369.0087	-36.471645	892000	-1.9550324e-08	241.35603	-0.020449856	-151.47577	0.06705129	0.015268231	0.19	0.012020623455755412	0.0062443536864874635	48.0	2342.022679567337
223	2385.995	1185.0581	3582.2812	1068.0571	662.8333	345.1098	54.19551	375.26526	9.402817	896000	-9.059906e-09	74.94015	-0.023902796	-30.083405	0.059859395	0.015178077	0.17825	0.011851150642614812	0.005133406755561065	67.0	2352.347893476486
224	1744.9042	787.33636	3574.9583	1062.2318	479.0	331.97223	71.0902	375.8459	-4.854853	900000	-3.5762786e-09	127.07589	-0.0028172843	-90.72273	0.04838387	0.021002034	0.2455	0.012233984726481139	0.004740991138938633	2.0	2362.300780773163
225	1299.8594	905.3629	3563.9338	93.40283	360.27274	309.4858	80.36813	376.31033	-9.939716	904000	1.4066696e-08	1944.0337	-0.0056223175	-420.64807	0.048046548	0.01755389	0.21375	0.0116149521805346	0.005109517687281453	6.0	2372.1478056907654
226	3429.9072	144.07751	3528.808	3181.041	978.5	356.87628	34.629482	375.30362	28.622627	908000	1.4305115e-09	931.9687	-0.011370562	-552.4752	0.048800945	0.015235552	0.2105	0.011924448870122433	0.004890143157389871	16.0	2382.1722202301025
227	2294.0151	1065.9358	3594.6821	1087.6519	636.4	337.30725	62.27588	372.33722	-11.035826	912000	-1.9669534e-08	311.219	-0.024452334	-251.94724	0.04632795	0.013082124	0.2015	0.01091597811318934	0.003691463381127022	79.0	2392.5545234680176
228	2286.601	1237.3123	3549.8967	968.7808	644.6667	343.35794	53.143566	378.0858	7.5469413	916000	-1.0490417e-08	106.43712	-0.020907147	-47.21144	0.0257773	0.015020609	0.16	0.011443455561529845	0.005420405660248554	46.0	2403.2055299282074
229	1925.8693	1054.4418	3580.323	1040.9274	533.1429	328.6773	70.68085	377.30167	4.881865	920000	4.1007997e-08	164.82689	-0.017041305	-95.91516	0.01565031	0.015313064	0.16475	0.010092341150157154	0.00403577714426883	40.0	2413.185341835022
230	1254.2102	407.37747	2355.1716	841.6169	342.9091	291.23358	83.510506	373.5714	20.085266	924000	2.5987624e-08	188.12224	-0.0018864071	-99.22715	0.010021526	0.016468996	0.1965	0.01104873868636787	0.006026523144918622	2.0	2423.1449794769287
231	2242.6284	753.31885	3404.8298	1493.817	648.8	340.37112	66.134796	378.28085	4.292227	928000	-2.5629998e-09	804.98883	-0.01162581	-507.84927	0.009368657	0.01629763	0.24325	0.011919365604408086	0.005990919501043067	13.0	2433.3594014644623
232	2840.698	742.9396	3510.408	1699.2826	797.5	337.85724	43.911148	366.82812	-10.58931	932000	-2.6702882e-08	207.70815	-0.025064455	-174.46704	0.008536895	0.015263455	0.1725	0.01167414232622832	0.005791502202601104	72.0	2443.783500432968
233	2412.9607	1403.554	3553.9287	127.85142	690.8	353.14767	33.740997	373.5016	9.338739	936000	1.4722347e-08	1104.4904	-0.0151271485	-178.69489	0.014734427	0.0044363444	0.13075	0.011329879546537995	0.0052539223227120666	79.0	2454.3488297462463
234	2803.0488	893.5752	3546.2202	1541.8247	785.6	341.45084	56.430008	373.8795	-3.5794683	940000	5.1259996e-09	292.73828	-0.0017774617	-271.57596	0.014421463	0.01677286	0.1655	0.009137784463819116	0.0035675173876330473	2.0	2464.541178226471
235	1072.0752	633.4132	2517.2488	93.46591	299.76923	295.3412	80.24862	375.7334	7.330181	944000	5.4836273e-09	3280.4937	-0.004198299	-798.219	0.014305236	0.015162264	0.212	0.012300771931186318	0.005375944297274098	3.0	2474.926933526993
236	1092.0491	572.2378	1779.9866	94.091515	301.76923	280.8833	78.53372	363.63968	-0.40867853	948000	-5.3048135e-09	2556.786	-0.001887214	-144.59253	0.014408866	0.01941238	0.2595	0.010319793538656086	0.004005174441891699	2.0	2484.920863389969
237	2200.0403	953.52014	3555.5457	1287.0806	615.8333	330.931	64.053734	373.93555	1.6655054	952000	2.6106834e-08	466.90884	-0.0061953436	-258.75464	0.014410416	0.015621902	0.15125	0.00996373440604657	0.0039011140707561607	4.0	2494.95894408226
238	1438.7849	251.2961	2016.3192	1140.556	390.4	300.14676	82.06094	368.58255	-0.79976606	956000	-3.361702e-08	164.20705	-0.011950081	-90.626724	0.01258838	0.0150980195	0.11225	0.010354891209863127	0.0040492109138886906	16.0	2504.841849088669
239	1145.7008	239.97069	1786.2288	876.2575	317.0	290.96735	78.288925	365.9581	17.717356	960000	1.2874604e-08	341.90427	-0.0026845036	-240.7865	0.008062602	0.015414031	0.172	0.009402892070356756	0.004594003818704462	2.0	2514.4819729328156
240	1322.932	234.37341	1802.0123	925.1698	364.6	293.48575	83.05128	366.59177	-9.710224	964000	-9.417534e-09	167.89795	-0.002351793	-62.06823	0.0073976903	0.016859801	0.198	0.009592522459570318	0.003962580413236851	2.0	2524.1841208934784
241	1396.3197	273.87753	2132.2842	1171.2915	377.2	295.77466	78.4148	366.55136	3.8779993	968000	9.059906e-09	135.77646	-0.009836836	-82.22249	0.007097364	0.01530171	0.1565	0.009597439940553159	0.004644008540037354	12.0	2533.9879519939423
242	1371.4963	141.94794	1762.1802	1222.2456	374.5	299.55618	79.67154	366.23352	8.124258	972000	2.8848648e-08	50.048416	-0.0119699435	-20.887793	0.0038369095	0.015364123	0.18625	0.010404776078648864	0.004764410482091253	10.0	2543.6521537303925
243	1468.7311	847.4877	2620.1843	94.19715	401.0	312.0665	73.1729	365.88702	-4.2164645	976000	-1.4662743e-08	1983.2388	-0.014540288	-463.57275	4.2955082e-05	0.007309902	0.151	0.008944138593506068	0.004452234739946664	79.0	2554.1193861961365
244	1480.6575	362.95624	2213.751	1084.205	400.0	298.3951	82.19597	375.12433	-4.549135	980000	4.529953e-09	371.71774	-0.007111247	-299.95752	0.0053623123	0.0152990185	0.1455	0.00861155174439773	0.0038915399544759105	8.0	2563.8282549381256
245	1829.0159	683.4619	3579.5193	1314.9059	496.5	322.41223	73.397644	376.07358	-11.105898	984000	1.9669534e-08	112.58329	-0.0014448707	-51.111984	0.00704368	0.015617227	0.19875	0.008859302056953311	0.0036633517737954726	2.0	2573.8231921195984
246	1809.7808	960.973	3667.7576	130.78082	492.5	323.62677	73.85788	377.49393	10.332384	988000	-2.682209e-08	1145.5662	-0.016497882	-138.69458	0.007374843	0.0070102615	0.14425	0.00840726789785549	0.003177949399048967	79.0	2584.4239649772644
247	2107.1506	786.744	3724.469	1047.3541	567.1429	318.499	76.83071	375.6821	1.6717162	992000	3.2782554e-09	217.04225	-0.018386822	-156.07864	-0.007776936	0.015112343	0.1595	0.008129458036273718	0.0031603761202646705	38.0	2594.2742071151733
248	1991.6926	828.78595	3566.5015	1044.292	539.4286	324.3563	75.02039	377.9118	-0.4141655	996000	1.502037e-08	112.36792	-0.02512067	-39.31433	-0.016788086	0.007920576	0.162	0.008801127013284712	0.0038558912752634277	79.0	2604.449264526367
249	3242.0242	558.2175	3573.2114	2275.2422	903.75	355.97253	39.092625	376.92874	2.151453	1000000	-2.9802322e-08	25.81903	-0.024032056	-10.848285	-0.023023251	0.012388688	0.1655	0.008924541641026735	0.003972034797268423	79.0	2614.472980737686
250	1683.3923	342.89148	2206.9917	1155.7668	453.57144	324.26895	73.46413	375.7659	-7.8964624	1004000	-5.4478644e-08	69.61899	-0.0015527236	-22.651028	-0.03754663	0.017426128	0.2465	0.00884506369708106	0.0037539077775289075	2.0	2623.989338159561
251	3450.52	9.866139	3462.0688	3437.0684	1000.0	364.71573	16.688763	376.53543	269.55365	1008000	-4.220009e-08	128.98416	-0.0039365944	-99.07291	-0.03770951	0.015286187	0.2045	0.00945665137609467	0.004483784833090635	3.0	2633.630303621292
252	2020.7715	705.8978	3563.5425	1450.4952	548.8571	316.2594	72.175125	370.96912	-0.8694687	1012000	4.053116e-09	264.45966	-0.021005373	-238.45436	-0.037690718	0.015094287	0.17425	0.008866307463031263	0.0037843596955027714	36.0	2643.60582447052
253	2841.2231	850.7577	3611.7827	1519.2278	775.6	341.82382	59.56825	377.35327	7.6665516	1016000	1.513958e-08	27.734976	-0.025051432	-6.625757	-0.050664026	0.008191508	0.16875	0.008823073778767138	0.0038938743106955074	79.0	2653.6871287822723
254	2337.395	834.7067	3362.636	1308.6602	631.8	335.89468	63.814457	375.81906	3.4531527	1020000	-8.106232e-09	101.15946	-0.0017718303	-54.74664	-0.057330206	0.016419832	0.25175	0.008425870263017714	0.004024935353145044	2.0	2663.3914499282837
255	3511.3447	19.001333	3531.8533	3490.1753	1000.0	368.3294	17.67532	378.561	267.35635	1024000	3.3020974e-08	68.25464	-0.0021878087	-51.13419	-0.057225425	0.016231945	0.203	0.009196552962530405	0.0038169283903337946	2.0	2672.9895856380463
256	1249.8917	517.6543	2081.9143	139.54424	346.0	295.86606	78.01476	371.237	2.6823044	1028000	9.059906e-09	1449.9847	-0.0018052936	-364.08398	-0.056857184	0.01511756	0.1965	0.00940212419256568	0.0034882854503718074	3.0	2682.645270586014
257	1532.4784	446.92096	2620.7651	964.2816	421.33334	302.46884	79.937225	370.34802	-11.515127	1032000	-4.2915342e-09	355.77985	-0.01246368	-149.6304	-0.056712788	0.015368871	0.189	0.009390858344268053	0.0045593722573214705	14.0	2692.893831729889
258	1904.3546	565.68195	3051.8315	1253.2999	520.1429	313.19418	76.47373	375.17947	-9.883062	1036000	-1.4066696e-08	193.80365	-0.0018661363	-83.23656	-0.05985392	0.016933735	0.21425	0.01094413491897285	0.0044317544643622635	2.0	2702.6313927173615
259	3514.5889	13.5227165	3528.1436	3497.2654	1000.0	366.1383	17.301228	378.14807	267.5255	1040000	6.437302e-09	47.634163	-0.012299853	-35.35829	-0.060938958	0.015203267	0.14025	0.008748763946350664	0.003684441358240455	46.0	2712.722013950348
260	3538.2036	14.113822	3553.2725	3523.3225	1000.0	362.55087	18.440128	376.8612	263.0533	1044000	1.3232231e-08	24.3745	-0.019524507	-10.41252	-0.059727583	0.015341522	0.17725	0.008520224501844496	0.003604939923308223	49.0	2722.7505643367767
261	3526.0374	30.709278	3574.6995	3493.393	1000.0	362.5214	17.781279	377.30847	263.1774	1048000	1.9073487e-09	39.00478	-0.00019554043	-10.6543865	-0.07601087	0.021928897	0.31925	0.011327706405427306	0.006121512327043129	2.0	2732.6342282295227
262	1234.3756	194.61865	1760.8112	1014.8756	344.54544	288.51392	88.855576	373.5865	-13.45178	1052000	2.8967857e-08	298.98947	-0.021693042	-243.33272	-0.077213295	0.009585792	0.1875	0.010000382156576962	0.004338963717854192	79.0	2743.0270113945007
263	1175.3118	176.19789	1499.5283	901.5816	326.66666	282.52658	81.15901	372.39407	2.7181005	1056000	3.671646e-08	87.35948	-0.026952287	-30.987522	-0.08417007	0.013119818	0.1815	0.01142679772572592	0.005203780088264962	79.0	2753.159913778305
264	1125.9255	158.62038	1454.2144	965.963	314.25	279.51486	82.23908	366.19653	-2.0810194	1060000	-2.2768974e-08	96.108864	-0.026851987	-27.911713	-0.08917261	0.013410296	0.1825	0.00946464811451733	0.004007561808828135	79.0	2763.287432193756
265	1095.0897	120.99757	1348.6808	912.94574	305.69232	275.41534	83.473785	367.40918	0.41528654	1064000	5.00679e-09	72.953896	-0.010537145	-24.478615	-0.108147345	0.016668944	0.1935	0.008133482385892421	0.0031088803097715726	5.0	2772.995918750763
266	1823.3773	751.46466	3511.4072	1162.3049	495.25	315.59543	66.5177	374.28528	-3.3352575	1068000	2.5272369e-08	252.5075	-0.02380118	-200.41072	-0.1093409	0.015060305	0.1655	0.008138078057672828	0.003126485879884057	57.0	2783.233074426651
267	2098.7935	866.68933	3584.5723	1197.0997	567.1429	330.12582	71.10764	376.06763	-6.083133	1072000	-4.529953e-09	73.30938	-0.027054058	-40.15541	-0.1105756	0.009540172	0.169	0.00949264422757551	0.0038863307246588294	79.0	2793.9610488414764
268	1922.0646	408.1594	2645.021	1280.3423	514.2857	319.17212	78.60325	378.00488	2.688311	1076000	-1.859665e-08	70.05128	-0.023968546	-33.779083	-0.11254592	0.016609905	0.214	0.009731629090383649	0.004600276068171921	44.0	2804.656900167465
269	3562.1995	10.02528	3573.839	3547.5034	1000.0	365.8196	16.815676	377.38345	270.14917	1080000	-1.4305115e-09	23.385868	-0.010936655	-10.252287	-0.11032038	0.0150517365	0.12325	0.010882299793884158	0.004630573455198388	12.0	2814.534696817398
270	1697.9629	731.4077	3542.2732	1212.2257	464.75	323.62927	71.42439	377.56757	14.197346	1084000	-3.194809e-08	95.86794	-0.02645849	-52.682358	-0.11385906	0.012941702	0.17875	0.009853964650537818	0.0038782585660959413	79.0	2824.7670946121216
271	1728.0483	803.03906	3577.4243	1034.6897	468.75	321.96237	74.82044	376.91132	-4.762588	1088000	-1.0251999e-08	50.441406	-0.000918952	-19.111378	-0.11353532	0.016196981	0.29475	0.009315897403284907	0.0037712762805298503	2.0	2834.4958641529083
272	3533.7278	6.923462	3540.0771	3522.9553	1000.0	367.30386	17.387976	377.99286	270.9447	1092000	5.4836273e-09	34.408573	-0.023616882	-23.468885	-0.113512546	0.009881519	0.1505	0.009927364692557603	0.0037655765922509996	79.0	2844.8540847301483
273	3514.7686	8.114591	3525.7268	3502.822	1000.0	363.08072	16.776505	375.5378	264.83456	1096000	-4.7683715e-09	15.5560875	-0.02332721	-5.569895	-0.105094075	0.015071295	0.2135	0.009253792653325946	0.003644239633008822	50.0	2854.857460975647
274	3132.8928	739.2725	3567.6135	1852.5374	873.25	352.06027	35.68141	374.05716	3.793486	1100000	-7.2717667e-09	100.34845	-0.016242705	-83.737274	-0.116753176	0.015211911	0.18325	0.009939588045235724	0.0037552168517474803	46.0	2864.8677809238434
275	3280.1794	450.7768	3560.7634	2499.7283	919.25	360.61612	32.66545	376.71475	14.698988	1104000	-1.34706495e-08	51.37955	-0.0033027744	-32.020287	-0.123179324	0.018455314	0.312	0.009799151429906488	0.0037105201783029606	2.0	2874.996470928192
276	1979.7864	784.61475	3575.2222	1145.7075	543.8571	320.1201	77.57678	376.03745	-7.5543265	1108000	1.4305115e-09	181.17378	-0.020413557	-150.76279	-0.12416463	0.015744954	0.1745	0.009845828600227834	0.004353881400306977	52.0	2885.071451663971
277	3006.0254	714.1397	3605.268	1856.4673	819.75	355.11688	45.49113	377.57205	3.6767359	1112000	1.1205673e-08	34.622894	-0.024625221	-20.217344	-0.1299474	0.008385906	0.16	0.009143864219076932	0.003713901240075037	79.0	2895.3302388191223
278	3116.0083	825.4509	3596.8718	1686.293	862.5	363.17172	35.049038	379.68338	10.099546	1116000	-7.1525574e-10	24.018923	-0.015867108	-11.943227	-0.13661923	0.015119418	0.1555	0.00913393035531044	0.003991123477444205	23.0	2905.3858819007874
279	3624.4175	80.53244	3756.5977	3538.689	999.25	362.3879	36.96269	379.6706	-4.8020883	1120000	-1.7166137e-08	34.43635	-0.0022948182	-12.070663	-0.1415056	0.01772248	0.29425	0.01042845195857808	0.004455280722498941	2.0	2915.317992925644
280	1138.875	159.43066	1559.1627	976.1814	315.91666	288.35867	84.60828	373.28458	9.803307	1124000	-2.9563903e-08	236.19731	-0.024362195	-171.13861	-0.142187	0.011181163	0.16275	0.008293752481695265	0.0033044078687425684	79.0	2925.7100496292114
281	2380.546	463.4957	3273.5076	1898.3762	636.1667	322.45053	67.59418	376.26093	2.3276534	1128000	-1.2874604e-08	183.68759	0.00085955864	-150.02684	-0.15444061	0.016488098	0.19125	0.008180127232335507	0.003501435668639671	2.0	2935.643254518509
282	1480.5514	634.33374	3086.5117	1004.28503	399.4	309.6383	84.25349	379.03967	-23.542355	1132000	-1.7881393e-09	176.31859	-0.027696379	-79.97521	-0.15484133	0.013606861	0.19325	0.009347320492379367	0.004279827671369615	79.0	2945.9442431926727
283	1450.9014	434.23788	2514.732	1047.7762	389.6	303.58868	79.60572	376.17545	6.6780405	1136000	-5.4836273e-09	105.724525	-0.010324083	-35.345352	-0.14809301	0.0150027415	0.1325	0.007647436794359237	0.0030265011250124796	10.0	2955.6715342998505
284	1374.1013	747.5158	3605.258	997.02765	374.6	306.91925	80.983	376.56244	-7.6831675	1140000	-2.8014183e-08	82.31275	-0.0089417165	-46.59168	-0.15056086	0.016822485	0.20075	0.008763094220776112	0.003928727326740742	7.0	2965.435676574707
285	2895.7395	648.04913	3557.7395	2205.0518	799.0	354.95776	46.70798	377.9982	3.4351344	1144000	5.722046e-09	66.438225	-0.0050232667	-45.007133	-0.15147169	0.015506599	0.18725	0.01001576881390065	0.004116672068666906	3.0	2975.2775382995605
286	2404.2488	942.5194	3593.905	1035.0999	655.6667	343.79712	61.19147	378.13986	7.2228703	1148000	6.6757204e-09	76.42198	-0.0022644238	-38.818184	-0.1519978	0.021859044	0.275	0.009041381636634468	0.002786834541040285	2.0	2985.1814901828766
287	2984.433	618.9693	3603.72	2342.012	817.25	356.42853	46.632507	379.88177	5.484864	1152000	-8.8214875e-09	39.706882	-0.0025072447	-16.455568	-0.15254873	0.021044377	0.294	0.009300203106831759	0.003999578283290106	2.0	2995.018673181534
288	1301.1118	290.51437	2002.1199	893.3194	350.27274	295.7069	84.64259	379.6325	-0.47759914	1156000	5.960465e-11	397.12988	-0.023898507	-212.50963	-0.15295604	0.010840386	0.179	0.00888636264950037	0.00395172901560742	79.0	3005.5789222717285
289	1857.8569	451.68564	2495.2393	1202.6183	498.75	321.25934	77.66064	379.3328	-5.5135508	1160000	-2.3543835e-08	178.34328	-0.02346976	-99.78328	-0.16421191	0.008497368	0.1745	0.009070476456545294	0.003309531025073038	79.0	3015.9864954948425
290	2203.9316	841.9936	3618.0386	1476.242	597.5	338.77783	62.884747	379.1618	6.32092	1164000	8.940697e-09	157.4246	-0.024930578	-79.03608	-0.17071387	0.013096302	0.15725	0.008141091659199446	0.0034654414674696655	79.0	3026.242860555649
291	2024.2676	666.27844	3171.466	1189.136	545.1429	319.69043	79.291084	380.05008	-4.250493	1168000	2.259016e-08	138.0284	-0.023742134	-88.37553	-0.16758123	0.01570828	0.2125	0.008252499233931303	0.003949270250715966	49.0	3036.097042798996
292	3234.7432	364.44342	3595.3027	2757.9636	885.75	355.44208	45.32955	379.271	-5.2438025	1172000	-9.775162e-09	34.95959	-0.0018497405	-17.623785	-0.17902425	0.017672949	0.206	0.008040450681000948	0.003936151332570879	2.0	3045.829421043396
293	1195.2977	309.99973	1964.5521	868.179	332.58334	297.74326	78.79202	377.63898	3.9032555	1176000	2.992153e-08	779.2299	-0.0018413584	-520.4027	-0.17978314	0.02160474	0.265	0.007562500589992851	0.003281654030245253	2.0	3055.5045504570007
294	1938.3236	557.7352	2877.537	1071.5618	518.4286	317.45398	80.935	380.00992	-37.081123	1180000	-1.4781952e-08	367.48874	-0.006313943	-238.75826	-0.18013202	0.01532765	0.1655	0.007286582482047379	0.002896094600415566	6.0	3065.6220428943634
295	1886.0258	713.71826	3036.9163	1168.5526	506.7143	325.07144	73.73126	378.3891	-13.117212	1184000	-1.9073486e-08	132.165	-0.023674427	-58.55236	-0.18197687	0.015130049	0.1855	0.007044184063561261	0.0031479922999710953	69.0	3075.8226401805878
296	2634.2676	560.0331	3575.7146	2025.7183	716.4	343.51105	59.154064	377.93246	-11.677218	1188000	-2.503395e-08	88.281006	-0.024342306	-36.8006	-0.19068842	0.012235597	0.151	0.007366626784205437	0.0031376625591225116	79.0	3086.032140493393
297	2017.6334	711.12714	3608.5906	1418.9148	543.4286	325.33374	75.457466	378.2499	-8.197983	1192000	-3.9339065e-09	195.42476	-0.0006039717	-126.86132	-0.1969654	0.015768453	0.237	0.00865319701610133	0.004516479568384575	2.0	3095.6958751678467
298	3218.4697	509.4721	3601.146	2348.7268	883.0	356.21313	48.104294	379.03113	-0.12561512	1196000	4.005432e-08	59.38478	-0.026222728	-26.64233	-0.1972845	0.010889825	0.16825	0.00829116958193481	0.003918848901603957	79.0	3105.7153327465057
299	2351.7874	680.36835	3634.9812	1558.7832	632.8333	336.0023	68.189804	379.0291	2.7265368	1200000	1.9729137e-08	81.94783	-0.009292872	-42.94934	-0.20891745	0.015985893	0.18475	0.007766472995281219	0.002897680725343167	8.0	3115.8816463947296
