Epoch	AverageEpRet	StdEpRet	MaxEpRet	MinEpRet	EpLen	AverageVVals	StdVVals	MaxVVals	MinVVals	TotalEnvInteracts	LossPi	LossV	DeltaLossPi	DeltaLossV	Entropy	KL	ClipFrac	StopIter	Time
0	-0.15494715	5.0890093	15.962074	-12.4657135	18.544186	-0.009173702	0.17570488	0.5669317	-0.43023962	4000	-6.9141386e-09	21.36254	-0.023837779	-4.757471	0.91894394	0.017397823	0.18375	4.0	47.63037085533142
1	4.073719	6.427748	34.087685	-9.3092575	21.489246	-1.9348444	0.6736629	1.899492	-2.7213328	8000	3.8146974e-09	34.646545	-0.022631314	-8.496634	0.9182918	0.016713228	0.28125	8.0	105.13964438438416
2	11.230328	11.3249	56.13612	-5.613288	32.024193	0.59374803	0.42569923	1.342673	-0.94226253	12000	-1.4305115e-09	93.965645	-0.020823162	-18.096588	0.9170033	0.015581357	0.28425	10.0	130.4675087928772
3	17.914814	13.007033	49.241066	-1.105733	41.789474	4.779934	0.39524564	5.117857	1.2251067	16000	1.0848045e-08	98.47946	-0.018629832	-5.028412	0.91458905	0.018771583	0.16125	7.0	155.7842071056366
4	40.261513	45.430454	256.8757	-2.0820115	81.18367	7.0383525	0.10608981	7.1301165	5.731952	20000	9.834767e-09	799.304	-0.040802162	-60.31189	0.91178375	0.0150258755	0.184	75.0	182.96629071235657
5	53.368336	65.86357	280.93094	-20.499132	107.666664	12.688076	0.059194673	12.70182	10.563061	24000	1.704693e-08	1150.2075	-0.042943858	-32.77832	0.9033397	0.01500616	0.1855	62.0	209.3728587627411
6	66.068695	77.253	352.88797	-31.616245	118.3125	16.484669	0.0131058395	16.491087	15.983477	28000	-1.1563301e-08	1361.0989	-0.036265075	-43.328247	0.8953252	0.015108851	0.1475	38.0	235.2872633934021
7	124.45318	111.094765	348.33655	-16.618557	151.26923	20.5023	0.00951237	20.50683	20.349266	32000	2.1457671e-09	2774.4807	-0.038357913	-264.0027	0.892831	0.015011159	0.18825	41.0	261.1079297065735
8	84.428406	82.652336	312.17468	2.074748	155.16	27.507652	0.0019320258	27.508968	27.4841	36000	8.3446505e-10	1466.5485	-0.045906734	-8.870972	0.8929559	0.015025447	0.19425	60.0	287.7468662261963
9	144.0853	107.1069	328.45108	-6.7678742	204.21053	26.57654	0.008520634	26.579226	26.260487	40000	1.1563301e-08	2158.6018	-0.05513067	-63.776855	0.8830589	0.011256125	0.22575	79.0	314.61439037323
10	171.21854	109.47959	333.4222	12.221175	198.8	29.568176	0.10837774	29.573168	25.306799	44000	3.218651e-09	2659.2515	-0.056680806	-142.22705	0.8702559	0.0083769765	0.2445	79.0	341.5261859893799
11	106.76964	93.91749	282.05005	-17.305908	198.85	34.031662	0.0015434934	34.0323	33.96294	48000	-5.722046e-09	1708.8145	-0.057771012	-24.45337	0.86701447	0.010927282	0.24075	79.0	368.4251389503479
12	147.94989	125.77565	354.28845	-2.5619178	197.4	32.434994	0.54174143	32.478973	10.336343	52000	-7.152557e-09	2550.6375	-0.058138028	-27.81958	0.8650776	0.00798392	0.24475	79.0	395.35922932624817
13	186.59575	122.96365	406.27606	13.260979	199.3158	34.229717	0.001166587	34.230362	34.20607	56000	-2.771616e-09	2775.476	-0.06278528	-157.18433	0.85801303	0.010965085	0.268	79.0	422.43655610084534
14	201.92761	99.73329	334.14694	12.515156	197.05	38.638306	0.00059297465	38.63869	38.62418	60000	-3.5762786e-09	2490.413	-0.014646684	-150.31128	0.85098624	0.015841393	0.221	8.0	447.13337206840515
15	228.04274	100.16289	375.47403	10.917724	202.36842	42.837673	0.00060125673	42.838024	42.827652	64000	2.4437905e-09	2528.9246	-0.061875377	-197.34106	0.8494288	0.010544523	0.28175	79.0	473.8176839351654
16	200.90855	118.79767	339.43924	4.954879	191.5	47.360577	0.00029753294	47.3608	47.353073	68000	-7.033348e-09	2640.7136	-0.013248631	-73.02466	0.84264064	0.015516401	0.23175	7.0	498.74892354011536
17	228.54309	110.82037	339.24234	1.0658988	194.55	50.156387	0.00039014968	50.156612	50.15042	72000	-4.887581e-09	2765.3647	-0.0156154	-130.05347	0.8408346	0.015017202	0.2245	8.0	523.5723581314087
18	245.7609	109.47513	379.4167	29.241049	196.05	53.671463	0.00037329821	53.671665	53.664574	76000	-5.1259996e-09	2923.1091	-0.059588376	-150.2439	0.838593	0.009117536	0.246	79.0	550.6129622459412
19	271.2669	58.957443	366.2406	116.82807	199.35	57.394756	0.0002518165	57.394894	57.38871	80000	-3.3378602e-09	2135.1853	-0.01117888	-205.70532	0.8403968	0.015586933	0.18075	5.0	575.4896059036255
20	253.38766	70.29514	345.109	55.888817	181.0	61.580338	0.00014407639	61.58043	61.577568	84000	3.9339065e-09	1938.397	-0.010791955	-111.15344	0.83778155	0.016749976	0.26	5.0	600.3721122741699
21	267.8477	46.410213	336.29437	147.91933	180.59091	64.67465	0.00011560427	64.67472	64.672745	88000	-1.192093e-10	1832.1766	-0.016508095	-147.21436	0.8354289	0.015098787	0.15925	10.0	625.3443367481232
22	279.80237	56.646225	338.98413	91.95738	181.09091	68.09715	7.9081256e-05	68.09722	68.09614	92000	1.1920929e-09	2150.7595	-0.054866515	-167.42847	0.8349174	0.0043618167	0.2225	79.0	652.3179528713226
23	246.09688	53.07779	340.35638	99.73637	164.91667	71.69051	0.00015411641	71.690575	71.68422	96000	2.2649764e-09	1849.583	-0.05568408	-37.421387	0.8371275	0.01081556	0.251	79.0	679.357992887497
24	267.84387	40.385048	364.00394	207.3008	153.1923	73.49609	0.00010425038	73.49614	73.49237	100000	2.861023e-09	1732.5801	-0.05304426	-160.98132	0.8431023	0.010850576	0.22925	79.0	706.609183549881
25	272.49973	52.90001	350.60153	96.37634	171.91304	76.90994	7.4995725e-05	76.90999	76.90877	104000	-2.1457671e-09	1666.1309	-0.054635774	-75.26831	0.84518284	0.009733801	0.2345	79.0	734.0435280799866
26	270.1033	66.60522	350.3332	82.16799	179.63637	79.361534	6.188751e-05	79.36156	79.35956	108000	-1.4305114e-08	1928.9915	-0.05593623	-28.21753	0.8431984	0.008083998	0.24225	79.0	761.2445573806763
27	253.87398	48.46568	344.41528	96.75212	156.64	80.88542	5.0871673e-05	80.885445	80.88418	112000	-1.1444092e-08	1730.9442	-0.03113215	-21.665283	0.836884	0.015144616	0.2005	20.0	786.9140985012054
28	290.86682	61.385376	373.6714	94.43417	185.28572	82.209625	9.784182e-05	82.20965	82.20467	116000	-7.1525574e-10	1571.1588	-0.053107627	-54.47876	0.83043426	0.012284767	0.21875	79.0	814.1846907138824
29	261.7193	75.59699	365.96848	71.37989	180.09091	84.28242	3.8695776e-05	84.28243	84.2819	120000	-5.9604643e-10	2088.646	-0.025446342	-0.85546875	0.8308674	0.015556399	0.14	15.0	839.4502794742584
30	262.84372	81.69589	368.31592	76.218414	179.40909	84.65402	3.5460685e-05	84.65404	84.65342	124000	-9.536744e-10	2102.3704	-0.0029641767	-1.1633301	0.8290056	0.018053876	0.2355	3.0	864.7145955562592
31	223.72443	100.32528	363.84634	80.99152	206.8421	84.97597	2.8264563e-05	84.97599	84.9757	128000	-5.662441e-09	3035.6958	-0.0399752	-125.992676	0.8277376	0.006026174	0.18725	79.0	892.259516954422
32	260.17117	98.061966	345.52527	66.66198	205.89473	81.82905	2.8348617e-05	81.829056	81.828674	132000	-1.1861324e-08	2273.2864	-0.038610198	-4.911377	0.83031654	0.010439459	0.1785	79.0	919.4772095680237
33	266.43567	101.701096	377.07922	75.30795	203.47368	81.005455	2.822077e-05	81.00546	81.00512	136000	8.8214875e-09	2103.1162	-0.013906373	-0.2446289	0.83098316	0.015209492	0.12875	11.0	945.116269826889
34	217.6449	101.620834	347.35126	56.725597	209.94737	81.11406	2.634683e-05	81.11408	81.11379	140000	-8.404255e-09	2808.5605	-0.032703426	-114.9895	0.8271394	0.008590297	0.143	79.0	972.4072687625885
35	260.28714	103.16848	352.6335	67.916145	203.78947	78.02347	2.4378573e-05	78.02348	78.023186	144000	5.9604646e-09	2277.8835	-0.012643569	0.27246094	0.8263654	0.015062553	0.18725	9.0	997.8502807617188
36	248.45985	96.02828	365.84457	82.055504	205.1579	77.95763	2.5083194e-05	77.957634	77.95735	148000	-7.152557e-09	2476.578	-0.028938187	-6.079834	0.8238205	0.013802878	0.1325	79.0	1025.2701108455658
37	295.23865	77.34118	369.0985	113.23209	209.73685	77.240715	2.731627e-05	77.24074	77.24034	152000	-2.861023e-09	2046.0443	-0.01841738	-48.35962	0.82462305	0.017548993	0.16175	11.0	1050.940584897995
38	231.62112	109.901	347.6192	80.064415	208.57895	79.28478	2.572447e-05	79.284805	79.2845	156000	3.3378602e-09	2825.7249	-0.0052086627	-41.901123	0.822449	0.016974121	0.15975	5.0	1076.4372835159302
39	243.64886	101.52462	372.76956	81.08543	218.61111	77.441154	2.5349518e-05	77.441154	77.44086	160000	-7.390976e-09	2177.829	-0.026236862	-23.245361	0.8204546	0.011193037	0.124	79.0	1103.7383062839508
40	202.7713	106.50436	377.93262	54.988438	211.94444	75.85523	2.6251659e-05	75.85523	75.85492	164000	-7.629395e-09	2665.3545	-0.026660882	-136.69287	0.80962336	0.006947009	0.12075	79.0	1131.147573709488
41	249.99008	100.9422	359.34406	76.56589	209.63158	72.255356	2.8605396e-05	72.25536	72.255035	168000	7.1525574e-10	2180.8162	-0.02765467	0.13549805	0.81140864	0.009992992	0.10425	79.0	1158.9617631435394
42	248.27019	115.54057	369.48734	64.97188	217.22223	72.19251	2.6806223e-05	72.192535	72.19224	172000	3.5762787e-10	2383.2085	-0.030942438	0.041015625	0.817708	0.013662084	0.13	79.0	1187.2496528625488
43	235.73114	113.257706	369.2987	63.7211	214.27777	72.22491	2.556132e-05	72.22492	72.224594	176000	-2.384186e-10	2544.56	-0.02863288	-7.150879	0.8181899	0.013764051	0.14775	79.0	1214.607668876648
44	227.30353	105.52068	358.98688	63.917065	214.61111	71.38366	2.503238e-05	71.38365	71.383354	180000	1.2516975e-09	2374.797	-0.02892095	-17.867188	0.8147272	0.01220283	0.13975	79.0	1241.9873895645142
45	253.05354	112.929184	372.64346	83.173454	225.23529	69.98548	2.7404558e-05	69.985504	69.98521	184000	-1.3351441e-08	2315.9373	-0.0107848495	-0.009521484	0.81548756	0.015324834	0.09675	10.0	1267.7101254463196
46	225.63544	115.246284	369.0315	63.6197	217.27777	70.00316	2.555591e-05	70.00316	70.00286	188000	4.4107438e-09	2505.1372	-0.023525879	-14.8342285	0.8119251	0.009815689	0.10925	79.0	1295.049491405487
47	169.92464	100.90213	369.00473	51.101273	216.11111	68.73436	2.5327981e-05	68.73437	68.73407	192000	-2.026558e-09	2608.3599	-0.0190118	-210.56787	0.8143919	0.0051515508	0.07975	79.0	1322.8567230701447
48	168.52637	83.78463	358.3837	65.2227	224.11765	64.0023	2.6971285e-05	64.0023	64.00199	196000	1.4305115e-09	2405.1982	-0.027404154	-168.40063	0.81515944	0.010506749	0.1335	79.0	1350.7232284545898
49	189.39262	111.26083	367.10138	59.839897	209.26315	59.76434	2.7324992e-05	59.76435	59.764038	200000	-1.1920929e-08	2619.087	-0.022991726	-27.814209	0.80341095	0.0074766893	0.11375	79.0	1378.970989704132
50	191.92706	89.890236	360.2231	70.49545	233.17647	57.939335	2.6214631e-05	57.939346	57.939037	204000	6.7949295e-09	2104.5898	-0.019936971	-42.333496	0.7952869	0.0052224174	0.092	79.0	1406.7265317440033
51	206.10933	115.74822	365.24036	54.691376	206.94737	55.84716	2.9593299e-05	55.847164	55.84684	208000	-1.1920929e-09	2556.2087	-0.024424825	-1.3864746	0.79288125	0.010436678	0.11625	79.0	1434.6884367465973
52	185.56046	105.16226	369.19458	69.69969	222.52942	56.13214	2.8734763e-05	56.13216	56.131824	212000	1.9311905e-08	2272.1282	-0.025821755	-25.76001	0.79246145	0.010564623	0.11875	79.0	1462.5925040245056
53	180.10362	113.85409	372.00198	64.91527	217.05556	54.54246	2.9612102e-05	54.54247	54.542103	216000	-4.9471853e-09	2434.9097	-0.021219186	-20.17212	0.78874445	0.009566469	0.1175	79.0	1490.303514957428
54	264.9458	95.640884	368.16864	55.878685	224.35294	53.002983	3.0263798e-05	53.002987	53.002598	220000	5.9604643e-10	2347.5144	-0.010238591	-151.10522	0.7829909	0.015666483	0.16625	11.0	1516.1672730445862
55	251.8736	112.49084	372.3845	59.024113	223.17647	56.83264	2.538322e-05	56.832657	56.83233	224000	1.0490417e-08	2360.5688	-0.022697983	-72.467285	0.7828247	0.011034689	0.12975	79.0	1543.8055744171143
56	185.26952	114.056946	358.1272	68.91434	217.27777	59.70782	2.6472047e-05	59.707825	59.70753	228000	-2.0503998e-08	2464.0676	-0.02156164	-31.784668	0.78422016	0.010005154	0.10625	79.0	1571.664176940918
57	187.37521	118.71647	370.4481	54.341774	216.33333	58.06239	2.6015285e-05	58.062405	58.0621	232000	1.0848045e-08	2505.3955	-0.022554033	-20.667969	0.77781904	0.0108556105	0.12725	79.0	1599.4028489589691
58	227.04076	104.44091	363.54886	74.18543	206.6842	56.511414	2.9452143e-05	56.511436	56.511097	236000	-6.109476e-09	2586.7688	-0.026208777	-23.371338	0.7735669	0.012152034	0.126	79.0	1627.0940985679626
59	228.9804	116.09763	370.96405	52.002625	214.0	57.993183	2.7579166e-05	57.993206	57.9929	240000	7.987023e-09	2430.5437	-0.027570602	-17.991455	0.78141457	0.012649124	0.148	79.0	1654.4760105609894
60	218.0614	110.482956	364.17844	63.867058	216.44444	59.458733	2.4772633e-05	59.45874	59.45845	244000	1.001358e-08	2325.052	-0.023375468	-0.939209	0.77892023	0.00945031	0.11	79.0	1682.3300824165344
61	197.76016	104.66759	327.89133	64.63576	206.47368	59.854923	2.7256005e-05	59.854942	59.85464	248000	2.503395e-08	2493.0684	-0.025700098	-10.239746	0.7752318	0.010997256	0.14575	79.0	1710.3324296474457
62	254.35194	107.453255	373.24576	93.81337	219.16667	58.79657	2.5112475e-05	58.796577	58.796272	252000	-1.0371208e-08	2504.5503	-0.027464096	-68.80957	0.766185	0.010538306	0.136	79.0	1737.7643129825592
63	239.0353	104.3655	354.85416	74.187096	211.61111	61.536922	2.3051869e-05	61.536934	61.53665	256000	-1.8239021e-08	2417.1768	-0.024246588	-17.435547	0.7523991	0.011068658	0.12	79.0	1765.5200312137604
64	254.02135	97.375725	355.7494	86.98043	213.11111	63.109673	2.2611295e-05	63.109688	63.109406	260000	6.437302e-09	2427.6172	-0.020702668	-52.420166	0.7476621	0.015117492	0.1215	31.0	1791.8230955600739
65	265.82245	92.341446	363.62878	74.51153	205.94737	65.64367	2.293201e-05	65.643684	65.64342	264000	-8.3446505e-10	2319.7034	-0.012863832	-81.262695	0.7464785	0.015710223	0.10125	9.0	1817.6625094413757
66	222.53374	103.065834	366.448	80.65933	205.89473	68.819695	2.0113985e-05	68.81971	68.81945	268000	9.059906e-09	2450.162	-0.014633314	-7.178711	0.7441032	0.016463501	0.15425	17.0	1843.8286745548248
67	264.3277	103.63814	374.32797	63.63877	215.11111	68.043655	2.1263302e-05	68.04367	68.043396	272000	1.0609627e-08	2364.1384	-0.017110344	-39.340576	0.74247444	0.015155957	0.1005	17.0	1869.7085103988647
68	295.06128	67.24316	367.4192	61.765953	205.47368	70.1355	2.3944634e-05	70.13552	70.13526	276000	3.7550927e-09	1832.6898	-0.010231564	-174.8844	0.7378088	0.016830577	0.14275	8.0	1895.244544506073
69	297.995	72.71344	365.56674	85.48209	213.94444	74.65844	2.9775905e-05	74.658424	74.658195	280000	-4.351139e-09	1794.3287	-0.016280605	-97.55847	0.73473454	0.015088822	0.10775	21.0	1921.0660517215729
70	302.71045	73.57689	365.33548	101.36654	212.83333	78.09011	1.7574124e-05	78.09013	78.089905	284000	-7.390976e-09	1777.8512	-0.012366397	-85.16101	0.730998	0.015907783	0.14375	9.0	1946.842544078827
71	286.36493	63.935596	367.61124	110.7197	199.1	81.21899	1.8032668e-05	81.218994	81.21878	288000	6.6161157e-09	1717.4636	-0.01543847	-28.784668	0.72855973	0.016946392	0.126	9.0	1972.7383725643158
72	248.44688	108.7565	352.5168	63.50004	215.83333	83.10448	1.6216278e-05	83.104485	83.10428	292000	1.502037e-08	2431.036	-0.017449472	-36.751465	0.7254857	0.015192725	0.092	20.0	1998.7671930789948
73	244.57614	95.57725	350.3591	86.240395	212.11111	81.21004	1.5899099e-05	81.210045	81.20983	296000	-7.510185e-09	2383.2134	-0.0062786755	-31.404053	0.72405696	0.017576518	0.17825	3.0	2024.3100740909576
74	234.53787	97.84777	367.81708	90.35369	220.55556	79.25917	2.1749129e-05	79.2592	79.25898	300000	-1.7881393e-09	2606.9028	-0.017989447	-80.83667	0.7219247	0.015125792	0.0965	34.0	2050.651537656784
75	261.5749	100.156746	369.98462	88.34244	223.35294	76.22309	2.1317639e-05	76.22311	76.22288	304000	1.847744e-08	2148.1338	-0.014139764	-0.018066406	0.7160464	0.015684448	0.12025	17.0	2076.79101729393
76	275.77808	89.08367	362.20245	57.860374	203.26315	75.92891	1.7097334e-05	75.928925	75.92868	308000	4.172325e-09	2092.3901	-0.017624186	-36.310547	0.7140227	0.015334362	0.1195	17.0	2102.485314846039
77	224.81007	111.466354	365.17593	63.641113	210.55556	77.94575	1.6723e-05	77.94575	77.945526	312000	-1.10119585e-08	2746.7893	-0.023418654	-53.803467	0.7069823	0.015168688	0.117	39.0	2129.208732366562
78	259.74567	99.66762	358.89587	71.05543	220.33333	75.59528	1.7113498e-05	75.59529	75.595055	316000	-1.1920929e-09	2087.4856	-0.018721543	-0.6411133	0.71090794	0.015685087	0.14025	27.0	2155.570677280426
79	219.511	97.44228	355.2755	90.43491	223.29411	75.147415	1.6722564e-05	75.14743	75.147194	320000	7.033348e-09	2491.5317	-0.02599059	-89.04663	0.7099378	0.013422859	0.1255	79.0	2182.8863768577576
80	202.01726	106.60529	353.56546	75.53092	217.05556	71.95663	1.9350708e-05	71.956635	71.95637	324000	1.0967255e-08	2805.3132	-0.024708098	-121.06348	0.71076596	0.012185524	0.111	79.0	2210.4340929985046
81	219.36641	107.299484	369.02316	70.69955	210.33333	68.15736	2.8011673e-05	68.15738	68.15708	328000	-7.629395e-09	2366.0276	-0.026358685	-16.882812	0.7135602	0.011597111	0.11175	79.0	2237.837133169174
82	191.78291	92.890976	316.75208	67.04573	207.26315	66.612686	2.855652e-05	66.61271	66.61238	332000	8.881092e-09	2482.5964	-0.026698986	-85.57178	0.71069026	0.010471272	0.13575	79.0	2265.4195070266724
83	227.22514	110.70186	370.6005	67.83134	203.94737	63.4995	4.491642e-05	63.499516	63.498993	336000	1.1205673e-08	2531.4827	-0.026523981	-1.9443359	0.71041465	0.015067644	0.13675	77.0	2292.7949464321136
84	252.15149	90.31638	366.59598	89.40574	228.23529	63.835617	3.8363793e-05	63.835625	63.835175	340000	-8.5830685e-09	1869.0015	-0.025491802	-12.464844	0.7087907	0.00995279	0.11375	79.0	2320.1059560775757
85	232.93431	97.318985	345.4322	61.13614	208.89473	65.06183	3.5473608e-05	65.06186	65.06143	344000	5.9604643e-10	2228.7063	-0.028714761	-1.6816406	0.7028026	0.012921379	0.1245	79.0	2347.7126803398132
86	240.7604	103.05738	359.59106	70.85382	210.0	65.56797	3.3583856e-05	65.56797	65.56762	348000	-7.867813e-09	2543.1274	-0.0077422895	-5.57666	0.70590127	0.016619124	0.206	4.0	2373.0030891895294
87	273.71432	96.97612	356.26514	4.855882	207.73685	66.40538	2.8156239e-05	66.405396	66.405075	352000	9.536743e-09	1989.8674	-0.015336431	-128.4812	0.70369154	0.016821556	0.0935	10.0	2398.281196832657
88	205.70137	109.66049	353.07718	69.09125	219.33333	70.361206	1.9619934e-05	70.361206	70.36097	356000	-1.0371208e-08	2709.9612	-0.026205434	-75.121826	0.69969416	0.0151611725	0.133	60.0	2424.937997817993
89	213.13068	99.703445	354.46674	81.79019	221.55556	67.6205	2.3485341e-05	67.620514	67.62022	360000	9.894371e-09	2324.0845	-0.024882872	-48.4021	0.69831324	0.008836398	0.115	79.0	2452.3558225631714
90	239.53331	96.45197	364.91165	68.409645	207.26315	65.11492	3.2969445e-05	65.11494	65.11457	364000	1.4305114e-08	2141.7532	-0.029982537	-6.9472656	0.7057317	0.0130023565	0.1315	79.0	2479.681410551071
91	263.15903	91.90581	353.3388	91.30047	212.83333	65.903366	2.7480386e-05	65.90337	65.903046	368000	-1.847744e-08	2296.769	-0.018195702	-58.636963	0.7045771	0.017154878	0.1225	13.0	2505.4888985157013
92	258.5011	85.42091	368.5763	73.62475	211.72223	68.57392	2.07563e-05	68.57394	68.57368	372000	-3.5762787e-10	2093.7654	-0.015578001	-30.049805	0.7005126	0.015387726	0.16825	10.0	2530.9110791683197
93	193.61304	115.8227	365.55542	70.20531	223.41176	70.58721	1.7881533e-05	70.58722	70.58697	376000	2.9802323e-09	2890.8555	-0.026443152	-91.322266	0.6980771	0.014024962	0.1285	79.0	2558.1242156028748
94	210.56793	107.93028	369.69742	71.36199	222.58824	67.42523	2.2477923e-05	67.42523	67.42496	380000	6.198883e-09	2422.5261	-0.025293473	-33.95752	0.6971745	0.010473165	0.117	79.0	2585.6557908058167
95	255.8782	104.32331	366.46472	82.32828	212.88889	65.272224	3.0556417e-05	65.27226	65.271904	384000	5.662441e-09	2347.0154	-0.012893145	-24.84375	0.6972041	0.015446203	0.104	7.0	2611.1076097488403
96	245.8315	106.69776	360.05884	72.489746	209.3158	66.89009	2.3631426e-05	66.89011	66.8898	388000	3.5762786e-09	2412.415	-0.007627788	-11.85083	0.6954717	0.0150325345	0.141	4.0	2636.441910982132
97	237.47322	110.47475	367.90952	88.43523	215.61111	68.174805	2.0483894e-05	68.17481	68.17455	392000	5.3644182e-09	2587.1028	-0.014457106	-0.17822266	0.6922302	0.015235446	0.14575	12.0	2661.824162721634
98	258.3323	107.083824	368.269	79.97278	228.94118	68.11577	1.9915862e-05	68.115776	68.11552	396000	6.6757204e-09	2145.8196	-0.012100403	-7.0307617	0.68805104	0.015315892	0.12625	10.0	2687.3097364902496
99	280.89563	92.558716	367.56827	82.3428	219.11111	69.05951	1.8190947e-05	69.05952	69.059265	400000	3.5762787e-10	2094.013	-0.014038478	-72.68323	0.6856582	0.015060955	0.10475	12.0	2712.5807592868805
100	244.90486	108.996445	364.4406	65.38534	218.38889	72.171455	1.534438e-05	72.17147	72.17127	404000	1.3947487e-08	2305.9346	-0.010923569	-0.96850586	0.68274796	0.015038993	0.09875	8.0	2737.891595840454
101	244.65398	112.228645	360.12952	79.58994	220.83333	71.93781	1.6833148e-05	71.937805	71.93761	408000	1.5497208e-09	2426.6313	-0.028102934	-3.1774902	0.679969	0.0118211135	0.13875	79.0	2765.036497592926
102	259.52136	91.703	365.17026	82.526535	221.16667	71.24067	2.0323425e-05	71.24069	71.24048	412000	6.6757204e-09	2149.5005	-0.023416441	-1.6877441	0.6823177	0.015365475	0.1035	37.0	2791.21569108963
103	229.22903	101.10835	355.88617	63.715862	222.82353	71.70919	1.4372856e-05	71.7092	71.70899	416000	8.225441e-09	2263.8347	-0.025334226	-26.043945	0.68140155	0.010898702	0.10825	79.0	2818.623982667923
104	229.94371	111.86662	371.89557	79.10254	221.88889	69.801125	1.6720389e-05	69.80113	69.8009	420000	4.2915342e-09	2437.5034	-0.026390987	-19.191162	0.6752398	0.013714394	0.12575	79.0	2846.336165189743
105	229.26866	97.867645	363.4656	90.39982	230.64706	68.02111	2.0667423e-05	68.02112	68.02085	424000	3.6656858e-09	2163.4636	-0.01258989	-24.644531	0.6789843	0.015159473	0.103	12.0	2872.359719991684
106	169.38676	94.13546	376.39502	76.49262	217.5	66.02136	2.7567887e-05	66.02137	66.021034	428000	-2.1457671e-09	2901.2922	-0.02541784	-271.77588	0.6784358	0.007679528	0.112	79.0	2899.8487713336945
107	260.40677	106.08813	376.32828	73.894806	217.83333	59.438408	0.9776895	60.118725	47.507885	432000	-4.053116e-09	2617.21	-0.022981228	-94.970215	0.67761713	0.015063639	0.129	34.0	2926.3607358932495
108	231.60791	103.643394	350.56662	77.793915	218.44444	62.8557	0.0015079791	62.85702	62.76864	436000	9.536743e-09	2294.672	-0.026192144	-1.6816406	0.6770374	0.012882225	0.118	79.0	2953.9735577106476
109	258.6456	108.46719	391.44415	84.920074	220.61111	63.50053	0.076736	63.50383	58.995716	440000	7.867813e-09	2460.9917	-0.024883255	-42.871826	0.687806	0.015004068	0.1415	40.0	2980.7197937965393
110	215.68199	115.207794	360.3696	82.191444	223.82353	65.817024	0.0005239837	65.81809	65.81424	444000	-6.437302e-09	2460.942	-0.025336178	-10.169678	0.6897242	0.006554743	0.1095	79.0	3008.104434490204
111	188.08063	92.82661	323.35535	71.93317	217.5	64.79067	0.000577892	64.79204	64.78783	448000	-4.7683715e-09	2457.0552	-0.0055833673	-108.41504	0.6898517	0.017344635	0.188	3.0	3033.9577362537384
112	266.02322	107.327446	372.86472	84.35632	228.05882	61.066998	0.0007709101	61.068428	61.063187	452000	-7.152557e-09	2325.4258	-0.012839263	-68.73657	0.6875992	0.01586391	0.0855	14.0	3059.7648828029633
113	250.71834	112.522896	374.99414	73.83977	219.05556	63.751392	0.00090884505	63.752644	63.72666	456000	-1.4781952e-08	2466.7004	-0.012462033	-27.406494	0.6852629	0.015209092	0.12425	9.0	3085.411272287369
114	230.54436	103.6737	363.21106	94.01769	212.83333	65.72854	0.0008391406	65.72962	65.69176	460000	8.881092e-09	2632.3552	-0.0082128355	-1.4614258	0.6833042	0.015499576	0.0885	6.0	3110.79217505455
115	262.48273	90.74661	371.487	109.07554	206.0	66.23854	0.00061799213	66.23954	66.2267	464000	-1.9788741e-08	2292.7756	-0.0058517503	-59.796143	0.6813239	0.015209902	0.1655	4.0	3136.4886288642883
116	282.12534	83.650955	366.77567	63.900284	216.22223	68.97189	0.00041173538	68.97272	68.96933	468000	5.9604646e-09	1974.0162	-0.016117968	-86.135254	0.6788803	0.016520914	0.10725	11.0	3162.1101944446564
117	252.73767	73.94681	356.29807	105.03974	197.3	72.34178	0.00043435508	72.342476	72.332016	472000	9.775162e-09	2260.7666	-0.017928222	-6.040039	0.67528427	0.015792636	0.10075	22.0	3187.931744337082
118	257.10095	101.42517	357.25275	67.635	201.8421	73.3725	0.00038469883	73.373184	73.369675	476000	-4.768372e-10	2277.3708	-0.012719897	-11.366455	0.67371	0.015022342	0.08525	6.0	3213.4268889427185
119	279.94626	62.524754	370.77606	85.75675	179.31818	74.60849	0.0003476105	74.60902	74.60609	480000	2.384186e-10	2018.6859	-0.015647331	-147.5299	0.6718421	0.015696572	0.1575	8.0	3238.741861104965
120	254.26454	89.3107	366.60458	60.648617	209.63158	78.9017	0.00062615774	78.90226	78.867195	484000	8.2850455e-09	2197.2764	-0.011622973	-5.2980957	0.67060024	0.015405775	0.09425	9.0	3264.389755010605
121	282.71332	77.97389	356.0909	108.48738	215.88889	78.280205	0.0005550358	78.28076	78.25988	488000	-7.510185e-09	1834.4465	-0.019896025	-9.386963	0.6679349	0.015350205	0.11575	20.0	3290.153034210205
122	272.0191	79.467255	370.2884	108.5944	216.0	79.295135	0.0002819811	79.29565	79.29329	492000	6.0796737e-09	1947.1465	-0.013109838	0.10046387	0.66506016	0.015517931	0.13925	12.0	3315.4761559963226
123	300.41116	74.09867	378.06702	106.924934	215.16667	79.37261	0.00026843988	79.37309	79.370705	496000	1.4424324e-08	1737.6533	-0.012397051	-48.305176	0.6629877	0.016214699	0.09575	9.0	3340.72474694252
124	271.72928	96.07604	370.90857	68.445	206.0	81.87628	0.0002827981	81.87676	81.87257	500000	-1.3589859e-08	2086.8289	-0.013154093	-1.1635742	0.662499	0.015675431	0.06175	7.0	3366.291088104248
125	286.0419	77.73102	420.532	99.89457	194.7	82.4096	0.000988961	82.4101	82.3748	504000	1.2993812e-08	2021.9633	-0.019588491	-30.183716	0.6610636	0.015474877	0.1445	12.0	3391.635009765625
126	280.87857	61.483555	370.64706	109.65585	187.09525	84.450615	0.00028673705	84.451	84.442055	508000	1.0967255e-08	1755.3239	-0.017812422	-21.255615	0.6578286	0.015228278	0.11375	11.0	3417.2653295993805
127	278.22006	54.78397	355.44412	95.156784	176.63637	86.26934	0.00023438293	86.26968	86.26769	512000	-5.3644182e-09	1660.1293	-0.019143723	-28.007202	0.6551203	0.015215994	0.07925	14.0	3442.6489658355713
128	287.44788	17.1728	333.24265	260.4236	166.20833	88.338486	0.0002729448	88.33878	88.327545	516000	-7.033348e-09	1172.108	-0.0076795463	-89.10437	0.65156114	0.015169051	0.21475	3.0	3467.9642565250397
129	293.06326	59.662308	375.45248	136.9438	186.09525	91.9401	0.01504846	91.9407	90.99549	520000	-4.529953e-09	1691.0193	-0.016317101	-12.00708	0.6499335	0.015159584	0.095	9.0	3493.7020802497864
130	290.94946	25.590557	371.34845	265.51297	167.47826	93.40276	0.00041502411	93.40304	93.39081	524000	-7.3313715e-09	1210.3867	-0.015554178	-57.95764	0.64863336	0.015929827	0.0685	7.0	3518.958240032196
131	274.17322	63.680202	350.56476	92.07635	180.45454	96.29411	0.00019942613	96.29438	96.29276	528000	-1.911819e-08	1894.6667	-0.014271041	-10.724976	0.64797336	0.016255697	0.1225	8.0	3544.008660554886
132	285.7299	65.97905	361.82703	89.58368	190.4	95.19761	0.00019150005	95.19788	95.196266	532000	-2.3841857e-09	1736.782	-0.014829446	-0.21813965	0.6461257	0.015243195	0.11575	10.0	3569.436851978302
133	264.58942	69.008194	332.60825	111.47773	187.09525	94.93248	0.0002111099	94.93278	94.931175	536000	3.5762786e-09	2186.297	-0.013136427	-50.989746	0.6446957	0.015921924	0.11425	8.0	3594.614394903183
134	296.77914	70.539604	370.59918	102.29039	204.0	92.195404	0.00026353836	92.195724	92.19091	540000	-4.23193e-09	1674.1813	-0.016024247	-0.3157959	0.64362746	0.015831215	0.141	8.0	3619.9960412979126
135	274.04254	98.01609	376.82312	69.98369	199.55	92.30414	0.00025829487	92.3045	92.29834	544000	-7.2717667e-09	2253.1133	-0.012784669	-19.483887	0.6423603	0.01519834	0.06075	11.0	3645.5072305202484
136	250.22108	93.39787	375.87646	86.72054	210.66667	90.59505	0.00024751798	90.59545	90.593636	548000	1.4305115e-09	2512.9631	-0.026549665	-132.45312	0.64086884	0.01507222	0.11175	54.0	3672.011556148529
137	255.03658	102.09683	382.57944	84.542114	195.85	86.122	0.0004869596	86.12256	86.10865	552000	-9.953975e-09	2741.9985	-0.030420214	-26.956787	0.6349219	0.011551489	0.1335	79.0	3699.084925889969
138	284.46625	82.93055	383.59726	88.34327	198.8	83.950966	0.0006055305	83.95158	83.931816	556000	3.218651e-09	2064.5632	-0.02043674	-10.814453	0.63346773	0.016135156	0.1305	12.0	3724.329114675522
139	300.496	51.557457	370.65768	117.41079	184.95238	85.123474	0.00031145776	85.123924	85.12133	560000	1.7762185e-08	1577.1519	-0.01845039	-106.41931	0.6321311	0.015663624	0.08175	8.0	3749.903293132782
140	315.56186	33.804718	391.1535	263.20947	189.2381	89.06982	0.00461383	89.070305	88.79663	564000	-8.940697e-09	1221.0084	-0.015229612	-115.807495	0.630068	0.016000016	0.0885	6.0	3775.712025642395
141	291.1643	37.473026	371.6634	192.01761	181.63637	93.17761	0.00019443408	93.177864	93.17621	568000	-2.3841857e-09	1188.5809	-0.011990266	-9.947632	0.6278988	0.016065184	0.08075	7.0	3801.3280169963837
142	309.10745	35.46408	384.16226	260.27188	187.71428	94.51864	0.0001720291	94.5189	94.51616	572000	2.503395e-08	1032.0875	-0.018877076	-33.088074	0.6263324	0.015271983	0.07625	8.0	3826.3113408088684
143	298.6227	73.24396	409.93167	112.915054	202.57895	96.67976	0.00033503017	96.68006	96.66296	576000	6.198883e-09	1805.5858	-0.024086978	-2.4752197	0.62465626	0.016108306	0.10825	12.0	3851.754155397415
144	309.92032	34.369404	377.21515	233.72928	189.2381	96.18114	0.00018164077	96.18138	96.17739	580000	-1.4662743e-08	1166.0831	-0.018148271	-18.081543	0.62368125	0.015714109	0.1175	8.0	3877.07958650589
145	286.03317	72.38832	387.60934	3.567047	176.86363	97.75273	0.00019921498	97.75298	97.74701	584000	2.384186e-10	1292.6549	-0.025189526	-2.1964111	0.62262744	0.016397612	0.12475	10.0	3902.2484846115112
146	319.37338	33.52249	382.08588	259.16077	198.55	98.40756	0.00014908187	98.40779	98.40549	588000	9.417534e-09	1036.6112	-0.015607366	-11.165649	0.6213668	0.015079603	0.09725	6.0	3927.4727461338043
147	267.7555	90.712036	391.30637	81.16733	204.8421	99.731415	0.00020815247	99.73169	99.73033	592000	-4.4107438e-09	2660.7593	-0.019876825	-143.22974	0.6194396	0.017355334	0.1715	12.0	3952.5044729709625
148	268.06543	102.7337	390.10745	78.69222	224.88235	95.26355	0.00029664632	95.26396	95.26201	596000	1.1205673e-08	2415.9653	-0.017543644	-132.47461	0.6177318	0.015448009	0.119	12.0	3978.18892121315
149	269.48917	101.53168	396.50922	83.85034	204.3158	90.8762	0.0006587147	90.87689	90.87275	600000	-1.2159347e-08	2566.7148	-0.0063470816	-31.664307	0.61506313	0.015234988	0.2285	3.0	4003.225895166397
150	307.96133	45.487907	377.16406	210.24661	199.89473	88.657234	0.0004885752	88.65804	88.654274	604000	-1.2159347e-08	1309.0458	-0.00752994	-41.64795	0.61319363	0.01589297	0.17025	4.0	4028.3849444389343
151	268.74976	99.414246	391.63928	99.86342	198.85	90.89188	0.0010502298	90.892715	90.88382	608000	-1.4781952e-08	2686.6724	-0.022286413	-25.209717	0.6110772	0.01514015	0.1865	17.0	4053.941344022751
152	275.3997	111.79236	412.60132	75.08034	215.61111	89.19595	0.0037710317	89.197845	89.09151	612000	-1.692772e-08	2684.484	-0.026844166	-63.07007	0.6084814	0.01515292	0.12625	23.0	4079.729264974594
153	290.803	80.66108	371.60367	67.65716	206.26315	81.92405	0.9362685	87.27641	78.64637	616000	1.7881394e-08	1915.9514	-0.01467126	-57.176636	0.6098882	0.015730498	0.1545	9.0	4105.143386125565
154	258.3617	110.01724	393.5356	88.50095	213.22223	88.20651	0.919148	88.45147	83.20811	620000	-1.847744e-09	2669.284	-0.032888252	-150.52344	0.60895866	0.0139445	0.14975	79.0	4132.181381225586
155	289.03497	98.9941	411.89426	68.13047	233.47058	76.023735	0.70751	81.669395	63.62422	624000	-5.2452087e-09	1952.075	-0.012016466	-30.71814	0.60954225	0.015387218	0.114	7.0	4157.407934188843
156	242.65062	107.50133	392.40042	64.0125	231.47058	81.53447	1.2119392	85.04114	76.53327	628000	-1.3113022e-08	2300.9426	-0.025321268	-232.62988	0.60742664	0.013445037	0.1035	79.0	4184.42706990242
157	296.354	106.551956	497.55005	107.9098	225.47058	65.72622	1.1424923	75.02043	63.55871	632000	-1.1324882e-08	2682.619	-0.0082282545	-363.82544	0.60544854	0.015376988	0.21875	3.0	4209.589342355728
158	218.21608	105.088005	387.6971	63.05523	215.77777	81.42972	1.7514421	83.04378	77.81701	636000	-7.152557e-09	2874.4841	-0.026727872	-386.1687	0.6036291	0.010887091	0.13575	79.0	4236.882116317749
159	221.28178	104.3678	363.63245	76.5464	220.66667	66.93963	3.9259439	74.253685	31.943424	640000	-1.0371208e-08	2477.3076	-0.02600635	-66.8064	0.5982447	0.0139039215	0.1005	79.0	4263.8860476017
160	278.2904	113.77422	478.0191	95.7363	224.23529	59.86557	0.89923614	72.063705	56.18964	644000	2.6226044e-09	2836.938	-0.014845868	-334.51538	0.6033396	0.015086515	0.172	11.0	4289.222349643707
161	217.51387	98.839035	372.38687	75.87828	221.11765	72.63153	2.0257242	80.28243	71.05374	648000	1.6570091e-08	2701.4714	-0.03039277	-69.08276	0.6010664	0.011802758	0.13	79.0	4316.47741317749
162	236.3048	117.875946	363.8894	78.07703	221.16667	69.12819	0.9108171	74.0696	66.131966	652000	-1.4662743e-08	2591.4644	-0.014754027	-6.85376	0.6051062	0.015428616	0.119	9.0	4341.832263946533
163	174.19344	108.70967	370.94644	75.618454	220.11111	67.8742	0.47123882	72.99399	64.195305	656000	-6.198883e-09	2947.491	-0.027401632	-559.1621	0.60275555	0.004299276	0.126	79.0	4370.362587928772
164	222.11177	116.26262	363.0352	72.346405	216.11111	47.891167	5.770411	62.880524	35.06027	660000	4.5895576e-09	2885.7034	-0.024421524	-211.74878	0.60431135	0.015101328	0.10775	39.0	4397.0446536540985
165	229.56331	111.449486	385.16324	75.04883	212.94444	59.408833	1.2925712	65.03663	55.715332	664000	0.0	2642.033	-0.03315256	-31.135986	0.6031538	0.01408471	0.15475	79.0	4424.09862112999
166	260.17517	110.99338	391.3206	71.13474	216.27777	64.70043	1.6803876	69.82747	60.267372	668000	1.2874604e-08	2495.4346	-0.016939335	-118.22998	0.6016385	0.017610133	0.189	12.0	4449.709780216217
167	187.52634	108.76123	370.74945	72.60052	221.11111	71.53436	2.10127	76.36823	67.339096	672000	2.43783e-08	3057.0159	-0.026921716	-454.33008	0.5987334	0.0125322165	0.109	79.0	4477.120496034622
168	245.70723	115.48206	401.83063	85.914276	226.70589	58.130184	2.868579	68.03766	45.48724	676000	-3.2782554e-10	2430.2212	-0.01769705	-65.09497	0.592604	0.015635764	0.1115	18.0	4502.413402557373
169	205.6639	111.31488	382.28015	82.48873	223.82353	61.411774	1.7607793	69.55403	60.4593	680000	7.301569e-09	2477.459	-0.027090378	-22.335693	0.5916113	0.010890699	0.117	79.0	4529.708963632584
170	217.49335	113.44361	386.2138	72.36212	218.0	59.712997	0.9654059	67.74776	56.807526	684000	1.4305115e-09	2748.77	-0.006261273	-0.8757324	0.5936621	0.015123127	0.14475	4.0	4554.766718864441
171	231.90384	123.03632	443.92795	64.13387	220.11111	59.271515	0.6729972	64.49371	55.072346	688000	2.6226044e-09	2672.2039	-0.0140344845	-16.649414	0.59181243	0.016477287	0.1625	10.0	4580.030951976776
172	231.57315	108.43795	396.5059	59.07942	230.64706	61.023006	1.238616	66.292915	59.89661	692000	1.513958e-08	2074.0786	-0.026140558	-1.3601074	0.5883196	0.012454514	0.12425	79.0	4606.810240983963
173	172.73206	107.963326	370.08096	68.14999	224.88235	61.190334	0.88506955	65.54025	60.686573	696000	-4.887581e-09	2575.0422	-0.025977138	-354.29834	0.58626235	0.004826089	0.12575	79.0	4633.760806083679
174	187.02228	116.71844	422.71408	73.64689	228.88235	43.64018	4.234457	61.51541	39.87001	700000	2.348423e-08	2558.6868	-0.03273722	-18.001953	0.5851732	0.014194882	0.1365	79.0	4661.953291893005
175	230.68723	121.55756	402.16037	67.09916	219.16667	44.705578	2.3010705	61.16493	43.50679	704000	1.6093255e-08	3140.688	-0.03431465	-364.25586	0.5870778	0.012242251	0.15025	79.0	4688.935507297516
176	223.84877	112.54036	375.31363	72.99595	221.33333	60.258896	1.5825275	65.13559	54.592438	708000	-9.536744e-10	2417.3323	-0.024196379	-2.3779297	0.5819486	0.015022193	0.1045	24.0	4714.668247699738
177	258.8175	111.10281	450.34097	104.8195	237.5625	60.671597	0.89022577	65.24384	56.984802	712000	-7.2717667e-09	2373.5103	-0.03331843	-59.578613	0.5772237	0.010274782	0.14075	79.0	4742.19359087944
178	254.3095	112.3365	398.94055	79.44261	220.61111	66.08559	1.523569	70.156075	61.648697	716000	2.3841857e-09	2635.6064	-0.035121974	-27.777344	0.5799725	0.010607641	0.12725	79.0	4769.268317461014
179	257.1962	114.56053	375.40063	64.09432	222.11111	69.66472	1.8939354	73.41125	65.908966	720000	3.8146974e-09	2561.665	-0.012137224	-10.67749	0.5806746	0.015603459	0.1245	5.0	4794.460285663605
180	226.34682	122.1348	391.71292	82.605255	223.47058	71.6058	1.9135586	74.89178	67.19989	724000	-1.1920929e-09	2913.0488	-0.022577696	-63.902344	0.5783402	0.01502221	0.11975	28.0	4820.148323535919
181	190.04617	121.04784	376.71304	70.2783	216.22223	64.91837	1.7884943	67.858955	61.831745	728000	1.1920929e-09	2789.7488	-0.0153803015	-135.10962	0.57424486	0.015815185	0.0845	19.0	4845.5977346897125
182	242.49837	117.18338	418.50992	67.396675	216.83333	58.52206	0.772406	63.39251	54.73804	732000	-6.437302e-09	2630.058	-0.028156398	-79.43945	0.5722065	0.015036795	0.13925	34.0	4871.477489471436
183	224.92897	126.275665	387.36002	69.542694	225.64706	62.74074	1.9024386	68.79266	60.804737	736000	1.0728836e-09	2733.6648	-0.016355284	-1.552002	0.5735907	0.015425647	0.1145	14.0	4896.835661649704
184	175.44916	100.80824	364.76953	73.72084	219.27777	61.60098	1.3634822	65.479294	60.859127	740000	2.6822091e-09	2423.7737	-0.023905752	-189.56885	0.5726843	0.0084257955	0.11825	79.0	4923.921345472336
185	156.77702	99.001305	364.8379	71.03325	215.5	54.427723	1.7375623	57.484215	47.471664	744000	-4.887581e-09	2136.259	-0.027077006	-227.13379	0.57276756	0.007978713	0.11925	79.0	4950.729437589645
186	221.01192	123.057274	392.71225	67.18829	224.11765	41.853672	2.852806	53.565197	35.484077	748000	1.2695789e-08	2838.9453	-0.031864822	-287.75342	0.56426644	0.015038778	0.14325	72.0	4977.839307308197
187	175.4315	126.47853	398.8413	52.426582	215.16667	53.996845	3.8675125	61.7583	47.766598	752000	-1.835823e-08	2701.8586	-0.03328762	-57.091553	0.5623905	0.012392052	0.1365	79.0	5004.839087724686
188	193.73187	113.018295	363.1002	66.03159	222.0	49.846634	1.7804989	55.533245	46.73835	756000	8.702278e-09	2423.397	-0.020137101	-11.655762	0.56504995	0.016388282	0.092	19.0	5030.3816385269165
189	209.55568	137.96518	451.7345	79.76527	227.52942	51.89403	1.5669934	59.720104	47.968372	760000	2.861023e-09	3042.6548	-0.030762505	-10.358398	0.56556517	0.0037515492	0.12925	79.0	5057.161795139313
190	217.03879	116.9994	430.36542	71.05821	238.0625	53.58461	1.6098796	60.587902	51.164776	764000	-5.1259996e-09	2319.1147	-0.0253811	-4.7314453	0.56552887	0.015514106	0.12	27.0	5083.239193201065
191	222.30772	125.557014	438.56808	61.872467	231.29411	54.956707	1.649196	60.74832	53.135185	768000	2.4199485e-08	2725.09	-0.035648864	-16.832764	0.56674755	-0.0001730811	0.146	79.0	5110.392085313797
192	264.81778	126.91374	405.91443	68.76538	224.11765	58.451435	0.69114864	64.61363	54.065197	772000	-5.9604643e-10	2969.2488	-0.020759841	-234.23291	0.566653	0.016031722	0.102	11.0	5135.645231962204
193	213.66971	118.929436	390.00305	72.012276	223.05882	71.78564	3.3026252	79.32073	63.698322	776000	2.3841857e-09	2833.0315	-0.037731644	-212.59131	0.56440663	0.014667977	0.156	79.0	5162.504980802536
194	207.82027	122.78943	407.19638	78.54632	204.89473	61.263203	2.1327667	65.00767	57.09263	780000	-9.298325e-09	3132.1504	-0.038089126	-9.831055	0.55947185	0.01078046	0.17275	79.0	5189.576467514038
195	278.9528	95.09044	379.75946	82.28819	232.11765	58.86878	1.5552511	64.2381	55.534985	784000	-6.2584875e-09	2398.2695	-0.01437191	-303.58374	0.55079025	0.016087322	0.06975	8.0	5214.583304405212
196	245.50716	110.42561	384.25952	66.51172	235.625	70.27024	1.9254334	75.44136	63.64485	788000	-8.165836e-09	2054.255	-0.029419007	-13.404907	0.5486588	0.012220032	0.1235	79.0	5241.572293519974
197	239.99559	116.59994	407.21835	62.695988	224.17647	68.51017	1.8839802	70.20834	63.305355	792000	-4.6491624e-09	2357.168	-0.018842792	-2.375	0.53898275	0.015624001	0.0885	17.0	5267.369329452515
198	217.63818	113.24456	380.96628	70.07381	208.10527	67.56139	1.7980336	69.56687	61.776558	796000	2.4318695e-08	2781.573	-0.035162736	-36.016113	0.53624624	0.01438801	0.1515	79.0	5294.666626930237
199	253.04112	128.19478	411.67593	81.70501	210.66667	63.521835	0.8276979	66.86271	58.984013	800000	2.1338463e-08	3092.3953	-0.006491351	-85.52832	0.5347424	0.015633876	0.1825	2.0	5319.69463634491
200	246.02065	114.760605	424.4961	77.37728	221.16667	69.63978	1.6825227	74.5547	66.00105	804000	-7.390976e-09	2747.3357	-0.04560955	-2.0871582	0.532747	0.011508605	0.17075	79.0	5346.808397293091
201	211.2572	115.34666	378.72488	84.80534	225.35294	68.89781	1.5478545	71.685974	65.93357	808000	1.513958e-08	2729.9885	-0.023222487	-126.65723	0.5239956	0.016375048	0.0925	19.0	5372.512064218521
202	249.6131	127.20207	390.42575	70.06678	217.11111	62.017475	1.1858886	64.846405	57.001156	812000	2.3841857e-09	3046.1016	-0.01893823	-63.430176	0.5151441	0.015370625	0.13525	7.0	5397.555280447006
203	249.1861	110.908585	366.40652	63.770042	224.41176	66.48203	1.4692177	69.952354	64.37501	816000	1.2040139e-08	2066.8125	-0.017565602	-20.728271	0.5111608	0.015569794	0.12625	14.0	5423.083061695099
204	190.79486	104.80198	374.2643	76.626015	217.83333	69.378494	1.6628834	73.97684	66.41855	820000	2.2888184e-08	2803.2114	-0.033176463	-310.5293	0.5069879	0.011506239	0.1325	79.0	5450.009749889374
205	273.519	108.771095	393.35825	77.90081	212.77777	59.70687	2.158484	65.798775	55.13919	824000	7.867813e-09	2908.2349	-0.012971609	-389.82422	0.5037304	0.016277673	0.20175	5.0	5475.070358276367
206	298.0385	103.37599	439.3015	81.1995	212.11111	71.604546	3.112029	75.732376	63.139236	828000	-8.702278e-09	2696.1191	-0.016479671	-221.19727	0.50214297	0.01675527	0.145	8.0	5499.980523347855
207	263.14713	110.76287	435.68466	79.10764	207.52632	78.82181	2.926594	84.416565	69.206665	832000	-1.013279e-08	2800.2441	-0.016553845	-3.2583008	0.4995616	0.016027596	0.10475	8.0	5525.0724012851715
208	294.87128	71.38955	398.2257	86.33245	205.57895	79.62414	1.1356361	81.637405	69.54906	836000	1.3113022e-08	1668.897	-0.013652105	-59.13318	0.4971635	0.015654795	0.15725	5.0	5550.143424272537
209	298.3165	54.77344	368.60095	131.96237	186.19048	82.60239	1.0456381	87.53413	76.36501	840000	6.9141386e-09	1890.5385	-0.014735854	-108.52576	0.495164	0.018203631	0.1825	5.0	5575.052329301834
210	253.81227	106.63796	425.53287	85.7112	202.26315	86.72472	1.0413636	91.31731	83.90623	844000	1.2218952e-08	2966.1958	-0.017106133	-37.338867	0.49330348	0.015263236	0.11775	10.0	5600.262479543686
211	328.76196	83.02924	435.8845	132.33173	206.63158	84.454346	1.3842167	89.37706	74.97439	848000	-3.5762786e-09	2412.6694	-0.011283361	-145.40063	0.49145132	0.016988851	0.13625	3.0	5625.372197151184
212	272.94922	104.74618	410.9729	84.9566	220.61111	88.81118	0.8937947	93.41606	85.15136	852000	1.6093255e-09	2616.3877	-0.0070696413	-38.05078	0.48997918	0.017278885	0.20275	3.0	5650.4763650894165
213	271.83948	112.46865	384.24835	80.47746	231.64706	86.64072	1.4659724	91.65842	80.63327	856000	-1.4305115e-09	2383.5928	-0.012811481	-46.988525	0.4879997	0.016269939	0.13575	8.0	5675.929162502289
214	234.04865	124.5308	393.59348	66.88634	226.76471	83.6728	2.1779163	84.63207	70.33894	860000	-1.1324882e-08	2879.4695	-0.011671317	-152.41089	0.4847167	0.015084699	0.17225	4.0	5700.9878351688385
215	169.56126	114.59162	390.66373	55.000763	217.5	76.58842	5.227179	80.748146	51.82635	864000	6.9141386e-09	3306.352	-0.016576117	-943.38477	0.4822481	0.016425036	0.1165	16.0	5726.526636600494
216	158.77762	101.53635	386.4366	62.884464	220.27777	53.231174	5.1482058	76.464005	35.58926	868000	-1.9073487e-09	2509.7036	-0.013385505	-270.06494	0.47964156	0.017107094	0.10675	12.0	5751.578904867172
217	225.05463	137.52217	389.38538	60.963486	218.5	37.907024	2.7642486	67.13384	22.015934	872000	7.629395e-09	3629.3345	-0.026317794	-629.58765	0.47760156	0.015025129	0.10625	47.0	5777.538863897324
218	218.84117	122.73602	387.85095	67.801476	225.23529	57.535217	2.2304218	77.1589	52.21123	876000	4.2915342e-09	2751.4934	-0.027813843	-11.639404	0.4777483	0.009874397	0.12475	79.0	5804.533955335617
219	197.27057	122.45393	398.21814	63.228058	219.05556	58.920303	2.1147857	77.67407	38.50271	880000	-2.2292138e-08	2815.6355	-0.02965859	-27.206543	0.47649163	0.014033647	0.12975	79.0	5831.396774768829
220	170.35439	116.68074	381.97635	54.958805	206.05263	56.759445	1.008208	73.19389	51.667904	884000	8.225441e-09	2902.954	-0.03127421	-69.50293	0.4744227	0.008618524	0.117	79.0	5858.439562082291
221	188.61116	116.67889	367.54404	58.82373	210.72223	53.047005	2.187597	60.25883	42.22795	888000	-1.2695789e-08	2915.6975	-0.030489244	-1.8833008	0.46309358	0.007664783	0.12475	79.0	5885.527839899063
222	249.42749	133.81192	389.8973	66.973465	219.77777	52.879707	1.8582788	56.211803	45.050064	892000	1.45435335e-08	3231.899	-0.029544437	-264.93896	0.46477148	0.009804603	0.13475	79.0	5913.057609081268
223	222.82318	105.848785	366.7215	68.699745	227.35294	61.965996	2.9687128	77.56044	56.79955	896000	-1.45435335e-08	2130.9673	-0.00844024	-8.859619	0.46288216	0.015915575	0.161	5.0	5938.2305653095245
224	209.24586	122.78544	416.17566	76.80799	215.55556	60.479877	2.5726185	77.166435	53.823296	900000	-2.6226044e-08	2869.1536	-0.022558387	-16.343262	0.46051937	0.0150788	0.096	20.0	5964.12672162056
225	171.10056	85.10023	342.95737	62.323338	226.35294	57.441803	0.81971467	65.7213	41.712486	904000	1.34706495e-08	1857.0532	-0.022786928	-217.05957	0.4576114	0.012552643	0.11475	79.0	5991.258057355881
226	186.9382	115.639656	373.34717	63.312447	220.61111	45.659683	2.8747573	63.592354	22.309652	908000	-8.106232e-09	2556.155	-0.028258907	-6.5407715	0.45774463	0.013489642	0.11725	79.0	6018.374037027359
227	218.83698	116.07267	396.13528	62.5373	214.0	46.288124	2.296646	63.202362	42.59104	912000	9.536743e-09	2946.3538	-0.029567314	-208.65161	0.45956078	0.01412767	0.14225	79.0	6045.469318628311
228	250.92357	118.32958	420.77347	92.21606	229.17647	57.85059	1.8790301	70.48846	40.86478	916000	2.6583672e-08	2889.5264	-0.035311192	-99.25366	0.45591846	0.011513398	0.13975	79.0	6072.298831701279
229	259.64084	127.56583	439.07315	68.91745	225.88235	65.10572	1.9028254	77.97065	57.953632	920000	3.2305717e-08	2871.4255	-0.015005138	-49.04883	0.4543304	0.015019177	0.13925	8.0	6097.613728761673
230	234.33203	118.26156	396.12006	70.740845	215.16667	70.89886	3.3576589	79.28014	61.248238	924000	2.1457671e-09	3043.79	-0.03413295	-30.910156	0.4524685	0.01501986	0.1425	62.0	6124.668503284454
231	273.63562	131.84082	414.7498	70.029045	217.33333	67.07808	1.8909676	76.89736	53.783802	928000	1.8835069e-08	3351.469	-0.0129397735	-150.72803	0.45500487	0.016320392	0.115	5.0	6150.04048871994
232	234.16168	120.012634	409.38046	67.36951	218.27777	75.232796	2.308963	86.30161	64.20438	932000	7.7486035e-09	3057.3982	-0.03727448	-60.493896	0.4531966	0.012750106	0.1455	79.0	6177.184309244156
233	186.58435	97.41435	377.25363	75.894806	228.52942	71.33458	3.2379372	81.76526	60.082348	936000	2.4557114e-08	2448.0388	-0.02555412	-480.35913	0.44762972	0.015029337	0.1005	50.0	6203.951680898666
234	189.51346	97.349495	375.5982	88.29698	229.41176	56.95804	2.5696204	69.26527	51.59876	940000	8.672476e-09	2228.6167	-0.004574203	-87.746826	0.43422762	0.015345344	0.19275	3.0	6229.154759645462
235	211.25914	130.17769	427.1912	82.08105	225.82353	47.52635	4.612696	67.11102	33.495422	944000	7.510185e-09	2962.362	-0.022530584	-77.552	0.43155777	0.015059168	0.09475	17.0	6254.732157707214
236	227.40742	140.53886	426.66446	67.54933	224.23529	52.542976	2.1254554	65.7598	48.415504	948000	-1.4305114e-08	2983.907	-0.033204015	-116.82324	0.42734122	0.012608654	0.1405	79.0	6281.969433069229
237	183.59007	134.19595	417.162	61.67552	213.27777	59.286694	2.037772	70.198235	55.473644	952000	2.270937e-08	2748.3364	-0.012441482	-39.288574	0.42135784	0.015787682	0.16925	9.0	6307.452824831009
238	183.20567	116.62137	387.1426	59.185886	224.94118	56.71221	0.9223278	63.2977	51.90458	956000	-3.59118e-08	2412.822	-0.024837367	-89.40576	0.41778564	0.010471143	0.12425	79.0	6334.898784637451
239	201.29297	125.503944	392.59167	62.34195	221.0	49.99337	1.2761587	60.136242	46.02271	960000	-1.8417834e-08	2505.1016	-0.021702662	-11.148682	0.41568685	0.0150810825	0.11575	32.0	6360.774503946304
240	175.4963	116.54609	399.05402	73.71534	221.77777	51.47732	1.1715924	59.805447	46.671795	964000	-1.3828277e-08	2751.629	-0.022725936	-36.946533	0.41197172	0.015599123	0.116	24.0	6386.534354686737
241	220.61719	136.91508	440.70923	72.52851	220.38889	48.744465	1.8532734	66.11218	28.701124	968000	8.225441e-09	3351.282	-0.033685565	-76.909424	0.4116505	0.009289045	0.148	79.0	6413.586437702179
242	244.34482	126.402985	403.3497	65.58372	230.64706	52.60339	1.9211638	64.651886	48.471878	972000	1.3947487e-08	2983.958	-0.011787665	-151.9751	0.40867284	0.0152225075	0.11425	7.0	6438.810063362122
243	165.87419	92.17555	366.60742	74.971634	227.05882	59.73621	2.1272905	71.591225	58.819294	976000	6.0796737e-09	2255.2803	-0.0174289	-172.57056	0.40636986	0.015329143	0.087	18.0	6464.235637664795
244	153.08064	97.177605	369.7799	70.35103	217.22223	54.678123	1.3168274	59.85923	47.400955	980000	1.4066696e-08	2371.31	-0.02714112	-309.4524	0.40519068	0.01329604	0.12525	79.0	6491.306631565094
245	188.92256	116.29804	379.7478	72.452774	220.66667	37.19288	4.1744037	56.72309	33.27623	984000	2.0384789e-08	2603.1245	-0.014438388	-135.44678	0.40806335	0.0151459295	0.10725	12.0	6516.554898738861
246	192.84367	107.26133	383.2737	89.62203	225.41176	45.167194	2.1785452	57.96812	41.34351	988000	-7.2717667e-09	2366.6936	-0.02790812	-28.904053	0.4081458	0.011442152	0.12225	79.0	6543.662704229355
247	240.10968	105.32447	387.98962	77.043945	223.11765	49.635757	1.5307605	58.335556	42.86892	992000	-2.7656554e-08	2673.7698	-0.030134687	-276.448	0.40414152	0.01127718	0.12875	79.0	6570.976296663284
248	241.75403	104.55579	396.29233	98.254036	225.17647	61.515785	2.743682	71.113	55.043453	996000	-8.46386e-09	2293.948	-0.030196242	-28.437256	0.39921466	0.010767916	0.13425	79.0	6598.079837322235
249	212.78503	134.67215	431.35583	64.72752	203.52632	64.98059	2.2213023	72.16553	55.159008	1000000	-1.4722347e-08	3285.8862	-0.037008777	-10.576172	0.39741424	0.013511917	0.15125	79.0	6625.323424339294
