Epoch	AverageEpRet	StdEpRet	MaxEpRet	MinEpRet	EpLen	AverageVVals	StdVVals	MaxVVals	MinVVals	TotalEnvInteracts	LossPi	LossV	DeltaLossPi	DeltaLossV	Entropy	KL	ClipFrac	StopIter	Time
0	9.893701	3.3482254	28.49196	1.9369856	15.560311	-0.3396156	0.14442453	0.31963795	-0.6905334	4000	-8.8214875e-09	34.695374	-0.017072367	-17.928747	0.91893864	0.016071564	0.19425	5.0	735.0957064628601
1	13.055657	6.811968	64.106705	3.9811585	18.663551	3.6847227	0.6902501	4.3767104	-2.0453413	8000	5.2452087e-09	48.93228	-0.01717676	-6.0847588	0.91789055	0.015033842	0.158	5.0	1807.7545337677002
2	21.178293	13.432537	79.5962	6.847044	26.231789	5.9831457	0.40914193	6.285761	-0.24087736	12000	9.536744e-10	147.16447	-0.019121729	-23.351357	0.91652924	0.018623574	0.2155	6.0	2940.21400642395
3	62.87155	63.97073	254.46347	11.517757	51.076923	9.9478855	0.17115733	10.039497	6.481667	16000	-8.3446505e-10	2357.7993	-0.012382993	-331.6587	0.9153981	0.01587666	0.22	6.0	4047.9036757946014
4	146.31276	78.99895	275.168	11.847827	86.847824	16.204155	0.0050743655	16.207825	16.111895	20000	9.417534e-09	4712.135	-0.008236559	-593.9873	0.9134766	0.015201508	0.17025	7.0	4786.897672891617
5	163.5979	42.72289	236.71179	21.315582	82.125	21.997719	0.00083350076	21.998516	21.983503	24000	4.2915342e-09	4080.4636	-0.0134211965	-449.02124	0.9106915	0.010908865	0.1095	79.0	6051.573741912842
6	167.02876	36.38445	219.38	80.930435	78.39216	26.367855	0.00036322753	26.368206	26.362543	28000	0.0	3907.43	-0.0070505566	-364.81274	0.90620744	0.016163817	0.23275	10.0	7183.734721660614
7	192.92618	24.072023	220.09691	114.06499	86.804344	30.056395	0.00024487986	30.056595	30.053102	32000	2.5331974e-09	4505.366	-0.010794228	-391.64697	0.90614396	0.0047176764	0.0855	79.0	8261.35385298729
8	185.30757	29.161875	217.70917	84.7636	84.40426	33.690876	0.00029405102	33.691055	33.684723	36000	3.5762786e-09	3807.323	-0.013540051	-301.40527	0.91495955	0.0072376444	0.0955	79.0	9131.18826508522
9	165.90627	32.917534	218.80844	83.46532	77.70588	36.829433	0.00026395413	36.829594	36.821327	40000	-6.1392784e-09	2766.9917	-0.014721247	-191.24951	0.9190319	0.0058143074	0.09175	79.0	10173.062814712524
10	152.42761	41.654835	212.0708	63.67348	72.545456	39.33728	0.00025166344	39.33743	39.33313	44000	-1.4305115e-09	2299.2444	-0.0055438667	-137.88403	0.9358575	0.016303435	0.2175	9.0	11211.614246368408
11	178.05467	37.35918	224.07063	55.967358	81.408165	41.47864	0.00022494997	41.478752	41.473957	48000	-2.6226044e-09	2914.1804	-0.014112767	-191.93994	0.9371683	0.0044121677	0.0745	79.0	12430.960010766983
12	171.08601	32.33977	215.71028	76.98182	79.28	43.977562	0.00034534725	43.97769	43.968235	52000	1.192093e-10	2361.6907	-0.006219293	-147.10083	0.94084895	0.016727192	0.2125	9.0	13565.93237543106
13	181.73137	33.860752	216.38042	77.40378	82.666664	46.21807	0.00036937947	46.21818	46.207085	56000	-5.4836273e-09	2570.9893	-0.01196682	-160.17358	0.94186074	0.0034194612	0.10025	79.0	14786.207788944244
14	154.8644	42.355427	202.46063	51.158108	73.35185	48.54814	0.00049819524	48.548267	48.531055	60000	6.0796737e-09	1791.8027	-0.0072752526	-80.55957	0.93024236	0.015307209	0.2265	7.0	15943.36083984375
15	166.23782	41.13513	210.53168	51.305077	77.45098	50.26596	0.00033459504	50.266075	50.256874	64000	0.0	1930.6855	-0.006435631	-94.62781	0.92814875	0.017033048	0.1665	7.0	17090.21544599533
16	185.58897	7.4361897	202.42691	165.8912	84.61702	52.10451	0.0006899673	52.10462	52.07935	68000	1.4305115e-09	1986.4006	-0.011040875	-116.41528	0.9278514	0.0035885368	0.06675	79.0	18298.71399784088
17	149.72609	46.486664	240.60489	53.170074	72.05454	54.169014	0.00044729235	54.169136	54.15246	72000	-1.4305115e-09	1448.4127	-0.0050491206	-43.335205	0.92073536	0.016347576	0.19525	7.0	19422.34449672699
18	169.0123	31.230541	211.89996	65.03393	80.32653	55.500427	0.060271293	55.50292	53.37146	76000	-2.1457671e-09	1512.55	-0.010712241	-57.911255	0.917999	0.00729235	0.06425	79.0	20634.82336139679
19	154.36981	43.047928	265.48984	44.385105	74.92453	57.003334	0.0003120607	57.003487	56.9974	80000	-2.861023e-09	1361.1693	-0.016804703	-32.45508	0.9176979	0.007837354	0.1055	79.0	21633.195606708527
20	127.204445	41.635693	190.53621	47.25339	64.40323	58.18263	0.00018809648	58.182747	58.177757	84000	-1.3113022e-09	1000.8147	-0.010247126	-2.1453857	0.9132715	0.01552116	0.22475	5.0	22091.992765188217
21	172.54462	31.862005	264.47	66.1046	82.833336	58.537823	0.00018415885	58.537907	58.53214	88000	0.0	1409.0968	-0.013813233	-44.89612	0.9117948	0.0031691517	0.09425	79.0	22235.624365329742
22	143.97707	33.697895	199.1666	67.73043	72.12727	59.895447	0.00068390096	59.895576	59.867916	92000	-6.377697e-09	1005.0348	-0.018506464	-6.591675	0.9039246	0.009547352	0.1145	79.0	22431.375504255295
23	123.53268	37.76923	188.58813	48.639374	63.38095	60.506485	0.00025019754	60.506603	60.50115	96000	8.5830685e-09	905.90796	-0.0047769938	-0.27233887	0.89685166	0.016592918	0.30425	6.0	22674.683610200882
24	164.15794	47.88768	311.9983	53.013245	80.42857	60.420162	0.0022778457	60.420383	60.32277	100000	-1.1920929e-09	1423.631	-0.017939705	-30.522583	0.8971035	0.0032888416	0.1125	79.0	22881.739990711212
25	130.58488	37.543537	268.3008	46.908337	67.28814	61.59328	0.00021407845	61.593395	61.58587	104000	0.0	923.33057	-0.0038849625	0.10534668	0.89453506	0.018901879	0.2115	8.0	23164.308168888092
26	135.29832	41.29959	301.22787	52.374516	70.60714	61.648838	0.00043678482	61.649	61.63788	108000	2.384186e-10	1038.0662	-0.02242317	-0.0107421875	0.8920709	0.012643724	0.132	79.0	23362.675552368164
27	120.38659	40.59012	245.05066	50.623238	63.629032	61.66715	0.00038936466	61.667305	61.6559	112000	-6.1392784e-09	948.06195	-0.0072950483	-3.4660034	0.89765567	0.01613455	0.265	6.0	23423.966931581497
28	154.45885	40.51309	254.4175	70.74512	77.82	61.243603	0.00033208128	61.243736	61.233192	116000	1.1920929e-09	1228.0494	-0.006548306	-14.447632	0.89626503	0.018553568	0.244	5.0	23486.017780780792
29	157.67586	35.006767	264.9873	86.89784	80.265305	62.10516	0.00036595477	62.105297	62.094246	120000	2.503395e-09	1114.0099	-0.018101664	-10.49353	0.89510524	0.008201648	0.09475	79.0	23563.888906240463
30	123.40949	27.685404	181.84009	56.43094	65.13115	62.930725	0.00015791449	62.930836	62.92717	124000	-7.1525574e-10	841.8871	-0.00714141	-8.861816	0.89210546	0.016242662	0.174	6.0	23624.781163930893
31	155.3589	38.552628	275.6377	65.52954	78.62	62.248554	0.00018954193	62.248665	62.24518	128000	8.8214875e-09	1128.9832	-0.015667753	-8.6171875	0.8912959	0.0032508755	0.10125	79.0	23686.590502023697
32	114.085815	33.611492	170.42494	44.811268	60.166668	62.931736	0.00041320358	62.93186	62.916157	132000	6.6757204e-09	875.9228	-0.0049202945	-15.605469	0.8872732	0.020020474	0.221	5.0	23746.727667570114
33	150.16994	33.077995	181.99113	51.923763	74.98113	61.97995	0.0001703071	61.98007	61.978348	136000	-1.4305115e-09	995.6161	-0.019058542	-5.1343384	0.88604486	0.0070409947	0.1155	79.0	23820.488238096237
34	107.908134	35.373894	171.79259	41.687557	57.04286	62.505203	0.00013357848	62.505333	62.504356	140000	8.34465e-09	890.9081	-0.009670337	-23.157593	0.8770629	0.015780643	0.183	4.0	23884.88361310959
35	134.42424	29.375084	181.75298	47.851997	69.929825	61.284508	0.0009405702	61.284954	61.27536	144000	-2.2053719e-09	866.38055	-0.020548431	-0.5430908	0.8761111	0.0110591855	0.11675	79.0	23947.9361038208
36	127.39889	35.60966	237.8304	40.678497	67.32204	60.941715	0.22514819	61.01067	59.42438	148000	-4.7683715e-09	891.5584	-0.022627307	-3.128479	0.8884732	0.0067496505	0.13	79.0	24015.58403944969
37	99.42366	30.927813	185.57382	41.565063	54.054794	59.596317	1.3279518	60.673088	57.20047	152000	-1.4066696e-08	831.35986	-0.0062898323	-123.54303	0.9020276	0.015850486	0.27475	7.0	24064.485815286636
38	94.89061	31.86483	158.49266	45.99161	51.285713	48.714527	0.14319982	49.229282	47.61719	156000	-2.1457671e-09	693.926	-0.0060218843	-1.8179932	0.90081424	0.02321503	0.2895	5.0	24122.70382499695
39	115.38043	37.43951	176.98083	39.716	61.46154	47.427364	0.29042134	48.515434	46.80446	160000	8.3446505e-10	895.52216	-0.008428898	-28.882385	0.89955014	0.017324269	0.21825	4.0	24178.587850809097
40	150.8942	40.224995	229.28128	59.55064	76.80769	49.792	0.05171784	50.922314	49.77337	164000	5.960465e-11	1352.8917	-0.019306868	-182.85059	0.8975407	0.003050345	0.141	79.0	24254.267315864563
41	116.91737	33.938282	171.8736	43.134327	61.96875	56.334797	1.0572194	59.517036	55.80725	168000	-2.7418137e-09	806.3703	-0.0061041815	-2.048523	0.8898313	0.019293059	0.226	7.0	24310.575973033905
42	133.79301	34.45261	178.69986	46.962215	68.39655	55.87208	0.043101672	57.411686	55.86139	172000	1.1920929e-09	931.4657	-0.021129694	-9.830383	0.888068	0.007178235	0.12575	79.0	24378.11062312126
43	105.91294	40.983067	173.89932	39.92663	55.957745	56.827007	0.1854372	59.57649	56.781178	176000	8.106232e-09	839.653	-0.0068584597	-3.6947632	0.8914733	0.020157129	0.2465	5.0	24434.520461559296
44	134.66449	32.404793	175.7583	41.55663	69.0	56.27583	0.06841457	58.253647	56.242928	180000	2.1457671e-09	903.4102	-0.016989266	-9.838623	0.88963723	0.0074292296	0.11625	79.0	24513.525511980057
45	114.687294	34.006275	164.09503	42.126724	60.484848	57.229244	0.14474738	60.306286	57.199963	184000	9.536744e-10	785.2788	-0.0031638688	-2.3434448	0.8894323	0.015697045	0.23275	7.0	24690.488047599792
46	103.57481	38.80007	169.89307	39.815594	54.69863	56.78472	0.010977854	57.003563	56.7779	188000	6.6757204e-09	824.47034	-0.005147755	-8.588745	0.88856965	0.016379671	0.224	5.0	24901.499104499817
47	119.39999	34.16645	210.71092	55.867912	62.61905	55.8113	0.055557244	57.19232	55.80136	192000	8.106232e-09	822.9482	-0.02063078	-0.022033691	0.88628256	0.006369931	0.12625	79.0	24974.2505068779
48	88.42006	32.389027	168.35728	38.55695	48.353657	55.829437	0.020094106	56.536213	55.821613	196000	1.1920929e-09	777.0044	-0.009808953	-41.8042	0.876662	0.020681221	0.24525	4.0	25037.199271678925
49	114.4466	43.79038	176.19388	40.41604	59.41791	53.68125	0.013877259	54.347443	53.673676	200000	1.1920929e-09	901.0342	-0.0061329696	-2.463501	0.8751621	0.01878324	0.22	4.0	25083.03056883812
50	125.25818	34.73042	175.4856	41.474552	64.34426	54.11037	0.0016989635	54.12536	54.104355	204000	2.384186e-10	898.64166	-0.0051838905	-12.284607	0.87351763	0.019248134	0.295	5.0	25150.561285495758
51	131.3053	32.82373	177.98875	58.776768	66.4	55.350163	0.0022312412	55.41534	55.344223	208000	-5.4836273e-09	890.59033	-0.0040041306	-13.506836	0.8723809	0.015404986	0.2045	6.0	25283.56841993332
52	123.53506	35.725292	177.51808	52.10076	63.031746	56.692787	0.0013311722	56.701286	56.68719	212000	4.7683715e-09	843.66034	-0.0195533	-2.2070923	0.8719827	0.008327083	0.132	79.0	25574.977011680603
53	99.437454	33.051266	158.81702	42.03123	53.053333	57.28602	0.0017247739	57.313026	57.280956	216000	-7.987023e-09	780.51434	-0.008447363	-25.739868	0.8668658	0.02355277	0.3045	4.0	25857.175599336624
54	131.4252	36.173958	184.06956	38.69641	66.46667	55.48507	0.001784288	55.508076	55.479736	220000	-1.9669533e-09	908.5674	-0.019319875	-14.251648	0.866435	0.008684746	0.126	79.0	26130.74702334404
55	110.01332	34.741566	173.30663	49.075504	57.652172	56.766655	0.0015825739	56.77825	56.761696	224000	7.1525574e-10	784.43	-0.0064012106	-3.7990723	0.8692818	0.020532563	0.255	5.0	26413.53147983551
56	123.115524	34.62197	183.87093	41.129765	63.079365	56.11836	0.0015377318	56.131355	56.112797	228000	8.3446505e-10	834.17316	-0.006987506	-1.9777222	0.86795956	0.018304111	0.20625	3.0	26580.407506465912
57	139.82315	33.190403	175.68152	47.149376	70.32143	56.608044	0.0022015362	56.640343	56.602543	232000	-2.503395e-09	941.12787	-0.0038847593	-27.0755	0.86651504	0.015571081	0.19025	4.0	26840.786114931107
58	148.77577	26.157385	178.65475	43.73604	74.471695	58.619118	0.020225376	59.667713	58.612312	236000	1.1086464e-08	946.3386	-0.016529044	-28.729065	0.86626863	0.007083518	0.112	79.0	27127.832448482513
59	135.78728	33.54258	175.27132	47.638626	68.344826	60.78684	0.13770467	62.705112	60.747982	240000	7.867813e-09	862.728	-0.018076152	-2.7369995	0.86542255	0.0072012832	0.1375	79.0	27314.276770591736
60	106.950165	37.975876	152.94867	40.59488	56.528572	61.957493	1.0095296	64.65521	61.410877	244000	5.4836273e-09	857.6099	-0.021061616	-42.11377	0.8499527	0.0057574734	0.126	79.0	27395.567039966583
61	81.296616	32.875	157.80807	40.138775	44.4	59.2191	0.0011019338	59.220966	59.21481	248000	6.3180923e-09	917.91864	-0.009323277	-126.63757	0.8337725	0.017007021	0.26025	5.0	27458.57220506668
62	77.34661	37.078712	166.46127	41.649464	41.673683	54.811478	0.0027579886	54.814377	54.80376	252000	-4.4107438e-09	869.7729	-0.00638635	-134.87665	0.8315494	0.016711097	0.28475	5.0	27515.13500404358
63	80.51926	40.134956	168.51743	41.483643	43.184784	43.412506	0.6109293	45.374805	42.227486	256000	-4.7683715e-09	774.41034	-0.008223616	-2.890442	0.8296565	0.016240235	0.207	3.0	27687.930580854416
64	104.50409	45.729393	180.0779	38.723545	53.9863	45.014427	0.007660693	45.11222	44.983273	260000	-4.7683715e-09	995.0097	-0.007198005	-44.961548	0.8281936	0.019851891	0.216	3.0	27959.57673549652
65	142.93991	33.482258	175.82951	45.727623	70.25	47.59665	0.008758109	48.09327	47.587944	264000	1.6689301e-09	1255.9136	-0.019296927	-241.9104	0.827162	0.008006109	0.135	79.0	28048.041945934296
66	130.82927	28.884228	171.24341	46.556915	66.583336	55.548157	0.15892541	55.591633	53.18305	268000	4.7683715e-09	816.93427	-0.018564174	-19.191528	0.80850327	0.008128645	0.10975	79.0	28129.549538612366
67	100.89044	34.150166	162.73134	39.69925	53.876713	58.774837	1.4208653	60.324303	56.963818	272000	-2.384186e-10	814.17804	-0.010218826	-66.629395	0.8157126	0.017068945	0.214	5.0	28442.900869607925
68	126.26092	33.71611	166.7932	43.009	63.903225	51.697773	0.56843656	52.285027	49.8105	276000	-1.0967255e-08	886.5393	-0.0055326833	-60.28131	0.8143275	0.017049288	0.17975	3.0	28722.544837474823
69	147.74408	29.404007	181.98312	56.01715	71.69091	56.849834	0.052372087	56.90028	55.778713	280000	-9.059906e-09	1020.29285	-0.016210781	-58.78125	0.81224024	0.007213337	0.11625	79.0	28998.51833176613
70	121.97712	35.38837	171.08961	41.263992	62.203125	59.810123	0.010219698	59.815792	59.49207	284000	3.0994416e-09	821.01306	-0.017919447	-0.13342285	0.81406957	0.003086805	0.1175	79.0	29265.738291740417
71	97.40745	33.1261	153.34573	41.426815	52.289474	59.748398	0.0076936274	59.767857	59.62947	288000	-1.1324882e-08	802.9612	-0.022185821	-53.85913	0.8106898	0.008531333	0.13	79.0	29421.661078453064
72	80.01263	30.290562	148.22935	39.960266	44.166668	56.913666	0.023971952	56.934017	56.603233	292000	1.6689301e-09	817.358	-0.005990674	-228.88031	0.7956627	0.017164512	0.16925	3.0	29581.06164622307
73	102.43906	32.153904	151.1294	44.17003	55.208332	42.297153	1.2283548	50.827225	40.421192	296000	3.3378602e-09	748.864	-0.02415468	-51.752136	0.7944797	0.013688327	0.14775	79.0	29844.28190588951
74	85.053246	31.450739	145.95546	39.961544	46.85882	47.960613	1.3607473	54.67354	46.988373	300000	7.212162e-09	632.0599	-0.007880343	-17.431946	0.8023383	0.017374275	0.21	5.0	30034.36461997032
75	74.66358	35.549248	150.91551	41.731316	40.742268	45.27197	1.2792159	47.11142	43.029778	304000	7.629395e-09	699.01807	-0.007496563	-7.0428467	0.8001863	0.015037697	0.20125	3.0	30321.43552327156
76	106.95252	34.768913	150.38858	45.461994	56.62857	43.969666	1.419655	45.277916	42.14304	308000	-4.768372e-10	800.8238	-0.020077182	-49.92267	0.79903865	0.007283154	0.12375	79.0	30567.721624851227
77	81.103386	31.840048	143.68854	45.423138	44.606743	47.833874	1.0031505	51.87216	47.101357	312000	-5.00679e-09	641.6931	-0.0049524475	-18.113464	0.7966914	0.016580414	0.211	5.0	30656.6102976799
78	62.422783	22.530834	152.25969	39.912422	34.991226	45.680225	1.0093415	46.860962	42.9389	316000	2.9802323e-09	580.771	-0.008462252	-149.57211	0.79525816	0.02067349	0.196	3.0	30721.185210466385
79	112.486115	30.763388	148.74792	49.3631	59.68182	34.336067	0.907229	37.586845	32.26287	320000	-1.07288365e-08	1081.4298	-0.0047781817	-311.0763	0.7940368	0.01504112	0.1785	4.0	30791.2327811718
80	94.33964	35.93908	153.79538	45.969666	50.589745	46.380398	0.97324413	47.856285	43.760845	324000	3.3378602e-09	722.8523	-0.005720046	-4.1671143	0.79338735	0.016333366	0.2035	3.0	31006.285008907318
81	111.53515	33.889286	160.58012	41.95017	58.74627	47.633858	0.3782393	50.456867	46.28413	328000	4.2915342e-09	806.36584	-0.021621775	-24.648315	0.7927688	0.008034784	0.14675	79.0	31098.623472929
82	99.25085	32.667885	150.84996	42.41667	53.37838	50.34313	1.6831981	54.979225	49.184177	332000	-8.5830685e-09	688.8579	-0.0054194983	-3.2329712	0.79771125	0.01662527	0.20125	3.0	31302.367588996887
83	113.566666	17.059599	138.8782	45.105373	61.6875	49.609516	0.9618134	52.722416	49.04511	336000	7.1525574e-10	650.59216	-0.023331359	-1.159668	0.7971367	0.012862389	0.14875	79.0	31380.063289165497
84	98.84309	27.258696	146.0429	43.841972	53.87838	50.019894	0.9010101	53.63988	49.4908	340000	-6.9141386e-09	634.49664	-0.022569168	-6.154602	0.80857235	0.01107399	0.145	79.0	31460.14065694809
85	87.624466	24.872065	141.71808	45.770226	48.592594	48.75056	0.4910391	49.582714	46.088467	344000	1.192093e-10	606.7112	-0.0044715963	-21.476746	0.8068522	0.016053421	0.22125	6.0	31520.796217918396
86	77.32822	29.65571	149.0861	43.073257	42.774193	45.886948	1.4948102	47.23148	43.936157	348000	-7.152557e-09	597.65985	-0.0049451822	-18.000793	0.8052011	0.017404852	0.22275	4.0	31583.055954933167
87	99.57617	31.85545	141.41702	40.37002	53.98649	43.91312	1.522545	47.793167	42.219154	352000	-1.66893e-08	690.89636	-0.023542238	-15.300598	0.8040263	0.010116525	0.147	79.0	31661.341419696808
88	81.01828	28.75888	136.13634	41.604485	44.897728	45.932056	1.2818278	47.343002	43.498405	356000	-1.9073487e-09	595.2799	-0.022551851	-12.681641	0.8043264	0.009915819	0.127	79.0	31748.8851480484
89	78.9547	28.573545	136.48532	41.731297	43.846153	43.93503	1.4897114	45.446087	42.332195	360000	-2.1457671e-09	561.9813	-0.010147074	-8.283508	0.79904324	0.017585771	0.23475	5.0	31808.63491988182
90	72.66944	29.975098	142.00485	40.598454	40.418365	42.441475	1.4230156	44.182198	41.111275	364000	9.536744e-10	572.64813	-0.0051444536	-12.795105	0.7971761	0.023807252	0.27225	4.0	31873.11098575592
91	110.94997	32.011982	148.87509	43.711056	59.313435	40.074574	0.101965934	42.035934	39.931732	368000	-3.3378602e-09	874.2358	-0.019949399	-122.79004	0.79617316	0.01069165	0.129	79.0	31954.175971746445
92	86.975044	33.295467	145.3655	43.94071	47.607143	46.942535	0.933402	52.101612	43.82829	372000	1.1920929e-09	651.65845	-0.023066109	-3.387329	0.8134752	0.0072568436	0.147	79.0	32037.09556865692
93	72.8519	28.79018	136.72977	41.79453	40.72449	46.153164	0.8097393	47.28736	43.224236	376000	1.6689301e-09	591.05884	-0.0057768514	-46.654297	0.81042963	0.022785712	0.22475	2.0	32092.59449982643
94	98.62938	24.112396	131.83975	41.581104	54.30137	41.972797	1.106865	43.6246	40.624615	380000	-4.529953e-09	611.1063	-0.02093712	-14.383118	0.80913275	0.011276919	0.1415	79.0	32163.52779865265
95	97.44584	21.009333	129.81645	43.65555	54.08219	44.22009	1.2453953	46.38057	41.99786	384000	-7.152557e-09	578.19147	-0.019440355	-1.999939	0.79676765	0.009047963	0.12625	79.0	32236.773370027542
96	88.573715	25.687542	132.87936	45.793278	49.2625	45.093914	1.0844926	46.463154	42.483604	388000	1.7881393e-09	572.17896	-0.0047755702	-1.7401123	0.79266775	0.018675145	0.29375	5.0	32407.629224061966
97	94.93818	29.705797	139.13834	41.59495	52.31579	44.452496	1.0609952	51.402607	41.939224	392000	2.6226044e-09	620.2142	-0.007137494	-3.0269165	0.79150075	0.018949583	0.1725	3.0	32483.05232310295
98	107.941925	12.275689	128.9278	44.152016	59.924244	45.472107	0.6081041	49.649906	42.59184	396000	0.0	587.6256	-0.017879805	-5.3118896	0.78925914	0.0051588747	0.1215	79.0	32555.079835176468
99	96.417755	23.22082	125.01682	39.575275	53.87838	46.715694	0.55312794	52.75271	45.021294	400000	4.7683715e-09	567.4072	-0.020869898	-1.8692017	0.79221344	0.01129361	0.124	79.0	32632.222753047943
100	89.282745	21.490723	118.10442	40.455383	50.253166	46.038647	0.48105678	48.452206	43.52681	404000	1.9073487e-09	528.0163	-0.0067439224	-10.975037	0.7874883	0.015653979	0.21	7.0	32708.59045267105
101	84.36166	27.761194	122.51829	39.613434	47.17857	43.59565	1.0467161	44.915936	41.47722	408000	4.4107438e-09	558.87964	-0.008268703	-2.2557373	0.7855814	0.019824268	0.28	5.0	32984.54340696335
102	93.76261	29.90321	139.63838	41.591812	51.894737	42.814144	0.89655125	44.25715	40.879005	412000	-1.1444092e-08	634.60034	-0.0052537224	-10.346497	0.78315717	0.016449764	0.2145	5.0	33208.933644771576
103	88.742836	32.377956	139.66675	40.14508	49.271606	45.041656	0.46608382	47.542145	43.066925	416000	7.152557e-09	623.6358	-0.006623934	-0.21575928	0.7810001	0.017168235	0.2205	5.0	33399.302654743195
104	89.698746	33.84963	145.81622	43.224884	49.28395	44.811676	0.43564457	47.074654	42.73692	420000	-9.536744e-10	651.1501	-0.010523608	-0.28948975	0.7789688	0.018803705	0.1975	3.0	33686.873945236206
105	117.83099	20.663597	156.93187	46.17704	63.612904	45.10497	0.3959832	47.158817	44.077393	424000	1.6689301e-09	748.52954	-0.021595703	-49.018555	0.7775298	0.013231881	0.1475	79.0	33862.458825826645
106	117.23927	20.697273	144.34111	41.9865	63.5	49.653843	1.649449	51.933346	48.337715	428000	8.34465e-09	696.8677	-0.019766143	-11.214233	0.7720687	0.008539783	0.11875	79.0	34020.90868496895
107	94.96015	31.38892	145.41858	40.014336	52.105263	52.27381	1.3436055	53.335514	50.13803	432000	-9.536744e-10	682.3591	-0.004409115	-26.056885	0.7777985	0.017730229	0.18725	6.0	34330.30490088463
108	75.42633	29.388527	144.44736	40.5909	42.042107	48.861313	1.4684118	51.0871	47.662735	436000	-1.6689301e-09	652.08575	-0.008340839	-80.078125	0.7753938	0.017053027	0.19475	3.0	34556.776838064194
109	106.54493	32.835014	149.03163	45.921417	57.405796	42.695087	1.6210533	43.97412	38.757706	440000	-2.861023e-09	780.1188	-0.02227711	-67.54547	0.7736859	0.011109854	0.12975	79.0	34643.13113307953
110	87.88577	34.438713	149.38213	42.54734	48.108433	51.04526	2.1972263	54.68203	48.686073	444000	-2.384186e-10	701.87115	-0.0049775015	-37.742798	0.78271747	0.01623796	0.19675	2.0	34690.440912246704
111	108.81243	18.187086	137.76245	48.367577	59.701492	46.794968	1.285532	47.775253	43.706684	448000	2.1457671e-09	640.23065	-0.01813669	-5.6813965	0.78190106	0.0073846406	0.09525	79.0	34766.53135251999
112	100.88993	19.965607	127.826164	38.874264	55.732395	48.15204	0.9616527	50.64917	45.992622	452000	5.9604646e-09	596.09845	-0.02242663	-2.364746	0.774541	0.008278911	0.13825	79.0	34844.71828866005
113	80.31528	26.47744	122.81235	40.342216	44.78652	47.17792	0.9963811	48.168873	45.43256	456000	1.7166137e-08	579.2243	-0.0054041944	-46.309326	0.78062034	0.015781574	0.20625	6.0	34910.301647901535
114	63.99089	23.51716	129.35829	41.55106	36.027027	40.905117	1.514673	43.188103	37.42159	460000	7.629395e-09	482.07492	-0.007588019	-48.995117	0.7784836	0.015993467	0.175	3.0	34964.24545669556
115	89.53054	27.829308	129.70349	41.551495	49.6875	34.14497	0.60596585	39.611374	32.706036	464000	6.9141386e-09	669.1016	-0.006786153	-90.10693	0.7766262	0.020237284	0.2375	3.0	35030.52473664284
116	105.497604	25.330223	135.36678	40.638557	57.971016	43.40839	0.5634131	46.233818	42.589535	468000	-7.629395e-09	687.2083	-0.020239739	-32.24652	0.77475005	0.009864027	0.12075	79.0	35099.095672369
117	95.73449	27.60337	126.29971	38.65664	53.02667	48.129524	0.20710447	49.93771	47.320103	472000	3.6358834e-09	612.5648	-0.022476967	-4.5718994	0.78198993	0.008426615	0.1415	79.0	35170.70367646217
118	80.01511	30.035126	125.307304	40.065475	44.69318	46.793713	0.5506922	47.35037	44.31371	476000	-1.4305115e-09	613.4762	-0.009449978	-21.205261	0.7762006	0.01587336	0.20475	5.0	35230.281079530716
119	62.1383	23.554485	125.11403	38.30332	35.07895	43.37474	1.3003731	44.67993	41.912186	480000	-2.0861626e-09	526.41534	-0.0065557123	-90.9613	0.7749905	0.021181788	0.207	3.0	35295.20001578331
120	91.42374	29.34521	128.56255	40.13551	50.589745	36.331745	1.2348917	37.806828	34.8281	484000	2.026558e-09	685.26666	-0.022196116	-60.4375	0.77340007	0.01246471	0.13525	79.0	35377.30861401558
121	82.3885	31.195667	126.83313	38.687157	45.977013	41.10329	0.59504974	43.385796	40.865387	488000	-2.2649764e-09	598.9976	-0.005715508	-1.56604	0.7617157	0.019353196	0.2285	3.0	35441.02414083481
122	92.96858	26.360401	127.04718	40.058884	51.727272	41.9346	0.60591394	44.067226	41.66662	492000	-1.502037e-08	583.9277	-0.00625359	-4.715637	0.76016206	0.016362254	0.25325	4.0	35499.07134437561
123	106.43821	18.960524	125.27241	42.783722	58.80597	43.448177	0.93913066	45.541275	42.838978	496000	-9.536744e-10	641.66943	-0.018265689	-23.33075	0.7583916	0.0070740343	0.09725	79.0	35570.945875644684
124	96.345924	26.530699	129.06146	40.19505	53.472973	47.091206	0.9098139	48.120457	44.70483	500000	-6.6757204e-09	598.90814	-0.005740903	-1.2597656	0.7581175	0.017641312	0.26625	6.0	35630.50260448456
125	101.84993	23.959038	129.92055	39.70618	56.271427	46.35746	0.83339936	48.84967	44.261414	504000	1.6689301e-09	618.83575	-0.021163654	-1.9647217	0.7565027	0.0065164315	0.1085	79.0	35717.194189310074
126	93.6558	28.002123	122.37244	40.18271	51.909092	47.342564	0.63618773	49.23457	44.798973	508000	-9.894371e-09	599.15765	-0.007471914	-4.5284424	0.76033974	0.023363994	0.25625	5.0	35779.815531015396
127	109.88208	17.1996	144.20633	39.849823	60.692307	45.523655	0.9639536	49.423065	43.781643	512000	3.8146974e-09	634.81	0.0005044074	-14.3446045	0.758972	0.01825407	0.2185	2.0	35841.47243356705
128	62.30461	24.290173	131.21143	39.801537	35.327435	48.154686	0.5678418	51.466305	46.329662	516000	5.4836273e-09	651.84436	-0.0060854983	-206.59143	0.75752956	0.016865784	0.19875	3.0	35905.95972108841
129	91.93298	30.111525	123.05165	39.80526	51.141026	36.40828	0.78075516	40.50418	34.646152	520000	7.152557e-09	678.78424	-0.006233429	-61.69922	0.7560424	0.016631559	0.163	5.0	35968.10718202591
130	65.36031	26.6449	145.35468	40.34743	36.88889	41.844353	0.9509026	45.518364	39.440536	524000	-6.437302e-09	534.8665	-0.007234671	-40.76245	0.7542643	0.019762367	0.1735	3.0	36035.48650741577
131	99.09208	31.080051	141.221	40.41099	54.97222	36.94019	1.4389827	43.02274	31.479736	528000	2.861023e-09	769.3949	-0.009767919	-95.014465	0.75289446	0.015482975	0.15925	8.0	36098.485201597214
132	95.46295	30.752153	137.73001	39.888508	52.906666	43.62485	1.6836402	50.707447	41.016968	532000	-8.702278e-09	643.6338	-0.006484913	-9.114746	0.74771625	0.017097648	0.2685	6.0	36159.74577474594
133	97.264565	33.781685	141.2163	40.15714	53.864864	46.800896	1.0379874	50.03669	44.251045	536000	-1.1205673e-08	673.4832	-0.00825358	-0.9836426	0.7449888	0.01733913	0.21025	4.0	36216.361844301224
134	113.04432	28.407017	152.70815	42.56483	62.4375	47.141766	0.56872386	49.377357	44.533234	540000	-5.00679e-09	728.13513	-0.02130429	-17.166565	0.74218357	0.009558096	0.12	79.0	36291.00752234459
135	107.80682	30.242874	150.30386	40.69415	59.238808	51.247196	0.5122038	53.838367	39.278595	544000	-3.218651e-09	693.12024	-0.0072032865	-0.73443604	0.7324157	0.016700981	0.198	7.0	36349.14540171623
136	107.58651	30.287214	134.09607	39.93596	59.373135	50.615475	0.50507796	53.16259	49.04212	548000	-5.841255e-09	690.03534	-0.008974579	-0.26098633	0.7302566	0.017054642	0.19125	6.0	36416.01867341995
137	112.93309	25.857292	137.8175	41.917915	62.539684	50.316113	0.5067453	52.591656	48.81711	552000	-9.536744e-10	699.31366	-0.019733617	-1.3230591	0.730177	0.009941696	0.09825	79.0	36492.78424310684
138	95.066895	31.213165	128.23627	43.29469	53.243244	51.197918	0.2591475	53.13493	48.940918	556000	-1.0251999e-08	679.90137	-0.021538273	-22.09668	0.726606	0.010536012	0.1345	79.0	36568.15325164795
139	84.23674	32.777466	126.9579	39.633488	47.345238	46.717945	0.57248557	48.342796	44.292156	560000	-8.106232e-09	626.3822	-0.0035306849	-14.296509	0.71431965	0.016533418	0.23425	2.0	36640.38069677353
140	105.95803	23.796566	127.21125	38.59517	58.57353	43.118008	0.64980924	45.691456	41.739414	564000	4.768372e-10	649.7248	-0.019029364	-23.579773	0.7133366	0.0059529766	0.118	79.0	36713.90255403519
141	97.11501	26.084347	122.12952	44.07038	54.123287	47.03497	1.8219502	51.015533	44.884644	568000	5.841255e-09	605.8492	-0.02266011	-3.4609375	0.7089213	0.010843936	0.141	79.0	36796.95028710365
142	87.330666	29.930151	123.30512	42.20895	48.76829	46.11029	0.9269294	48.472588	44.591896	572000	-2.384186e-10	595.54865	-0.007637105	-8.41333	0.7037004	0.020915683	0.32875	4.0	36856.67120265961
143	90.17341	34.106335	128.25615	40.517235	50.07595	43.8908	0.6979413	46.655907	41.31526	576000	3.0994416e-09	656.7579	-0.023263916	-1.9503784	0.70257807	0.009820875	0.1315	79.0	36937.68422579765
144	71.36495	30.086767	125.444756	39.993027	40.030304	44.72829	0.5349505	47.2954	44.367523	580000	1.4305115e-09	593.1015	-0.003527103	-35.74347	0.6943373	0.016118968	0.231	5.0	36997.762256383896
145	48.18362	8.389435	123.70832	39.949562	27.573427	39.529102	1.9727588	41.522137	35.410957	584000	6.437302e-09	414.2429	-0.002693368	-186.04324	0.6930227	0.02053362	0.212	4.0	37068.0544924736
146	57.54183	23.35198	123.73315	38.31113	32.68033	26.072968	0.43462265	29.49992	23.53605	588000	7.629395e-09	439.93152	-0.0040110014	-30.32425	0.69192934	0.021093795	0.24125	2.0	37126.35686945915
147	90.26059	32.016373	120.48836	38.82028	50.037975	31.441526	1.1344175	36.478424	28.981941	592000	2.6226044e-09	802.7748	-0.022496622	-171.16895	0.6906412	0.007925211	0.14175	79.0	37204.89859199524
148	73.28857	31.427458	124.39281	40.455837	41.03093	42.56513	3.0811124	50.461548	30.101118	596000	3.248453e-09	579.32153	-0.012758894	-18.406738	0.6867972	0.015982669	0.19825	13.0	37279.858730793
149	77.246376	29.598593	122.92721	40.082245	43.494507	39.941563	1.2240775	42.74694	37.84947	600000	5.2452087e-09	555.542	-0.00047795556	-0.20788574	0.68595344	0.019805426	0.242	2.0	37352.12774634361
150	100.413765	17.256748	119.82113	47.72468	55.929577	40.169785	1.0984516	43.992645	35.047752	604000	1.001358e-08	585.005	-0.0061134854	-30.461243	0.6851461	0.016409684	0.23575	4.0	37415.85855340958
151	106.72006	24.206663	127.13119	40.518734	58.808823	45.37868	1.4342895	49.76837	42.07335	608000	2.6226044e-09	647.15393	-0.019718286	-13.62207	0.6844335	0.008308604	0.11225	79.0	37496.786798000336
152	97.06611	26.264902	122.89979	40.065693	53.824326	48.787148	0.75580907	52.743576	47.445724	612000	6.6757204e-09	604.37494	-0.022630513	-7.2493896	0.68367743	0.009089091	0.139	79.0	37569.901478767395
153	78.123474	30.205423	121.69368	42.156647	43.77778	46.41794	1.1385047	49.5834	43.909485	616000	-7.629395e-09	611.1077	-0.0011909261	-30.641296	0.67358583	0.021028684	0.225	2.0	37626.7320663929
154	102.498955	16.989101	120.516136	42.44161	56.67143	41.50256	0.7249386	43.374504	39.415554	620000	-2.384186e-10	591.86536	-0.022351662	-24.539124	0.6721797	0.0072843665	0.152	79.0	37704.73832345009
155	91.436714	23.215183	119.05894	42.236378	50.98718	45.717335	1.2409989	49.300358	44.069347	624000	3.0994416e-09	547.5243	-0.007057523	-6.477844	0.6475531	0.021058531	0.2215	6.0	37783.512286663055
156	98.76034	24.674921	124.69721	40.522556	54.671234	43.59585	0.43183833	45.419136	42.794193	628000	-2.6226044e-09	600.12646	-0.004890495	-5.513977	0.6459281	0.018203631	0.2245	3.0	37955.53771734238
157	105.08085	16.43647	121.77887	43.211044	58.0	45.59313	0.9761689	47.901382	44.349926	632000	1.013279e-08	594.7758	-0.020269215	-5.4607544	0.64485097	0.007586552	0.12225	79.0	38241.23482966423
158	92.16182	23.894203	119.394684	42.265423	51.05128	47.739056	0.72032785	50.345676	45.58253	636000	1.3113022e-09	561.13007	-0.00777475	-14.417908	0.6381205	0.01736356	0.2815	5.0	38460.23354649544
159	106.49994	15.980967	123.17464	49.31854	58.808823	44.134117	0.48022696	45.93374	42.8968	640000	-4.2915342e-09	600.2135	-0.01951361	-12.091675	0.636985	0.007620843	0.146	79.0	38730.71438789368
160	94.75796	24.2609	121.24983	42.499252	52.57895	47.140125	1.0382841	49.69354	45.64406	644000	-2.6226044e-09	574.9032	-0.006420637	-6.5081787	0.6334993	0.015510757	0.2005	4.0	39006.69486999512
161	95.53544	28.541552	139.20589	42.05492	52.8	44.839928	0.49079314	46.47089	43.862186	648000	-6.6757204e-09	620.22015	-0.0061115953	-1.1784668	0.6327773	0.016111178	0.22725	3.0	39195.40146827698
162	93.504486	28.54015	122.042656	44.180836	51.701298	45.743416	0.5749442	46.99733	44.436516	652000	-1.6212464e-08	608.4522	-0.0032768333	-0.5765381	0.63241506	0.01783301	0.22775	3.0	39214.632531642914
163	102.31148	22.356634	123.95124	45.633224	56.183098	45.169132	0.3605125	46.74079	44.232647	656000	3.8146974e-09	603.4054	-0.02063898	-3.625122	0.6314007	0.009893161	0.13525	79.0	39238.86468696594
164	93.54113	25.10199	120.56171	45.509674	51.894737	46.875774	0.71936935	48.687706	45.912834	660000	-1.1920929e-09	593.6806	-0.007609737	-3.8131714	0.63206255	0.016260946	0.19625	6.0	39259.80414938927
165	96.57996	25.11906	121.602005	42.180897	53.093334	45.14072	0.41521716	46.76798	43.98731	664000	-9.059906e-09	585.29144	-0.005033011	-0.39813232	0.6312916	0.016842617	0.16675	5.0	39283.714669942856
166	79.46102	29.70556	121.24197	43.636467	44.355556	45.643375	0.31557626	47.02359	44.540314	668000	-3.0994416e-09	589.40094	-0.0013251412	-24.303955	0.6305485	0.022033101	0.27125	2.0	39305.542323589325
167	105.302864	14.7454815	118.59152	49.798985	57.869564	40.385063	0.89915544	42.829468	38.92662	672000	-1.4662743e-08	621.80206	-0.02219746	-47.84558	0.62977374	0.009025303	0.1485	79.0	39326.94394493103
168	100.01722	18.407526	118.01063	44.0666	55.166668	46.222225	0.608068	48.978333	45.55237	676000	-9.179115e-09	558.0025	-0.020545676	-0.24035645	0.61788577	0.008810769	0.136	79.0	39351.27081274986
169	89.95795	25.125832	116.84254	42.221893	49.8125	46.06967	0.42292458	47.780624	45.38929	680000	-1.1920929e-09	559.7251	-0.008900801	-6.3533325	0.61555886	0.018168528	0.2455	13.0	39373.16194343567
170	98.68328	18.781158	117.782005	47.487114	54.643837	44.128086	0.76082516	44.997715	41.671333	684000	-7.1525574e-10	557.07544	-0.005166071	-1.8753662	0.61508197	0.018483967	0.24275	4.0	39398.12986302376
171	107.04887	18.421675	120.755646	46.21045	58.75	45.06832	0.33482635	46.519188	44.293427	688000	-5.722046e-09	615.3552	-0.018388156	-9.803223	0.61423504	0.009563986	0.10625	79.0	39418.967584609985
172	94.77939	25.227934	120.19371	42.03339	52.546665	47.925926	0.80938536	50.015076	46.804764	692000	1.0967255e-08	602.7789	-0.021508995	-6.345825	0.603095	0.010120357	0.13375	79.0	39446.20944094658
173	77.14374	26.784918	119.832535	40.085125	43.217392	45.878468	0.35200074	47.288612	44.31965	696000	6.198883e-09	562.2578	-0.0042824796	-41.677795	0.60486424	0.015115374	0.17325	2.0	39467.95390176773
174	94.90773	21.438215	115.30412	43.536217	52.355263	40.29024	1.2423065	42.380844	37.79477	700000	-2.6226044e-09	562.4292	-0.0056086048	-18.67279	0.60411423	0.015329683	0.19275	4.0	39486.78216671944
175	88.5765	26.692959	119.00244	40.370243	49.17284	43.98159	1.085922	45.491543	41.893276	704000	6.28829e-09	558.99304	-0.006175718	-0.8658447	0.6030383	0.019770179	0.205	3.0	39507.919426202774
176	100.454926	24.115852	118.88781	46.040325	55.36111	43.371437	0.92198515	45.06771	39.015915	708000	-1.4305114e-08	609.2641	-0.011576742	-12.225342	0.60130537	0.015912866	0.15275	12.0	39527.03598046303
177	100.534454	20.624043	117.30935	45.334923	55.444443	46.350204	0.48557884	48.387833	45.64277	712000	-1.1086464e-08	572.24817	-0.02015704	-0.081848145	0.5979232	0.012300026	0.126	79.0	39551.46389770508
178	84.45622	27.271866	117.04156	42.32971	46.97647	46.333412	0.37525934	47.645462	45.587624	716000	-2.3841857e-09	567.33685	-0.0050154864	-19.267395	0.60730135	0.020307956	0.2825	4.0	39574.17862725258
179	86.00819	30.180124	120.24576	40.66252	47.638554	42.356018	0.8857904	43.92782	40.426376	720000	-1.5974045e-08	592.4241	-0.0033814432	-1.2416382	0.60631734	0.01617197	0.19225	3.0	39593.283089637756
180	95.16344	24.982893	117.13735	45.777412	52.57895	43.253204	0.70157254	44.62605	41.3901	724000	-8.225441e-09	583.7602	-0.004069905	-3.3050537	0.6058404	0.015508694	0.27525	4.0	39614.4390103817
181	105.32173	21.313217	124.41893	44.00338	58.014706	44.839947	0.57605875	47.24274	43.289867	728000	5.90086e-09	628.0474	-0.01969523	-12.061768	0.60376894	0.008471321	0.10025	79.0	39636.394746780396
182	87.130554	29.973343	118.05189	43.77441	48.32927	47.675	0.71025646	50.601345	47.0413	732000	-8.106232e-09	608.13556	0.00025087834	-15.805786	0.6011796	0.024483567	0.26325	2.0	39656.33617568016
183	98.39836	17.790724	117.28513	42.3621	54.36986	44.53489	0.6937192	45.30569	41.94195	736000	2.4437905e-09	544.69556	-0.019252462	-1.0496216	0.59980917	0.009349264	0.1235	79.0	39678.23285365105
184	92.49609	24.577385	118.91658	41.972317	51.166668	45.20492	0.25418046	45.97064	43.95469	740000	7.7486035e-09	555.6381	-0.022550376	-1.0609131	0.608097	0.009383213	0.14025	79.0	39700.802699804306
185	81.84705	23.316074	115.29282	38.98146	45.83908	44.314877	0.33778688	45.079597	42.268578	744000	1.3828277e-08	504.99335	-0.004708457	-17.188965	0.6148313	0.017717933	0.226	5.0	39718.90725803375
186	97.20095	21.244175	117.916565	42.37343	53.7973	40.18326	0.7400996	42.786617	38.90746	748000	-1.1444092e-08	582.4491	-0.004641951	-25.623108	0.61394864	0.020772878	0.2275	4.0	39736.86445116997
187	94.96842	22.97853	115.89479	42.259106	52.473682	44.733303	0.37114748	46.071823	43.651196	752000	-3.3378602e-09	556.1017	-0.0056447727	-0.08544922	0.61339056	0.018343402	0.25775	4.0	39754.586416721344
188	91.01482	29.75199	120.44621	38.278484	50.41772	44.762486	0.23761779	45.929073	43.783905	756000	-3.218651e-09	596.63293	-0.0062715868	-0.0345459	0.6116622	0.020692661	0.20125	3.0	39773.50096273422
189	108.12007	19.006466	122.46172	44.196243	59.38806	44.669334	0.18582943	45.750893	43.87396	760000	1.9073487e-09	623.9074	-0.0199464	-16.133545	0.60993814	0.0081562605	0.11875	79.0	39796.15927219391
190	91.50937	29.725527	119.56738	40.539577	50.53846	48.432693	0.9434736	50.614582	47.25416	764000	1.3351441e-08	631.6851	-0.0055710487	-10.486938	0.6099454	0.018169872	0.20875	5.0	39818.49588394165
191	68.48208	28.187944	119.86681	40.283943	38.563107	45.622444	0.334782	47.088894	43.811752	768000	1.9073487e-09	591.3369	-0.0070710345	-77.52527	0.60874176	0.01825286	0.14025	2.0	39840.596957206726
192	108.27181	19.605057	121.61711	40.556995	59.727272	36.995033	0.9031578	38.16504	36.0011	772000	5.9604646e-09	768.3589	0.00052133965	-136.94318	0.6069753	0.020093033	0.195	2.0	39864.14185786247
193	106.304924	13.57438	117.1415	41.78631	58.57353	45.999634	1.4001461	48.767284	44.34079	776000	7.152557e-09	575.61615	-0.021760933	-4.1342163	0.60557085	0.010373069	0.127	79.0	39888.64604306221
194	98.257515	21.841274	118.7194	38.31062	54.39726	47.996147	0.5599471	49.557293	45.28875	780000	-3.8146974e-09	570.3569	-0.006254626	-4.373657	0.6073985	0.02116402	0.203	5.0	39911.025183200836
195	104.02337	19.83044	119.380844	43.756355	57.31884	45.914845	0.87388146	48.444096	44.506042	784000	1.4305115e-09	592.2817	-0.018086785	-3.7754517	0.60625255	0.0070524015	0.1135	79.0	39941.65023612976
196	99.33447	22.707653	119.41387	38.64671	54.875	47.631226	0.522477	49.11626	45.97763	788000	6.6757204e-09	583.519	-0.021525059	-1.1408081	0.6164375	0.009066527	0.13925	79.0	39966.93298268318
197	86.76968	27.671703	119.4583	38.34871	48.414635	46.800064	0.48711812	48.36111	44.432175	792000	6.7949295e-09	569.7901	-0.004615807	-15.16156	0.6005283	0.020708205	0.21225	4.0	39985.385043382645
198	95.646194	23.29681	120.72123	41.833004	53.445946	43.463898	0.70112514	45.10252	42.821663	796000	-5.3644182e-09	567.63245	-0.004792536	-2.2780151	0.5990756	0.016064465	0.25725	4.0	40003.8231215477
199	93.62058	24.855608	119.377014	41.927925	52.210526	44.509827	0.68591195	46.648834	43.868855	800000	2.861023e-09	562.05963	-0.008378616	-0.23999023	0.59824353	0.022154773	0.2235	4.0	40023.165981054306
200	111.201866	17.411882	123.37374	44.277824	61.015385	44.487	0.4755867	46.680397	43.30117	804000	1.001358e-08	648.7088	-0.018589845	-26.796509	0.5977112	0.00907617	0.1205	79.0	40043.901344537735
201	103.32005	24.591639	122.13333	40.58478	57.057972	48.944828	0.6490189	50.59938	47.295647	808000	0.0	634.459	-0.02260966	-0.4597168	0.6071263	0.009841163	0.127	79.0	40064.09070730209
202	92.109215	26.773983	120.377075	42.40942	51.192307	48.408417	0.5992785	50.139206	46.888092	812000	0.0	596.086	-0.0064233905	-16.388306	0.60528386	0.019227957	0.17675	4.0	40083.417038202286
203	104.14917	21.041702	120.413376	38.5665	57.782608	45.287704	0.55776477	46.426556	44.692226	816000	1.1920929e-09	599.72095	-0.00671441	-4.144409	0.6042172	0.015942466	0.162	4.0	40102.75108623505
204	106.60923	20.534733	119.89448	40.37689	58.850746	46.708714	0.5006588	48.178616	46.098274	820000	-1.4305115e-09	621.42523	-0.022139499	-4.0908203	0.6039593	0.01208755	0.14125	79.0	40126.68103122711
205	101.69908	19.799843	119.38348	44.114082	56.37143	48.16631	0.5198468	50.256725	47.5746	824000	-6.556511e-09	589.80414	-0.005186696	-1.5514526	0.61323345	0.019170262	0.17925	5.0	40144.82337808609
206	109.61247	18.875809	126.81296	40.272255	60.378788	47.322395	0.3475692	48.662758	46.837975	828000	-2.861023e-09	618.35565	-0.021099405	-3.1412354	0.611752	0.009559645	0.15525	79.0	40165.00571370125
207	95.96775	26.588072	121.476944	40.376778	53.213333	48.58724	0.37180224	50.3917	48.179653	832000	1.2874604e-08	603.5831	-0.008601724	-8.647583	0.5923017	0.016789496	0.18225	6.0	40185.406195640564
208	105.53755	21.601091	121.206	40.436253	58.132355	46.453175	0.26064178	47.181374	45.244022	836000	-5.9604646e-09	616.80194	-0.021102276	-3.4734497	0.590412	0.012346336	0.1095	79.0	40212.152081251144
209	92.39684	27.248943	121.27948	41.952766	51.246754	47.785454	0.21928346	48.710415	47.318638	840000	-4.6491624e-09	602.22394	-0.023277652	-7.3518677	0.58454424	0.0076610683	0.15025	79.0	40233.59196138382
210	76.776405	27.261473	121.96358	41.66227	42.97826	45.746876	0.23147336	46.007877	44.202892	844000	-1.5735626e-08	566.0589	-0.0060169855	-36.93164	0.57653713	0.020772574	0.17625	2.0	40252.98011136055
211	110.36781	14.5260935	122.6608	52.97969	60.439392	39.26285	1.1370958	42.843143	36.399616	848000	4.053116e-09	703.4919	-0.021274261	-95.87494	0.5755277	0.0021998994	0.1315	79.0	40277.65540385246
212	97.86459	25.636564	118.92049	40.66773	53.945946	48.267864	1.2424983	51.71042	45.7482	852000	1.1920929e-08	600.9	-0.025568146	-5.789856	0.56231964	0.011282094	0.14775	79.0	40298.01442527771
213	90.48485	27.521063	120.32079	38.7405	50.012657	46.471897	0.36785495	48.842236	44.61672	856000	5.2452087e-09	585.01074	-0.0050163837	-3.7438965	0.5591674	0.020569993	0.27475	3.0	40316.77748179436
214	92.911354	29.547935	120.18354	41.960735	51.28205	44.946835	0.69282824	46.678642	43.249283	860000	-1.5377998e-08	630.63855	-0.0028118729	-0.92681885	0.5579476	0.021542476	0.2505	3.0	40335.46987247467
215	108.52202	20.434679	123.40062	40.06011	59.28358	45.56883	0.22257148	47.16903	44.004597	864000	8.34465e-09	634.9535	-0.021140682	-11.2873535	0.5571459	0.007467947	0.1205	79.0	40358.39856719971
216	99.30055	23.678545	121.75898	43.80991	54.739727	47.974644	0.63891757	51.039925	47.62203	868000	-9.298325e-09	599.49664	-0.024184093	-3.1585693	0.56153816	0.0150422985	0.16075	79.0	40380.945878982544
217	79.33895	29.432478	119.87241	40.570618	44.31111	46.761326	0.23461936	48.1919	45.23484	872000	-1.9073487e-09	599.40625	-0.027002564	-35.046875	0.5447194	0.013113675	0.16425	79.0	40404.865235328674
218	58.791595	20.551205	123.00766	38.564835	33.386555	42.202267	1.06265	43.18676	38.227657	876000	-1.0967255e-08	495.12677	-0.0017842766	-113.53717	0.54305744	0.022217706	0.23125	2.0	40425.99545836449
219	97.59837	26.492428	119.6358	42.400024	53.77027	31.867296	1.4949265	35.637054	29.006796	880000	-1.6689301e-09	806.5304	-0.0014200651	-202.31317	0.5418577	0.0166362	0.19525	3.0	40444.85196995735
220	84.98826	30.163034	122.26097	43.589725	47.357143	44.690014	1.3811977	49.22853	40.63467	884000	-1.4305115e-09	597.85156	-0.024394514	-5.7440186	0.54033417	0.0076896893	0.14075	79.0	40466.24758243561
221	69.67692	26.896727	120.6265	40.359837	39.186275	43.138836	0.5676988	45.475895	41.20513	888000	1.5735626e-08	542.8113	-0.0026610193	-39.51413	0.55138147	0.021082876	0.18	6.0	40485.3847155571
222	97.89952	24.44924	118.2323	43.8039	53.837837	38.27653	1.7297852	40.695934	34.50239	892000	-1.2397766e-08	649.5763	-0.022666031	-53.07251	0.54997134	0.009599921	0.12525	79.0	40507.94612121582
223	85.75885	28.766039	121.00459	43.759747	47.542168	44.02515	2.3827353	48.217457	40.592663	896000	-1.9073487e-09	591.975	-0.0064055985	-5.805542	0.53936493	0.017493805	0.18875	3.0	40526.4383084774
224	98.89024	26.356375	119.56358	40.759605	54.547947	43.005966	0.8731908	45.16469	41.202988	900000	1.3828277e-08	619.7671	-0.0035410197	-11.913025	0.5379324	0.017207496	0.19375	3.0	40545.51011824608
225	101.14627	25.968483	118.82415	38.76787	55.458332	45.530563	0.75621486	49.037106	44.578564	904000	1.7166137e-08	616.0055	-0.022128507	-2.897461	0.5368178	0.010752056	0.1205	79.0	40566.87015962601
226	87.04812	29.95719	118.51767	40.259808	48.192772	46.721226	0.7542253	49.94857	45.638767	908000	-1.3113022e-09	619.0773	1.1741937e-05	-7.6974487	0.52693427	0.02281598	0.2505	2.0	40585.45238828659
227	100.896286	15.7642565	114.68454	44.154827	55.51389	44.66347	0.6485006	46.43722	42.043285	912000	3.3378602e-09	549.5064	-0.021289395	-1.781189	0.5261276	0.011560328	0.12525	79.0	40605.533430576324
228	95.287186	16.746332	114.51783	40.796574	52.826668	45.616985	0.37103343	47.474518	43.905525	916000	9.775162e-09	522.55316	-0.020886704	-1.7709961	0.5319349	0.0068014455	0.13025	79.0	40627.35492348671
229	85.939545	18.590773	112.79314	45.94668	47.891567	44.61315	0.47025126	46.03531	42.316948	920000	-3.695488e-09	488.6878	-0.006633156	-12.526154	0.52451557	0.01899569	0.28275	3.0	40646.150691747665
230	102.95638	11.718213	116.1495	49.70792	56.5	41.575165	1.2001326	43.307602	38.23356	924000	9.536743e-09	579.4378	-0.0096359765	-25.270569	0.52487403	0.015538607	0.184	10.0	40668.0034365654
231	97.62215	18.156832	116.703094	42.751976	53.837837	45.687225	0.6866709	48.475616	44.01603	928000	1.3351441e-08	539.8323	-0.0058508804	-0.6921997	0.5261193	0.015185708	0.18975	3.0	40686.43200588226
232	102.14815	14.352842	116.702194	45.594154	56.05634	45.19245	0.36765495	47.16186	43.61766	932000	3.8146974e-09	551.96075	-0.0056163324	-1.1157837	0.52577215	0.017499741	0.18475	6.0	40704.44859814644
233	89.32213	28.752823	118.99672	42.7684	49.45	45.990406	0.4509012	48.456814	44.748558	936000	1.0371208e-08	596.47736	-0.0015152933	-3.2682495	0.5247229	0.019219762	0.191	3.0	40724.13306713104
234	102.18309	23.142563	119.76162	40.41254	56.0	44.61406	0.47822303	46.42028	42.122776	940000	-5.00679e-09	609.28235	-0.021464974	-6.902893	0.5241969	0.009711452	0.11275	79.0	40741.673917770386
235	91.48027	26.788935	116.963684	40.072742	50.628204	46.666924	0.69928926	49.034767	45.03856	944000	-2.193451e-08	591.71375	-0.022540072	-4.3859863	0.5212923	0.011274778	0.1505	79.0	40758.56582736969
236	78.83696	29.28956	119.26278	41.495922	44.011112	45.001812	0.51494	46.832165	42.93789	948000	6.9141386e-09	576.11615	0.0049847523	-17.126587	0.5240186	0.018931199	0.26225	2.0	40773.80979728699
237	99.27002	18.485277	118.5624	42.751488	54.805557	41.512756	1.3120447	43.51352	37.963097	952000	6.6757204e-09	583.3158	-0.0033859177	-21.467773	0.52300006	0.0161394	0.2545	3.0	40789.222621679306
238	94.28794	27.300362	120.91264	38.694256	52.092106	45.483288	0.6627557	47.57266	43.96452	956000	1.26361845e-08	596.5948	-0.005051171	-0.23510742	0.5221465	0.015681503	0.20475	3.0	40804.698825120926
239	104.70318	22.230362	119.86295	44.04001	57.84058	45.36461	0.46763164	47.552834	43.9534	960000	-6.198883e-09	616.7667	-0.0213527	-5.3742676	0.5215903	0.0061782585	0.1425	79.0	40822.20764541626
240	84.76451	28.195118	119.74487	40.5071	47.333332	47.316032	0.8467899	49.995934	46.1731	964000	-1.7285346e-08	589.0262	0.00057530403	-24.960571	0.50352955	0.021575693	0.21575	2.0	40837.69026899338
241	102.41538	18.834429	116.4172	49.313705	56.342857	43.326057	1.0266677	44.515545	39.725548	968000	8.5830685e-09	602.0082	-0.020179322	-14.999878	0.50303906	0.009696586	0.1305	79.0	40854.553463220596
242	92.722404	21.334904	117.07229	43.875156	51.376625	46.27551	0.63492846	48.769432	45.07371	972000	-2.861023e-09	544.61993	-0.021146359	-5.0009766	0.50348336	0.012208979	0.1425	79.0	40871.74204134941
243	79.09913	25.120522	115.94558	38.573673	44.266666	44.52322	0.5389739	46.36014	41.520157	976000	3.695488e-09	521.95404	-0.0068059596	-22.497772	0.49305883	0.0196044	0.17625	2.0	40886.88553214073
244	105.465324	16.204	116.46873	38.55607	57.869564	40.35795	1.6743664	42.866894	36.94418	980000	1.0848045e-08	633.55817	-0.020942325	-51.338013	0.4924156	0.007211271	0.10675	79.0	40903.77378368378
245	92.82575	22.566505	117.85367	40.491356	51.26923	45.78818	0.7779759	48.54918	44.642918	984000	1.0848045e-08	545.4086	-0.020683765	-3.4439697	0.49707296	0.0110473195	0.12475	79.0	40920.898644924164
246	78.58832	25.630362	116.25877	40.19407	43.923077	44.510475	0.4087106	47.04269	42.81874	988000	-9.536743e-09	516.7405	-0.0039425115	-21.075745	0.5034867	0.019558558	0.27275	3.0	40936.26976656914
247	99.810036	20.955652	119.136795	42.358307	54.944443	41.15557	1.2736849	42.630047	37.765278	992000	-4.9471853e-09	599.8382	-0.023028191	-26.047607	0.5025048	0.005769139	0.15725	79.0	40953.26003265381
248	88.6199	25.837029	119.00516	42.08837	49.17284	44.762653	0.6803597	47.945515	43.365833	996000	7.1525574e-10	550.99493	-0.02364072	-2.9050293	0.49425676	0.010547671	0.152	79.0	40969.99567627907
249	83.42597	25.664793	114.598305	40.421783	46.430233	43.57046	0.4103873	46.128284	41.747383	1000000	1.525879e-08	525.76874	-0.0015159068	-4.652771	0.48168656	0.015843967	0.1995	2.0	40985.431139707565
250	90.00413	18.248083	111.50452	42.221436	50.13924	41.97815	0.76345617	43.548206	39.7098	1004000	2.4437905e-09	494.46246	-0.021319807	-0.7142639	0.48108423	0.013014331	0.12475	79.0	41002.32282400131
251	78.61111	20.61656	105.993935	40.303555	44.08889	42.419804	0.29997897	44.598385	40.3242	1008000	-2.861023e-09	460.78052	-0.007689061	-12.641083	0.48543066	0.017017864	0.18125	2.0	41017.690782547
252	97.709785	16.156832	115.27021	42.779537	54.027397	38.880405	1.2274318	40.80526	36.817642	1012000	7.1525574e-10	575.2236	-0.002155073	-38.68268	0.4844932	0.021681303	0.22025	3.0	41032.909410238266
253	100.03732	7.1887603	112.19899	66.09639	55.13889	44.155914	1.1934242	46.561848	42.787624	1016000	7.867813e-09	511.05057	-0.021786371	-1.677887	0.48364815	0.0059826635	0.1275	79.0	41050.10829424858
254	85.47697	20.37659	114.20339	42.347015	47.5	45.059914	0.7660916	46.562237	43.252045	1020000	-2.861023e-09	496.27655	-0.014932087	-16.258911	0.4787728	0.015068205	0.1775	14.0	41065.61726760864
255	88.83162	19.924324	109.78232	40.57139	49.382717	41.531	0.8132365	43.17831	39.575615	1024000	6.6757204e-09	513.6369	-0.022309082	-1.5200195	0.4729111	0.015321622	0.16875	79.0	41082.69833898544
256	77.86791	22.363054	106.636894	40.12921	43.703297	42.43443	0.3756321	44.519726	41.018055	1028000	-5.722046e-09	471.16586	-0.009245168	-12.733002	0.46695897	0.01548561	0.15075	7.0	41098.21419906616
257	72.65238	23.302805	112.318565	40.436142	40.762886	39.455227	0.9890021	41.122242	36.99936	1032000	1.0967255e-08	457.53653	-0.0032295994	-4.752899	0.46395808	0.023145566	0.232	2.0	41113.63589429855
258	85.429596	20.465014	110.15457	39.94158	47.559525	37.851597	0.7663642	39.410973	34.515648	1036000	5.841255e-09	485.40472	-0.023127727	-9.229797	0.46209046	0.012321299	0.13475	79.0	41130.71911692619
259	81.07046	20.238548	108.801926	38.796013	45.363636	40.236496	0.73779476	42.0701	38.771156	1040000	1.6689301e-09	451.11682	-0.025093464	-1.1698303	0.4521893	0.011141295	0.141	79.0	41147.677253484726
260	65.08978	18.229113	106.02763	38.795864	36.898148	39.430954	0.43832117	41.39979	37.520584	1044000	4.6491624e-09	395.9669	-0.0043032826	-38.129852	0.44826037	0.017083433	0.19725	2.0	41163.01498937607
261	80.15724	24.82059	115.19076	38.28373	44.66292	33.849907	1.02413	35.868942	31.304138	1048000	3.5762786e-09	530.9233	-0.00042130184	-37.20117	0.44792286	0.022671765	0.27225	2.0	41178.21627306938
262	94.326385	27.728071	116.99328	42.050648	51.844154	38.915844	0.6303271	41.39802	37.646027	1052000	3.0994416e-09	630.2565	-0.022228315	-41.74408	0.4472774	0.011949489	0.14075	79.0	41195.29692864418
263	90.33552	23.04882	116.898315	40.352478	50.0	44.881805	0.87167835	47.38969	43.204735	1056000	-8.270145e-09	540.16473	-0.023851493	-2.1029053	0.45054594	0.01138346	0.15175	79.0	41212.16049671173
264	68.60791	23.927626	115.58868	40.602844	38.442307	43.725727	0.64040434	45.21448	42.21251	1060000	7.867813e-09	505.77792	-0.026096646	-62.162018	0.4497824	0.015313896	0.17325	75.0	41228.89886903763
265	69.77138	25.601524	115.32431	38.193535	39.10784	36.479088	1.4486569	40.328568	33.34372	1064000	-1.6689301e-09	463.81247	-0.021181324	-1.9641113	0.44986463	0.015135784	0.124	64.0	41245.453739881516
266	52.08526	14.119156	115.41495	38.26559	29.62963	36.32578	0.25680172	37.97089	34.13831	1068000	1.1444092e-08	343.24826	-0.0031994267	-63.503296	0.45413083	0.015631601	0.17625	3.0	41260.4591383934
267	58.84332	22.430643	114.93754	38.665253	33.183334	29.414976	2.1689465	34.188465	26.266691	1072000	7.1525574e-10	402.0502	-0.0036183503	-11.119659	0.45328873	0.016373103	0.15575	2.0	41275.61756300926
268	64.833275	23.223135	113.9759	38.719757	36.495415	32.117214	0.6252092	35.36706	28.013367	1076000	-6.198883e-09	424.05753	-0.007881638	-4.365967	0.45205596	0.017959034	0.273	2.0	41290.88420176506
269	66.097244	25.957012	116.34207	38.56795	37.037037	33.810726	0.6579778	36.295944	30.575394	1080000	3.218651e-09	477.99734	-0.023737164	-3.2728271	0.45080602	0.015029475	0.15425	71.0	41307.66763949394
270	65.507065	27.047468	114.85933	40.09449	36.688072	35.287533	0.75375956	37.94127	34.084362	1084000	-2.861023e-09	475.1568	-0.027344346	-0.36087036	0.45089597	0.010768124	0.1695	79.0	41324.768906116486
271	53.866882	18.590338	117.16245	38.204784	30.48855	35.263077	0.41930994	37.363335	33.750286	1088000	-2.336502e-08	360.473	-0.0023389899	-33.08615	0.43301168	0.022129897	0.21425	2.0	41340.05722618103
272	72.99998	28.51536	116.40918	40.191383	40.734695	30.000137	1.6704682	33.593513	26.924257	1092000	-1.2397766e-08	579.0424	-0.0035710402	-70.348755	0.4325371	0.021484056	0.235	2.0	41355.49281525612
273	85.18297	24.970001	119.075584	38.161446	47.38095	37.27472	1.0719764	41.898136	35.678307	1096000	-1.2755394e-08	535.2182	-0.0029168425	-20.252014	0.4319896	0.019849367	0.30525	2.0	41371.04617738724
274	100.37072	23.747904	119.87852	40.572872	55.333332	41.365765	0.7522278	44.74225	38.746944	1100000	-8.46386e-09	618.9629	-0.0020911156	-23.993042	0.4308904	0.01923409	0.21775	2.0	41386.29640126228
275	111.09006	12.66362	121.08431	51.584366	60.953846	45.783688	2.001254	49.341106	43.166897	1104000	-2.3841857e-09	621.7478	-0.020822698	-15.222412	0.429929	0.006296577	0.11075	79.0	41403.37583088875
276	105.88248	20.189825	121.08438	44.129814	58.17647	48.58277	0.9186291	51.453472	47.165886	1108000	3.504753e-08	613.02106	-0.02507624	-0.64660645	0.4176452	0.010963889	0.13875	79.0	41420.10617542267
277	88.67923	29.300812	120.41438	40.33694	49.246914	48.5931	0.43120134	49.434658	47.056705	1112000	-4.529953e-09	609.52594	-0.0024769432	-23.137085	0.42549157	0.020345973	0.238	6.0	41435.54035830498
278	69.3403	22.752628	107.92097	36.76895	39.04902	43.893124	1.0835356	46.873596	41.31797	1116000	-1.9311905e-08	494.5595	-0.0045442525	-66.13028	0.42463917	0.015964521	0.1925	4.0	41450.84393334389
279	70.24368	24.430258	114.233574	41.844196	39.445545	36.62792	0.94140804	37.597157	35.661736	1120000	1.9311905e-08	455.53235	0.0008226907	-0.16351318	0.42394418	0.023077516	0.2945	2.0	41466.06844186783
280	88.04328	28.079966	118.87688	38.56943	48.814816	36.49965	0.883419	37.3218	35.50305	1124000	-1.3351441e-08	617.1517	-0.0024628083	-46.362793	0.4233756	0.016906165	0.1745	2.0	41481.41363120079
281	94.84606	28.08165	120.95521	42.358624	52.11842	41.577927	0.0015845036	41.58061	41.56292	1128000	-2.384186e-10	619.93304	-0.011828957	-15.791504	0.42233786	0.015977474	0.169	13.0	41496.690397024155
282	97.01613	25.539215	118.958176	40.569088	53.39189	44.414494	0.00131163	44.41779	44.405075	1132000	2.6226044e-09	599.3272	-0.023136457	-2.854248	0.41861454	0.010189452	0.166	79.0	41513.55833315849
283	79.318535	30.73348	118.418335	38.678703	44.044445	45.653805	0.0011266689	45.659058	45.643597	1136000	1.66893e-08	592.1307	0.00252889	-17.265198	0.41004086	0.015860785	0.2245	2.0	41528.80657315254
284	90.83474	22.430542	115.48178	37.06093	50.240505	42.7903	0.0011719193	42.794357	42.781498	1140000	-1.4066696e-08	526.45416	-0.0033347688	-0.23248291	0.40918013	0.015345347	0.171	6.0	41543.898387908936
285	76.52757	21.140104	105.13162	38.586205	42.89247	43.069542	0.000988138	43.07163	43.059753	1144000	4.172325e-09	462.76	-0.007761469	-23.389343	0.40820283	0.015090791	0.20225	3.0	41559.61135339737
286	82.629036	22.869469	110.85897	38.752712	45.90698	39.730186	0.0012401092	39.733906	39.71716	1148000	5.90086e-09	496.3868	-0.0010901802	-0.95248413	0.4067217	0.021290269	0.222	2.0	41574.985877513885
287	97.171104	19.80027	117.67847	42.1872	53.5	40.33908	0.0020603037	40.34755	40.240376	1152000	7.152557e-09	569.0309	-0.0122069605	-21.850769	0.40549284	0.01600641	0.15775	15.0	41590.70586538315
288	96.311325	21.053019	117.24957	40.66278	53.133335	43.591217	0.0010836925	43.594498	43.581413	1156000	-2.026558e-09	551.4145	-0.010000713	-1.6714478	0.4056607	0.017423438	0.17425	10.0	41605.94467496872
289	98.2476	21.735733	118.0617	43.70436	54.041096	44.567223	0.0010315549	44.570614	44.558556	1160000	-4.529953e-09	580.3086	-0.009315524	-2.2523804	0.4040387	0.016036265	0.1525	11.0	41621.45277738571
290	88.16171	28.386885	119.16164	40.70677	48.780487	45.645596	0.0009608037	45.649734	45.63491	1164000	-5.722046e-09	578.1739	-0.02460312	-3.7249756	0.40471676	0.008687642	0.14375	79.0	41638.53903698921
291	79.50666	26.338991	117.508896	40.486004	44.177776	44.28333	0.000916375	44.285667	44.275978	1168000	2.193451e-08	531.5994	-0.0032821067	-15.62854	0.39362854	0.01613627	0.2465	3.0	41653.88879966736
292	84.94379	30.945364	119.77702	38.641438	47.058823	41.427265	0.0010085991	41.42897	41.417953	1172000	-7.867813e-09	589.03064	-0.0027275833	-2.3201294	0.39298856	0.015846541	0.18	2.0	41669.79748749733
293	97.02639	28.706947	121.82142	42.095177	53.45946	42.470177	0.0009924683	42.47422	42.462315	1176000	-6.198883e-09	641.617	-0.019485567	-15.332153	0.39213526	0.015063861	0.16075	48.0	41685.98928785324
294	100.41342	23.0335	120.91941	42.12737	55.22222	45.31121	0.0008797255	45.31686	45.302895	1180000	2.2888184e-08	594.99414	-0.021914251	-1.6309204	0.37654203	0.0108423345	0.1495	79.0	41702.839072704315
295	84.23316	28.670311	118.7914	38.40961	46.764706	46.295994	0.0008515673	46.30056	46.288654	1184000	9.298325e-09	572.1057	-0.0046062493	-14.8394165	0.37370554	0.016583612	0.2	3.0	41718.31077456474
296	99.31279	21.356878	118.01898	38.673832	54.72603	43.520397	0.000917725	43.52413	43.50574	1188000	1.07288365e-08	574.7227	-0.021707196	-5.314331	0.37284866	0.01515827	0.15	76.0	41735.007776498795
297	85.50761	24.973345	117.589645	42.072224	47.488094	45.140762	0.0008612366	45.145714	45.12645	1192000	-1.2159347e-08	535.46625	-0.011855165	-10.15271	0.3774831	0.016185883	0.19125	14.0	41750.41461443901
298	85.78224	25.204313	114.36129	42.129	47.559525	42.85945	0.00084427575	42.8635	42.85024	1196000	6.3180923e-09	524.35944	-0.0067585236	-0.74938965	0.37649658	0.021129953	0.2175	6.0	41765.934572935104
299	91.316986	18.522572	117.313805	42.598774	50.653847	42.172276	0.00083577324	42.17478	42.164425	1200000	7.2717667e-09	509.09653	-0.0031236592	-0.82284546	0.37559766	0.016356908	0.19225	3.0	41781.20597362518
