Epoch	AverageEpRet	StdEpRet	MaxEpRet	MinEpRet	EpLen	AverageVVals	StdVVals	MaxVVals	MinVVals	TotalEnvInteracts	LossPi	LossV	DeltaLossPi	DeltaLossV	Entropy	KL	ClipFrac	StopIter	Time
0	-0.03425375	5.0231633	15.064227	-13.093312	18.806604	-0.008334627	0.17762078	0.5993631	-0.4397788	4000	4.529953e-09	20.548923	-0.023252659	-4.1571655	0.91894394	0.018572783	0.20975	5.0	24.91787624359131
1	4.216015	6.5770917	28.928087	-10.506859	21.956043	-1.8388971	0.5799772	1.6192898	-2.5756571	8000	-6.6757204e-09	33.64885	-0.025013389	-7.883705	0.91865057	0.01607749	0.25575	7.0	49.069902181625366
2	11.948023	12.782489	64.66896	-7.950937	33.091667	0.59424585	0.42991507	1.354248	-0.9672041	12000	-9.775162e-09	120.2263	-0.045585427	-23.806824	0.91774195	0.013031084	0.24175	79.0	76.67616415023804
3	18.336214	16.534836	120.94628	-3.1724026	38.911766	5.3482237	0.31923148	5.6122713	2.1585994	16000	7.629395e-09	151.36435	-0.016792575	-7.7484894	0.91053826	0.017007984	0.141	5.0	103.92583084106445
4	40.69216	36.939243	224.7555	-16.767687	83.65958	8.090933	0.1091901	8.154797	5.798126	20000	-1.4960765e-08	505.0111	-0.04706843	-33.67804	0.909345	0.011256957	0.20625	79.0	131.1245722770691
5	48.363922	64.90475	251.31548	-25.014286	110.71429	12.817529	0.036280233	12.833903	11.444938	24000	9.059906e-09	1085.1238	-0.049706366	-2.8736572	0.9069612	0.011108912	0.21175	79.0	157.68630051612854
6	63.80344	67.84144	285.24466	-14.882878	122.4375	14.246869	0.022255775	14.260916	13.75076	28000	9.894371e-09	1304.2445	-0.050787635	-17.977905	0.8943159	0.013313056	0.21	79.0	185.6700804233551
7	99.72611	86.22192	333.3242	-0.011475656	159.125	17.57895	0.017868645	17.58716	17.111126	32000	-4.351139e-09	1841.8661	-0.05830844	-101.956665	0.88462746	0.011871437	0.23525	79.0	212.1523118019104
8	138.05942	110.407585	329.8406	11.370091	172.5	23.779701	0.010218427	23.784193	23.60515	36000	8.702278e-09	2593.2312	-0.05947603	-269.9895	0.8839345	0.013246509	0.24725	79.0	237.976393699646
9	164.61995	121.232285	346.46204	-7.474705	183.2381	30.971079	0.0041839164	30.972628	30.87516	40000	2.1457671e-09	2973.5156	-0.06181103	-186.84692	0.8772042	0.012295849	0.2555	79.0	264.0102195739746
10	180.41661	101.08477	365.69238	14.979315	204.78947	36.148907	0.0009807152	36.14953	36.135315	44000	4.529953e-09	2176.8545	-0.012768837	-94.21484	0.8776566	0.01734359	0.21325	6.0	288.3526086807251
11	205.78767	98.6332	357.5843	45.54322	184.71428	39.678818	0.0009423058	39.679367	39.651936	48000	-2.7418137e-09	2867.0818	-0.010338578	-181.85889	0.8769954	0.016206572	0.24875	6.0	312.66195797920227
12	223.82632	97.69072	357.05002	38.228504	200.94737	44.179646	0.0005438131	44.179977	44.163193	52000	-2.9802323e-09	2586.6006	-0.057930678	-152.24072	0.87583226	0.014111251	0.25125	79.0	339.06336307525635
13	233.80391	95.82891	381.33035	-12.269263	170.65218	48.16485	0.00035336908	48.165092	48.15658	56000	5.2452087e-09	3054.319	-0.043841824	-278.7666	0.8669191	0.015344202	0.1815	36.0	364.3801872730255
14	235.31145	100.222206	342.55405	50.4372	197.75	53.1075	0.0002332023	53.107655	53.10419	60000	1.2397766e-08	2759.2087	-0.013161237	-92.267334	0.8683605	0.016239375	0.247	7.0	388.78152227401733
15	291.8813	38.550232	367.96222	236.66812	186.28572	56.00051	0.00032346055	56.000683	55.99182	64000	-1.3351441e-08	2616.7214	-0.015496836	-388.8711	0.8681757	0.015792614	0.2165	8.0	413.1948847770691
16	263.8317	70.871376	366.04416	69.38558	179.59091	61.231686	0.00016906731	61.231804	61.22915	68000	-2.861023e-09	2308.662	-0.05612647	-168.84229	0.8660006	0.012847859	0.243	79.0	439.49417328834534
17	284.27475	84.545654	381.3291	61.578777	190.42857	64.705925	0.0002722586	64.706024	64.697495	72000	7.152557e-09	2435.895	-0.05706784	-172.99707	0.86328304	0.0039740447	0.24225	79.0	466.69056272506714
18	246.3739	70.6542	357.98346	56.947887	171.26086	68.06492	0.00014729232	68.065	68.06276	76000	-5.2452087e-09	1885.0149	-0.059962332	-51.166504	0.85750645	0.0048091784	0.26475	79.0	492.9540846347809
19	257.4095	51.979534	339.24536	130.09477	169.56522	69.98187	0.0001410319	69.98195	69.97921	80000	3.8146974e-09	1736.8615	-0.05721517	-79.34412	0.85675544	0.009599083	0.247	79.0	519.4245645999908
20	236.02821	86.283226	354.0471	15.121331	163.79167	72.25805	0.00034947493	72.25812	72.2442	84000	4.529953e-09	2085.7805	-0.061053295	-21.268555	0.85262173	0.010503127	0.2645	79.0	545.9581825733185
21	278.29443	45.81717	337.65363	104.37165	171.78261	73.53227	9.28025e-05	73.53234	73.53121	88000	-7.629395e-09	1770.432	-0.020763937	-116.885376	0.8547757	0.015567916	0.1805	12.0	570.5931878089905
22	264.89432	67.22658	375.5165	97.71213	180.22728	76.295456	7.9244215e-05	76.29549	76.294426	92000	1.9669533e-09	1739.4136	-0.03100393	-32.674683	0.8513986	0.015107056	0.2025	22.0	595.6202301979065
23	259.68182	61.68064	342.94452	64.78548	170.17392	77.89201	7.563305e-05	77.892044	77.89043	96000	-9.298325e-09	1779.2865	-0.007931614	-29.322266	0.84838754	0.018999875	0.24	4.0	620.0891160964966
24	265.53775	56.461716	352.30823	119.382675	179.61905	79.35378	0.00024856764	79.35383	79.34349	100000	8.5830685e-09	1457.6727	-0.042572126	-10.16333	0.8466523	0.011249742	0.195	79.0	647.2747387886047
25	277.14203	43.966858	344.911	108.0686	170.21739	80.265656	6.217325e-05	80.265686	80.26496	104000	-1.2159347e-08	1552.3828	-0.020472396	-69.849365	0.85038835	0.015667576	0.1465	12.0	673.4452857971191
26	260.38943	86.127144	363.90134	30.239937	181.68182	82.51725	6.859479e-05	82.51728	82.51611	108000	1.1563301e-08	1968.6349	-0.013256618	-4.7888184	0.8475805	0.015544239	0.16775	10.0	698.3404915332794
27	259.68027	79.18729	370.88394	49.548935	184.66667	83.23776	6.840349e-05	83.237785	83.23616	112000	8.106232e-09	1834.0266	-0.0144829415	-0.25512695	0.8443292	0.016257407	0.15675	10.0	723.0196793079376
28	262.81973	81.26523	365.59933	83.31025	188.57143	83.40684	6.77423e-05	83.40685	83.40553	116000	1.6093255e-08	1823.1699	-0.011739675	-0.3577881	0.83966017	0.015613112	0.157	10.0	747.893075466156
29	194.03987	109.85506	358.25253	39.192883	185.90475	83.59537	9.4564566e-05	83.59539	83.59127	120000	-4.768372e-10	3204.6108	-0.036133	-159.56396	0.8384965	0.010567995	0.161	79.0	774.3343756198883
30	232.17	113.71134	367.2259	35.55397	199.7	80.091484	6.018028e-05	80.0915	80.09067	124000	5.9604643e-10	2692.2632	-0.032730356	-31.697266	0.8430859	0.011576318	0.169	79.0	801.0852093696594
31	246.63818	92.496635	354.0014	70.92018	192.3	78.32844	6.311497e-05	78.32846	78.32765	128000	-1.1324882e-08	2273.4155	-0.031734873	0.004638672	0.8544665	0.008469628	0.14825	79.0	827.8377065658569
32	244.04758	93.21588	348.73563	84.75352	196.35	78.2053	6.0943294e-05	78.2053	78.20446	132000	-3.0994416e-09	2430.8972	-0.028576324	-4.46167	0.85572284	0.00907799	0.1495	79.0	854.4819800853729
33	214.41736	113.41571	334.2744	47.78328	200.10527	77.59666	5.7063713e-05	77.59667	77.595634	136000	-4.768372e-10	2841.0132	-0.03486773	-58.209717	0.8592738	0.00593126	0.1635	79.0	881.4856638908386
34	243.35216	101.30669	364.58572	65.333954	209.78947	75.338	5.7193367e-05	75.33801	75.33728	140000	1.6331672e-08	2363.7612	-0.030581601	-7.79834	0.8577179	0.015088264	0.15625	78.0	908.1384129524231
35	232.85197	97.26592	355.2062	59.787712	205.8421	74.38195	5.8946516e-05	74.38198	74.38115	144000	8.3446505e-10	2357.67	-0.02661728	-13.548096	0.85884047	0.007211259	0.129	79.0	934.7566177845001
36	243.45662	105.57786	366.7159	49.617954	213.38889	73.23731	5.734811e-05	73.23734	73.23657	148000	1.1920929e-08	2094.4287	-0.026070276	-1.5256348	0.8613981	0.0077652102	0.1175	79.0	961.2748684883118
37	227.99112	106.46427	349.30798	71.04196	197.4	72.78961	6.283039e-05	72.78963	72.788414	152000	-1.4424324e-08	2582.9653	-0.028331896	-6.6279297	0.8626128	0.011681756	0.1565	79.0	987.9104084968567
38	256.03165	100.363365	358.88574	77.278114	216.44444	71.956955	5.6324363e-05	71.95697	71.956215	156000	-1.9669534e-08	2237.7715	-0.026019024	-1.1970215	0.85934865	0.011646302	0.148	79.0	1014.5851662158966
39	226.67023	116.09195	363.97778	55.670025	204.63158	72.27136	5.76841e-05	72.271385	72.27061	160000	1.5735626e-08	2705.4854	-0.0015386585	-9.263184	0.8568825	0.017740536	0.2075	2.0	1039.3267452716827
40	192.77638	110.97048	365.35187	64.592064	218.33333	71.29503	5.939252e-05	71.29506	71.29413	164000	1.1920929e-09	2772.6335	-0.028557358	-137.40918	0.85482347	0.0039650723	0.129	79.0	1065.9801552295685
41	238.69235	108.314125	353.15555	67.55719	228.88235	67.47416	6.0073187e-05	67.474174	67.47339	168000	9.059906e-09	2119.7205	-0.024624746	-1.8037109	0.8584294	0.0073130084	0.13975	79.0	1092.6234951019287
42	193.40878	113.57791	367.1248	56.408943	217.88889	66.81658	6.0959173e-05	66.81659	66.8158	172000	6.198883e-09	2667.6152	-0.024600942	-77.524414	0.8568889	0.007991696	0.11225	79.0	1119.0665562152863
43	235.34023	115.53588	370.28873	27.197977	209.57895	63.962086	7.943144e-05	63.962116	63.960888	176000	-5.841255e-09	2389.4526	-0.027369425	-7.132324	0.8593597	0.012542736	0.1445	79.0	1145.5714404582977
44	214.04738	110.62161	355.76144	29.883541	219.22223	64.69579	6.7659654e-05	64.69582	64.695015	180000	-9.298325e-09	2342.2363	-0.021136267	-10.900391	0.84716326	0.0104226945	0.10575	79.0	1172.3381187915802
45	188.55806	100.52773	335.8879	64.33227	209.10527	63.666008	7.628212e-05	63.666027	63.665062	184000	-4.4107438e-09	2631.4084	-0.021672238	-67.35791	0.8575248	0.0057636136	0.13225	79.0	1199.0082445144653
46	214.28127	112.84022	357.87064	75.62837	218.0	60.88944	0.00015022323	60.889465	60.88694	188000	1.45435335e-08	2469.0398	-0.026142055	-2.2006836	0.8536324	0.010148262	0.13275	79.0	1225.5754630565643
47	190.89839	96.96859	341.1325	64.58547	224.52942	60.24212	0.00025169796	60.242165	60.237694	192000	2.384186e-10	2134.9023	-0.024402276	-24.948975	0.85565495	0.01080925	0.10725	79.0	1252.069233417511
48	205.8237	114.97705	370.97815	78.47498	226.17647	58.528942	0.015174656	58.530304	58.21835	196000	-5.9604643e-10	2326.1113	-0.0290325	-13.879395	0.8590749	0.009473952	0.1235	79.0	1278.5927548408508
49	209.10954	105.59159	356.17566	74.29553	215.83333	54.093754	0.3169025	56.80646	53.343227	200000	1.4066696e-08	2418.2073	-0.027148604	-6.7785645	0.85425293	0.012472924	0.14025	79.0	1305.0460731983185
