Epoch	AverageEpRet	StdEpRet	MaxEpRet	MinEpRet	EpLen	AverageVVals	StdVVals	MaxVVals	MinVVals	TotalEnvInteracts	LossPi	LossV	DeltaLossPi	DeltaLossV	Entropy	KL	ClipFrac	StopIter	Time
0	15.646692	12.604219	108.10077	4.9393916	16.633333	0.06510226	0.09027612	0.3019434	-0.3012655	4000	4.768372e-10	238.65685	-0.017906656	-74.138824	0.91893864	0.016820146	0.27175	6.0	11.331072568893433
1	31.147732	32.147514	186.37904	6.0768275	24.955975	4.9334188	0.6186689	5.2183633	-1.9200118	8000	5.1259996e-09	992.58844	-0.013192597	-149.9173	0.9188946	0.016384624	0.2365	8.0	22.831469774246216
2	83.69627	57.635548	219.52078	6.3281918	48.925	9.225815	0.14054485	9.267218	6.3779263	12000	3.8146974e-09	2946.6377	-0.017304685	-376.27588	0.91757065	0.0032178357	0.1015	79.0	34.79217720031738
3	103.726395	63.205368	229.44168	9.677882	56.25352	13.955781	0.009977952	13.96057	13.8446865	16000	-2.384186e-10	3428.9863	-0.020747742	-332.9568	0.9122575	0.010109679	0.126	79.0	46.842989444732666
4	124.18132	57.971584	226.51746	20.923563	64.459015	17.816862	0.006117556	17.81917	17.70925	20000	3.5762786e-09	3532.331	-0.018859696	-313.94507	0.91376466	0.00679566	0.09675	79.0	58.90396022796631
5	150.63171	59.28106	230.87184	45.588493	74.66038	21.319544	0.0055449726	21.321016	21.139786	24000	-4.053116e-09	4159.586	-0.019083126	-346.79126	0.9116244	0.009815939	0.115	79.0	70.86363863945007
6	168.57916	55.810913	226.45828	48.806557	79.94	24.818104	0.0020462857	24.818775	24.768734	28000	1.9073487e-09	4493.7544	-0.016705938	-360.86768	0.89133734	0.008662125	0.083	79.0	82.9822211265564
7	178.87897	51.44281	242.51704	55.780907	84.106384	28.255508	0.002575333	28.256111	28.179232	32000	-9.536744e-10	4362.067	-0.006428446	-332.7256	0.893946	0.015530147	0.18675	6.0	94.67700743675232
8	201.60327	38.60227	236.42714	22.159506	91.976746	31.47891	0.0015124289	31.479267	31.447266	36000	-1.0728836e-09	4702.694	-0.013849719	-356.4663	0.89469475	0.0076347827	0.07175	79.0	106.73228716850281
9	198.92725	43.688644	238.48314	31.960005	90.88636	34.730076	0.0012431558	34.73038	34.692936	40000	-6.0200693e-09	4394.833	-0.0150639005	-308.63306	0.8871726	0.008551291	0.0765	79.0	118.7859399318695
10	212.05957	20.127419	241.19116	129.99332	96.414635	37.72885	0.0017392837	37.72916	37.67042	44000	6.1392784e-09	4214.818	-0.014946845	-291.40234	0.8859524	0.008350121	0.087	79.0	130.89520716667175
11	210.70581	15.304319	243.36215	172.54958	95.07317	40.611515	0.0006802826	40.6117	40.599865	48000	1.4305115e-09	3975.3376	-0.014170652	-265.47754	0.8903873	0.0036403858	0.0725	79.0	143.02136158943176
12	205.3799	33.46975	228.8181	50.429337	91.976746	43.35505	0.0006409685	43.355213	43.34531	52000	-3.3378602e-09	3647.534	-0.012523083	-228.98022	0.8938302	0.0058330116	0.07	79.0	155.14454078674316
13	217.98564	19.591597	263.40646	134.6572	97.04878	45.908405	0.00065686967	45.908566	45.893818	56000	-3.218651e-09	3724.534	-0.014348193	-231.92017	0.89247966	0.0063831373	0.08475	79.0	167.25632548332214
14	216.07443	18.597982	255.07715	130.81241	96.268295	48.471455	0.00066367915	48.471603	48.448753	60000	-1.192093e-10	3409.6882	-0.014647442	-203.9021	0.88556325	0.005063437	0.092	79.0	179.44540214538574
15	207.52423	29.190222	285.48053	97.55086	93.09524	50.89382	0.00060701714	50.893967	50.875603	64000	-7.629395e-09	3086.3708	-0.015896678	-171.46802	0.88670915	0.0059444723	0.092	79.0	191.71653151512146
16	216.18677	29.15706	269.7401	98.6281	95.97561	53.1331	0.0007202305	53.133232	53.108063	68000	1.9073487e-09	3139.083	-0.006137663	-173.26855	0.8848698	0.015634635	0.19025	6.0	203.68884420394897
17	216.26576	31.462433	277.15152	102.737854	97.0	55.389576	0.0003864143	55.38968	55.382835	72000	-2.861023e-09	2956.025	-0.014507755	-153.36572	0.8851519	0.006844613	0.088	79.0	215.8711643218994
18	223.54839	29.003996	274.96936	103.40245	99.425	57.539272	0.0004492152	57.539375	57.52858	76000	1.6689301e-09	2992.925	-0.017087866	-153.80762	0.8868622	0.009357898	0.092	79.0	227.87964129447937
19	228.58496	28.037167	282.0113	103.030846	101.051285	59.70287	0.00039961914	59.70296	59.690067	80000	-6.4671037e-09	2976.0269	-0.015407665	-153.24097	0.8874912	0.0075597554	0.08525	79.0	239.94873762130737
20	227.59923	35.559048	320.71606	85.835175	100.84615	61.881226	0.0018595051	61.88141	61.797836	84000	8.106232e-09	2882.407	-0.019768704	-171.41699	0.8858382	0.014667116	0.1	79.0	252.1962559223175
21	237.49501	22.23214	289.70648	187.83932	104.89474	62.157696	6.6127934	63.978848	11.040438	88000	-1.9073487e-09	2839.3362	-0.016710237	-406.21777	0.90440625	0.008486202	0.1015	79.0	264.75127816200256
22	241.66283	25.822563	299.6163	202.06197	105.64865	60.240322	14.282351	66.35327	-0.30359316	92000	2.9802322e-10	2637.69	-0.01873564	-213.55542	0.9117714	0.013138407	0.0985	79.0	277.21229815483093
23	236.32753	50.333515	291.58472	54.75405	104.31579	62.24268	15.294713	68.8534	2.0260024	96000	8.3446505e-10	2553.6108	-0.01691012	-196.6499	0.91115266	0.00841004	0.11925	79.0	289.66498017311096
24	246.9181	40.210793	320.7944	135.41624	107.297295	63.80286	16.100277	71.19622	3.6130753	100000	4.768372e-10	2573.8694	-0.021627715	-182.01514	0.89777017	0.014030922	0.1155	79.0	301.74057054519653
25	255.46457	30.301445	319.1202	178.80444	110.388885	66.02118	16.96116	73.55622	0.58670783	104000	-1.6689301e-09	2503.2334	-0.019777546	-188.22778	0.90552026	0.011972596	0.11375	79.0	314.1014802455902
26	265.80972	27.561914	316.168	198.74767	112.77143	67.34041	18.559603	75.97115	1.339299	108000	1.847744e-09	2600.6445	-0.019000335	-202.64722	0.90154177	0.013482241	0.1115	79.0	326.3354835510254
27	269.26755	30.982168	319.58908	199.95549	114.47059	70.20868	17.956432	78.502014	-5.267659	112000	2.2649764e-09	2618.3494	-0.01906133	-235.23706	0.91598713	0.008622639	0.08425	79.0	338.76941871643066
28	276.23398	17.97868	314.52222	233.25957	116.44118	71.293365	19.865662	81.01824	-2.080224	116000	4.172325e-09	2414.1099	-0.018127259	-198.6648	0.90934503	0.009831426	0.1025	79.0	351.0915627479553
29	269.30972	44.788425	321.1136	141.47643	113.28571	73.65183	20.547302	83.51203	0.9070864	120000	5.00679e-09	2388.0977	-0.018518547	-182.08228	0.90083486	0.009886286	0.098	79.0	363.081857919693
30	267.2234	49.555622	330.54636	62.398315	113.02857	76.08953	20.593534	85.82639	0.65952206	124000	-1.6689301e-09	2153.811	-0.005266591	-159.75647	0.9019307	0.015750417	0.18175	5.0	374.8347284793854
31	296.7531	40.498184	346.77203	140.58054	125.6129	77.21114	21.40997	88.03115	-0.65781975	128000	-4.2915342e-09	2548.8298	-0.020661661	-207.54614	0.90252024	0.014090678	0.12525	79.0	386.875230550766
32	303.6622	35.420006	359.74918	214.61104	127.03226	79.92875	21.017296	90.495865	-1.0415642	132000	5.1259996e-09	2462.3	-0.019268617	-214.2854	0.91672784	0.009564877	0.0955	79.0	398.8878664970398
33	312.38733	58.61078	428.64575	70.45702	131.03334	81.72564	22.978848	92.97544	-2.2640414	136000	5.9604646e-09	2595.3875	-0.01924268	-215.09546	0.9230921	0.015050612	0.11575	55.0	410.88324308395386
34	310.84036	38.571655	358.25253	187.20316	128.93333	83.933266	23.628967	95.49879	-1.9741855	140000	-2.861023e-09	2336.3457	-0.018915305	-185.2351	0.92860603	0.014421775	0.1245	79.0	423.11586332321167
35	306.91312	60.571934	380.03036	93.33801	126.80645	86.70156	23.329912	97.90713	-1.9145749	144000	4.6491624e-09	2333.0442	-0.021042656	-185.80884	0.92172325	0.015025197	0.12675	65.0	435.027628660202
36	324.1372	42.872776	461.4717	172.18117	130.86667	87.564964	25.093515	100.21567	1.5277798	148000	2.3245812e-09	2343.7942	-0.019226491	-197.02612	0.922104	0.009860723	0.10775	79.0	446.97531628608704
37	320.02197	42.462322	378.76227	184.41235	130.03334	90.71316	25.007305	102.70962	-1.7737827	152000	2.9802323e-09	2113.6826	-0.021347024	-178.26733	0.9107468	0.013997698	0.131	79.0	459.00973081588745
38	328.2852	52.73818	371.33304	81.186935	131.33333	92.03912	26.24237	105.05233	0.33841205	156000	2.2649764e-09	2211.8198	-0.019569496	-186.40979	0.8945667	0.015056532	0.1135	61.0	470.94693970680237
39	340.82944	22.910635	385.0099	280.43323	136.13792	94.314735	26.692295	107.45729	0.20143938	160000	-2.6822091e-09	2062.0405	-0.020264868	-175.98096	0.9087028	0.012964553	0.1105	79.0	482.9339168071747
40	347.0868	25.876686	392.58026	250.7956	136.03448	96.95375	25.61175	109.87735	1.425317	164000	-5.6028364e-09	2143.1953	-0.020596603	-192.5022	0.9088265	0.015028992	0.1075	46.0	495.1812193393707
41	342.31967	31.208775	399.6102	280.18103	134.82759	98.6926	27.722511	112.34373	3.5583484	168000	-4.768372e-10	1962.5602	-0.021355968	-201.51355	0.9142596	0.015088021	0.11925	48.0	507.42902302742004
42	331.43027	83.5507	421.85648	70.12277	128.03226	100.360435	27.722324	114.70425	4.6266475	172000	-3.9339065e-09	2350.6548	-0.021495445	-174.36816	0.9003535	0.012062546	0.15125	79.0	519.8274674415588
43	345.81036	38.680202	393.1674	178.83803	133.65517	102.690956	28.754293	116.9448	2.3633218	176000	-5.364418e-10	1866.6829	-0.015373872	-148.86914	0.88925713	0.015266203	0.12175	22.0	532.0445754528046
44	352.84677	42.783222	418.3711	158.09363	134.58621	104.167404	29.868479	119.20334	3.720202	180000	-7.122755e-09	1939.5173	-0.018002044	-155.93835	0.8886175	0.015043934	0.084	47.0	544.3559911251068
45	368.04047	20.334032	403.16022	323.94473	138.82143	104.73967	31.587498	121.55533	1.0506151	184000	4.3213366e-09	1904.1466	-0.019749481	-172.05908	0.8994537	0.014604168	0.12575	79.0	556.8115513324738
46	373.14618	23.393232	418.88718	309.42252	139.03572	108.17037	30.976326	124.02579	0.11245251	188000	2.2351743e-09	1940.5479	-0.017451735	-172.3468	0.8898611	0.015012914	0.10025	43.0	568.7387013435364
47	368.70975	75.268036	580.72485	81.40644	138.35715	111.166435	30.837393	126.55582	-1.9065347	192000	1.1920929e-09	2154.544	-0.019619368	-189.41296	0.89792025	0.015027472	0.108	70.0	580.8262803554535
48	375.98413	51.655666	491.62137	161.36243	138.57143	112.424126	31.65331	128.9382	-6.229391	196000	2.4139881e-09	1932.8757	-0.018632347	-163.12769	0.9019098	0.0150915645	0.11525	44.0	592.7448382377625
49	357.33658	69.7761	436.91983	77.90352	134.31035	114.74179	32.5741	131.31583	0.64662147	200000	2.861023e-09	1722.7852	-0.004632569	-155.0033	0.9055712	0.01923142	0.222	4.0	604.5303204059601
50	353.9969	78.82754	438.7239	153.23541	132.13333	117.13663	32.78723	133.29123	-3.3938024	204000	-4.6491624e-09	1912.679	-0.0046104835	-92.00659	0.9053775	0.016787507	0.1755	5.0	616.5687754154205
51	366.10886	82.83053	495.63968	93.398254	134.34483	118.167465	33.76513	135.05595	-2.3115275	208000	-5.722046e-09	1910.1145	-0.01644298	-166.47571	0.90424013	0.01506489	0.1225	55.0	628.6457619667053
52	435.96582	76.061844	641.4686	332.39813	152.5	119.111595	34.38268	137.14313	0.48462105	212000	5.722046e-09	2882.5999	-0.02185018	-304.13452	0.9065424	0.011614934	0.12525	79.0	640.6504321098328
53	373.63196	70.724495	468.87524	91.38547	136.06897	122.68206	34.62344	140.19531	0.38060927	216000	-2.3245812e-09	1599.8121	-0.005029864	-127.48425	0.90086335	0.016501417	0.16125	5.0	652.4782090187073
54	409.49167	104.63176	668.4623	185.722	147.40741	128.55138	31.489075	142.24757	-0.36089993	220000	-1.5497208e-09	2952.2634	-0.024373345	-251.48315	0.9009402	0.01524504	0.15475	76.0	664.616058588028
55	487.92093	120.141754	675.4152	324.23016	170.43478	130.94347	29.962069	144.3446	0.23289108	224000	-1.4305115e-09	4275.1313	-0.017627368	-635.1389	0.89239985	0.01542958	0.13475	24.0	676.4435861110687
56	442.2295	125.79017	674.1248	202.53764	159.8	135.10281	29.72169	147.4005	5.017227	228000	-5.543232e-09	3721.638	-0.029103486	-476.4402	0.88449764	0.01347026	0.1475	79.0	688.9648699760437
57	492.76865	142.59122	747.7732	192.74812	169.86957	132.93532	34.503403	149.49733	2.8526683	232000	1.0848045e-08	4335.487	-0.021991802	-584.0891	0.87530404	0.015056712	0.119	34.0	700.8237478733063
58	453.86255	130.6086	694.64624	165.29445	159.12	135.97484	35.356968	152.57867	-1.5880051	236000	4.887581e-09	3122.0786	-0.0153127415	-276.92847	0.86750656	0.015874658	0.11475	19.0	712.69189620018
59	514.0161	130.16734	746.91876	247.91888	173.73914	138.10887	35.89274	155.03687	4.526669	240000	1.1324882e-09	4173.2007	-0.008239812	-446.1267	0.86472887	0.015065086	0.18025	5.0	724.8879256248474
60	514.7867	127.15634	731.20435	280.4996	180.13637	143.51363	34.755604	158.10092	-2.2178278	244000	7.629395e-09	3605.4246	-0.005218082	-377.08862	0.8630471	0.017256472	0.183	5.0	737.0076723098755
61	493.02264	115.65237	672.71185	203.45042	173.86957	146.38725	34.777153	160.70393	-1.4482484	248000	7.092953e-09	2619.0063	-0.025012271	-357.33936	0.8614649	0.015010195	0.14675	79.0	749.6226000785828
62	572.02246	95.77057	768.33344	407.80597	195.45	144.60893	38.5441	163.01657	-9.819288	252000	-1.1324882e-09	3276.3516	-0.00613393	-394.13647	0.8688959	0.015053465	0.1575	5.0	762.1346101760864
63	508.28372	135.02875	655.7632	204.5583	172.34782	147.92033	40.206947	166.02164	-2.7736526	256000	-7.152557e-09	3184.328	-0.025212025	-308.21094	0.86911327	0.015024831	0.1435	68.0	774.8594381809235
64	535.41754	125.30184	742.6437	239.0369	181.7619	151.68079	37.993156	168.53636	1.2856426	260000	3.6358834e-09	3113.5776	-0.025596581	-392.2959	0.8626657	0.012363728	0.14525	79.0	786.7487998008728
65	562.05273	80.426865	681.82574	409.38913	186.7619	152.15347	40.33359	171.19063	-1.7129292	264000	-7.629395e-09	2586.0723	-0.02189192	-259.4768	0.86273366	0.01506144	0.1105	47.0	798.8070034980774
66	534.8523	118.0065	677.64703	188.02873	178.5	154.26044	42.023067	174.06653	3.0071664	268000	-5.4240226e-09	2720.786	-0.025181293	-329.49023	0.8644082	0.009031113	0.1225	79.0	811.1432707309723
67	591.99207	83.514336	723.41095	390.53094	194.05	157.94649	38.93519	176.56802	2.2170908	272000	-4.5001505e-09	3044.6675	-0.013840729	-397.14844	0.8654817	0.015585013	0.1485	18.0	823.2872078418732
68	499.64542	181.39198	684.0859	86.02292	168.17392	162.01462	40.719307	179.35918	-0.43842077	276000	9.059906e-09	3008.663	-0.023521664	-126.43042	0.8665424	0.010715538	0.15175	79.0	835.4654788970947
69	537.2645	115.680664	696.9763	203.42249	177.68182	159.16844	46.30613	181.29475	-2.1926908	280000	0.0	2146.348	-0.021684568	-168.66809	0.8589181	0.015029697	0.13025	60.0	847.694863319397
70	600.6348	68.61246	681.79987	409.00815	192.65	160.93553	46.19198	183.47676	0.6705003	284000	1.0371208e-08	2468.2065	-0.019287461	-237.2085	0.85672176	0.015068553	0.13275	37.0	859.8712010383606
71	503.72592	160.17291	690.23047	72.32294	168.17392	166.38713	44.31144	186.3719	-1.1429877	288000	-6.7949295e-09	2101.6697	-0.022911124	-174.45898	0.8418763	0.012903402	0.154	79.0	872.2098090648651
72	548.1984	75.42886	648.74396	397.91733	178.90909	164.8408	46.33027	188.14719	-5.82921	292000	-1.26361845e-08	1771.4741	-0.023617208	-140.75806	0.8309564	0.014822124	0.12725	79.0	884.5627520084381
73	620.80035	77.47511	766.156	446.86942	195.0	165.97133	47.38497	190.06908	5.678076	296000	1.2278557e-08	2398.4358	-0.024340844	-312.8003	0.8384667	0.015002487	0.14425	64.0	896.7147557735443
74	559.64075	117.21022	719.08484	276.52884	183.28572	172.92172	44.492195	192.96555	0.45781183	300000	-8.8214875e-09	2046.8407	-0.02617726	-257.86987	0.83888835	0.015003732	0.15275	69.0	908.9209363460541
75	612.7748	87.24419	781.9987	478.3129	194.45	168.31056	49.654697	194.98917	2.6286933	304000	-4.708767e-09	2033.0623	-0.027453635	-312.54114	0.8438216	0.012701441	0.13725	79.0	921.129326581955
76	569.2394	99.448524	712.94556	363.45813	182.33333	173.70575	49.324734	197.49287	-4.664548	308000	5.722046e-09	1476.1975	-0.024997635	-201.3269	0.8356166	0.0138289	0.134	79.0	933.3562428951263
77	590.344	91.94095	743.9703	370.84857	193.3	178.10957	46.78873	199.63028	-2.891173	312000	-5.2452087e-09	1745.3315	-0.02269757	-187.32056	0.83152723	0.013754791	0.1425	79.0	945.7495775222778
78	578.1014	102.44704	787.56146	318.85617	189.04762	173.21007	52.858524	201.29475	0.7096071	316000	1.5497208e-09	1416.6667	-0.025844991	-196.87292	0.8298104	0.012610483	0.14975	79.0	957.7854454517365
79	597.91815	132.64668	731.3211	218.21924	200.1579	177.2606	49.700542	203.04591	-26.74986	320000	1.7881393e-09	1989.8857	-0.024811082	-361.68555	0.8206453	0.012512367	0.1435	79.0	969.8744909763336
80	603.51825	123.492516	762.9353	174.19145	198.6	178.79442	48.39076	204.66113	-1.8285785	324000	1.180172e-08	2081.5896	-0.018308505	-336.1277	0.8197618	0.015281906	0.1525	22.0	981.346250295639
81	596.4998	70.50027	695.4364	469.75034	196.4	180.5195	49.59143	206.12161	-2.217689	328000	7.390976e-09	1499.241	-0.020539802	-292.61902	0.81662726	0.015119458	0.13175	37.0	993.3809673786163
82	650.3415	76.976395	768.173	481.11453	209.52632	183.87244	48.03549	207.5264	5.872448	332000	5.9604643e-10	1841.6619	-0.026248846	-312.06836	0.8163223	0.0126315225	0.178	79.0	1005.4711267948151
83	592.80286	163.53374	723.0991	83.48556	198.55	183.77657	49.593548	209.58018	2.306968	336000	5.9604646e-09	2216.6396	-0.027579784	-471.24036	0.80513674	0.015031563	0.1665	60.0	1017.2814812660217
84	655.58716	88.537865	803.2605	519.6155	212.61111	181.933	53.109764	210.90474	-22.54718	340000	9.775162e-09	2043.9801	-0.023341982	-350.25305	0.8007607	0.012038388	0.14325	79.0	1029.2324771881104
85	655.7192	86.2343	746.5703	393.42874	218.55556	188.84679	48.25598	212.7957	-5.878264	344000	8.46386e-09	1498.9015	-0.02702447	-305.77222	0.78822625	0.013852744	0.159	79.0	1041.1480650901794
86	662.02625	76.73186	787.08453	569.01996	222.16667	189.34544	49.335785	214.51312	4.5301914	348000	-4.2915342e-09	1962.8147	-0.023495933	-280.10095	0.7901153	0.012272988	0.15275	79.0	1052.9632332324982
87	675.46155	80.37924	792.6453	549.56757	219.77777	185.0348	53.29828	215.8245	-3.5246224	352000	1.3589859e-08	1913.2018	-0.024979435	-364.0343	0.7858269	0.0104114935	0.1615	79.0	1064.9738450050354
88	673.21405	120.8691	810.21796	278.50296	220.55556	191.216	49.65301	217.6301	6.9587975	356000	-2.1457671e-09	2387.2642	-0.02657715	-371.92883	0.78017914	0.014060761	0.17325	79.0	1076.8209881782532
89	699.29803	70.04451	793.1826	573.69855	221.58824	192.8088	49.99644	219.23596	1.9841933	360000	8.34465e-09	2147.78	-0.02863085	-281.49695	0.7602437	0.012152287	0.16375	79.0	1088.7156257629395
90	627.9498	171.33382	788.90674	67.52288	198.8421	189.62247	53.315895	221.6557	5.284792	364000	-1.29342075e-08	2234.5444	-0.024071489	-374.0338	0.76913077	0.012879652	0.17275	79.0	1100.6494026184082
91	705.0664	129.75774	821.4089	239.66368	227.05882	203.61842	44.81777	223.68976	-2.12421	368000	9.059906e-09	2662.513	-0.021950401	-348.4309	0.7692953	0.014295938	0.15925	79.0	1112.4515635967255
92	690.79584	112.914635	804.86273	368.0043	216.0	192.70984	56.43444	225.53569	7.1181903	372000	9.775162e-09	2128.889	-0.02315245	-404.31116	0.7632758	0.0152045125	0.13125	50.0	1124.2204620838165
93	647.6479	132.89523	810.6217	363.64636	203.05263	192.62689	56.003483	227.66661	6.6811323	376000	-2.1457671e-09	1660.8811	-0.0064032017	-382.71716	0.7510717	0.01550224	0.15175	4.0	1136.0668919086456
94	590.8335	186.37566	828.0813	162.12209	188.38095	202.3921	53.54883	229.56895	-5.773707	380000	-5.4836273e-09	2920.7852	-0.014219322	-353.42065	0.7484489	0.015132234	0.1385	14.0	1147.7069826126099
95	590.35516	206.10414	844.06635	78.3438	188.55	198.19276	55.96508	230.20345	0.21876764	384000	-6.198883e-09	2829.4321	-0.023925902	-189.57373	0.7504882	0.012548309	0.16125	79.0	1160.2061383724213
96	656.267	153.17847	845.0992	287.79144	207.21053	202.26932	54.024483	231.04543	5.065899	388000	2.2649764e-09	2716.8354	-0.01879853	-341.61255	0.75072104	0.015114645	0.15	26.0	1172.35005235672
97	717.72595	88.048706	811.2864	456.93906	230.70589	212.68044	45.423016	231.76546	-2.0065837	392000	-1.9550324e-08	2603.4136	-0.027739987	-446.66284	0.74046344	0.013635954	0.1725	79.0	1184.6449751853943
98	663.8854	157.04906	839.9055	140.3768	208.6842	194.71654	59.24181	232.71451	7.858692	396000	7.987023e-09	1999.2007	-0.02300812	-341.97754	0.7487976	0.010885912	0.14375	79.0	1196.8379135131836
99	577.08966	226.76521	814.52234	85.06454	189.90475	212.91356	46.48222	234.21729	-2.159657	400000	-3.516674e-09	4298.455	-0.0058291415	-639.2041	0.7304213	0.015780212	0.1885	4.0	1208.962798833847
100	716.5043	60.205757	804.03577	538.12445	241.0	208.55411	45.842663	233.6501	3.838265	404000	-1.3351441e-08	3466.5437	-0.025741708	-1018.9607	0.7296813	0.01048048	0.169	79.0	1221.3535387516022
101	728.7287	48.83108	819.0092	624.9032	243.125	199.74825	41.197163	234.0154	10.9943695	408000	5.00679e-09	2632.883	-0.026092658	-501.4436	0.7258954	0.011599548	0.156	79.0	1233.6841313838959
102	715.5186	42.722496	815.5169	646.0186	246.875	204.30666	38.01337	235.28596	16.668995	412000	1.1265278e-08	2657.7566	-0.026404392	-787.52625	0.7182278	0.008321795	0.18525	79.0	1246.1852025985718
103	738.3749	31.420109	812.3952	676.7265	246.375	192.58978	50.47887	236.0884	-1.1232715	416000	-1.692772e-08	2156.9978	-0.020983573	-740.73926	0.70234764	0.015008987	0.1445	34.0	1257.6191811561584
104	729.37213	48.442383	822.5969	641.7667	244.25	200.51642	55.088886	237.87524	-2.2684102	420000	-1.1205673e-08	2278.9014	-0.006985332	-547.39124	0.70381176	0.016236437	0.184	5.0	1269.7700991630554
105	737.3178	38.625053	794.69794	674.0161	245.5625	200.16943	48.03714	239.0939	0.3098216	424000	9.775162e-09	1735.4194	-0.022814415	-480.78955	0.70476663	0.0124442745	0.14775	79.0	1281.8188152313232
106	732.91345	50.981815	872.5208	657.8182	245.875	203.24333	48.80285	240.81319	10.745101	428000	-1.513958e-08	1970.0858	-0.022537103	-447.14648	0.69965893	0.008185763	0.15925	79.0	1294.0687925815582
107	729.3365	45.248016	788.93036	621.56006	241.9375	200.70715	54.76418	242.38689	4.979868	432000	-1.1920929e-09	1577.564	-0.014972104	-585.71356	0.68724734	0.015233709	0.13925	13.0	1306.0710022449493
108	742.5687	34.332317	790.62335	656.4544	248.875	208.55948	47.514156	243.83028	-6.32651	436000	1.7642975e-08	1873.8142	-0.013893749	-507.89392	0.68088454	0.01510566	0.13875	19.0	1318.0264201164246
109	693.2215	144.00163	810.7264	320.94083	225.05882	198.5024	60.903416	245.01364	-7.658234	440000	1.0251999e-08	2406.9558	-0.029301474	-645.1101	0.6796449	0.011079423	0.16125	79.0	1330.167521238327
110	704.2364	109.50425	800.3363	334.11972	232.82353	207.32797	52.116413	246.09819	3.1569295	444000	-9.059906e-09	2174.0044	-0.024586355	-447.34692	0.65930665	0.010477298	0.165	79.0	1342.493337392807
111	732.9224	68.43045	820.8459	569.0663	239.0	210.13956	50.199104	246.8594	-9.956079	448000	7.2717667e-09	1935.7623	-0.024273053	-641.8611	0.6428603	0.0128948875	0.15575	79.0	1354.4897396564484
112	737.14716	75.24238	850.60284	577.5258	237.375	206.28894	52.992138	248.2857	6.3658657	452000	1.692772e-08	1615.7039	-0.015872996	-472.29236	0.64116186	0.015363283	0.1645	20.0	1366.5257291793823
113	626.7656	183.762	806.7406	210.03233	206.47368	213.74944	56.79419	250.0784	6.28286	456000	1.3113022e-09	3248.29	-0.025082324	-523.5842	0.6434381	0.008603926	0.15425	79.0	1378.4451434612274
114	688.05786	184.50037	828.79694	158.71538	222.22223	195.78073	53.7809	249.01074	8.983995	460000	-5.7816507e-09	3227.089	-0.028317625	-846.6858	0.6427279	0.0068551935	0.1785	79.0	1390.5463752746582
115	733.2221	92.41358	845.0984	431.88562	232.76471	204.64276	58.36841	250.25047	-51.970745	464000	-3.218651e-09	1438.6992	-0.030023227	-378.5957	0.6339072	0.015109199	0.1775	75.0	1402.6250953674316
116	640.5784	197.35623	806.25336	96.40337	211.33333	220.40112	50.338703	251.93323	-20.672543	468000	-8.106232e-09	3430.0935	-0.005674528	-1340.7515	0.6504082	0.019750025	0.2585	4.0	1414.302875995636
117	711.4348	133.1305	847.4003	232.68915	228.29411	194.33678	63.505226	252.39146	-1.3638172	472000	-5.6028364e-09	2042.7977	-0.02534751	-886.5574	0.65053844	0.009272868	0.1735	79.0	1426.439148902893
118	718.19073	44.446697	780.9816	639.7052	233.64706	211.44093	59.301155	253.78307	8.611898	476000	-7.033348e-09	2133.71	-0.0055730166	-939.55994	0.6485082	0.017592195	0.22225	4.0	1438.0901536941528
119	736.97876	70.19288	825.5638	497.39658	235.625	198.21864	64.94437	254.96648	-2.4100842	480000	-9.894371e-09	1380.1313	-0.025982218	-659.7226	0.64871687	0.015017928	0.16	79.0	1450.2991423606873
120	714.7157	69.22497	807.3882	578.7275	227.47058	215.70195	59.132076	256.66452	10.2967	484000	1.2993812e-08	1336.7852	-0.024489218	-421.03802	0.652263	0.012159514	0.147	79.0	1462.2340919971466
121	738.4507	54.238873	797.3119	608.54285	232.05882	210.5636	61.568195	257.90024	-5.2399683	488000	-8.34465e-09	1146.9443	-0.028307742	-472.6068	0.65811396	0.014007291	0.186	79.0	1474.3668110370636
122	732.1906	140.00893	845.3074	220.22977	227.58824	214.15709	64.119225	259.60812	4.702166	492000	2.0682812e-08	1463.2332	-0.020250324	-254.54346	0.65102774	0.01543995	0.1715	36.0	1486.5002324581146
123	741.6704	72.37779	848.69934	555.8169	233.0	224.17462	56.896645	261.17136	16.46889	496000	-1.6391278e-08	1756.7078	-0.02505367	-671.81445	0.6431445	0.014207308	0.1675	79.0	1498.6520981788635
124	741.0854	109.32864	847.6638	405.79208	231.47058	212.48813	64.956116	262.6504	9.185156	500000	1.1444092e-08	1342.9132	-0.0171603	-405.23865	0.6280225	0.015419498	0.18575	21.0	1510.3288581371307
125	727.2352	64.43856	828.02893	614.9431	223.0	210.16138	71.854836	264.41132	5.3275332	504000	6.9141386e-09	548.1872	-0.012286799	-289.93002	0.61627704	0.0150482	0.137	13.0	1522.2952625751495
126	731.88196	67.60928	837.6077	593.10077	229.70589	225.59927	62.48049	265.85266	-1.2835999	508000	-1.4305115e-09	1275.2957	-0.022683572	-539.13763	0.6124036	0.01224856	0.18525	79.0	1535.1066930294037
127	776.666	60.9282	859.7903	658.79553	239.6875	213.40755	63.751602	266.7818	4.684717	512000	1.4305115e-09	1104.521	-0.024314506	-395.70483	0.6033083	0.0147883305	0.169	79.0	1547.4003837108612
128	726.9233	99.4298	812.3362	391.44882	227.64706	219.21051	67.82955	268.7823	1.6335297	516000	-1.5854836e-08	1288.027	-0.025101313	-513.0676	0.59622854	0.010253098	0.1635	79.0	1559.63947224617
129	757.09296	67.56708	848.10394	582.4506	232.76471	215.12825	69.56727	269.35397	7.1303024	520000	-5.4836273e-09	824.6942	-0.0042713177	-354.36288	0.5944414	0.023284193	0.24025	3.0	1571.4156625270844
130	707.9719	168.75586	838.0499	195.3166	228.11765	226.33353	59.84426	270.87442	8.541739	524000	-1.001358e-08	2630.2485	-0.026429262	-749.4949	0.5935528	0.009711848	0.1815	79.0	1583.4657413959503
131	620.98694	235.01231	854.14136	138.91356	199.5	215.48499	65.44193	269.87662	-8.011798	528000	6.9141386e-09	3617.0828	-0.0074443123	-711.5288	0.5919376	0.016301839	0.289	4.0	1595.0402960777283
132	762.49133	58.7309	863.26324	617.5888	243.4375	206.23378	59.74766	268.62003	-21.605236	532000	7.510185e-09	1596.9194	-0.027840689	-758.2142	0.59206516	0.012378855	0.189	79.0	1606.9081540107727
133	741.56616	67.40552	871.20996	616.4924	241.3125	222.51149	56.808193	270.10376	6.3685274	536000	1.0967255e-08	1506.1193	-0.005804057	-477.59143	0.5825469	0.015325027	0.15875	5.0	1618.4670474529266
134	767.59863	60.692055	854.755	650.3073	238.125	205.19188	74.17659	270.0693	-33.448917	540000	1.1563301e-08	1246.4812	-0.02725985	-868.2634	0.5827598	0.010765204	0.1575	79.0	1630.2718081474304
135	769.3025	91.7997	867.7262	462.82602	240.125	226.61012	62.688824	271.54895	-15.424439	544000	1.4603138e-08	1233.9849	-0.027388018	-356.28522	0.55918485	0.012945441	0.1715	79.0	1642.1625123023987
136	702.5269	161.56099	851.8778	202.71588	222.41176	224.95712	62.96078	271.98294	-2.3947096	548000	7.510185e-09	1736.33	-0.023716982	-406.07642	0.5542249	0.013539678	0.18125	79.0	1654.2878296375275
137	772.8319	48.370277	828.5084	659.7006	240.4375	215.88524	65.600426	271.2578	-6.124817	552000	9.536743e-09	603.86273	-0.024792459	-243.65436	0.54349643	0.009181983	0.1655	79.0	1666.5615437030792
138	721.4599	175.49991	829.2382	89.30859	227.58824	224.31253	65.48699	272.75122	5.308091	556000	-6.6757204e-09	1400.3949	-0.0074579804	-383.11798	0.52906257	0.016917037	0.2395	5.0	1678.4419524669647
139	711.03296	143.01402	856.6362	187.83382	222.05556	215.87613	70.726135	273.31445	8.077847	560000	-2.4318695e-08	1883.2113	-0.012007025	-614.80457	0.52782243	0.015101467	0.161	10.0	1690.253103017807
140	753.699	88.43931	885.0441	524.2374	232.23529	213.82278	68.67069	273.014	9.671546	564000	-1.7106533e-08	771.1928	-0.03226312	-346.87857	0.5256042	0.009960039	0.1645	79.0	1702.2526452541351
141	693.53937	131.7387	861.78656	423.85425	210.36842	223.46931	68.594826	274.65585	-0.8015499	568000	-5.722046e-09	652.39856	-0.028992105	-281.80954	0.52379286	0.009430734	0.18025	79.0	1714.4154827594757
142	678.8709	116.9405	823.8363	337.11835	211.61111	225.27281	66.10743	275.21106	-3.7356882	572000	-3.3378602e-09	1358.2207	-0.027432535	-497.248	0.51161915	0.011338959	0.18725	79.0	1726.4990618228912
143	712.16205	100.05232	859.91223	465.65045	225.0	213.09488	68.50802	275.05573	-0.30395412	576000	-9.059906e-09	956.4178	-0.027135035	-325.86713	0.502446	0.010334221	0.16125	79.0	1738.6079397201538
144	749.03394	120.134186	860.54114	386.98813	230.29411	218.39606	65.62445	274.9827	4.057211	580000	2.6226044e-09	1027.3625	-0.019940212	-445.10516	0.49291912	0.015011834	0.16275	29.0	1750.7112081050873
145	573.5181	273.12067	855.3615	83.99768	181.7619	227.0721	69.065636	276.57663	-20.224102	584000	-3.3378602e-09	3929.1716	-0.0051177675	-874.4353	0.4872852	0.020537253	0.199	3.0	1762.5761165618896
146	796.60974	51.936314	873.6373	651.50085	243.6875	201.57315	62.26302	275.01468	-4.346923	588000	2.3841857e-09	1872.3889	-0.027455794	-1450.6133	0.48664254	0.012819563	0.16	79.0	1774.8310754299164
147	754.0694	100.75437	864.0739	448.09314	234.875	224.69757	67.99719	278.53073	5.7409916	592000	2.336502e-08	901.0265	-0.027767519	-232.77435	0.4727351	0.008319981	0.191	79.0	1786.9526822566986
148	761.1034	63.014256	864.8479	576.397	244.4375	228.47908	57.367485	278.80933	0.4410162	596000	1.6212464e-08	1234.179	-0.027216017	-614.82214	0.47007236	0.012095296	0.176	79.0	1799.0532581806183
149	730.6712	117.16857	854.7996	322.3264	233.47058	219.25868	69.98968	278.87613	2.16229	600000	3.0994416e-09	2002.7935	-0.005190517	-399.839	0.4785563	0.01534212	0.20925	3.0	1810.9613318443298
150	723.7596	50.985138	833.4145	626.5826	249.8125	214.5096	57.775513	277.49814	10.736893	604000	8.3446505e-10	1880.4806	-0.022708742	-552.8058	0.47935733	0.0060000964	0.135	79.0	1823.0769197940826
151	745.7427	47.011482	838.2979	644.671	246.5625	203.50652	63.909832	275.75156	-7.712635	608000	-1.5377998e-08	1107.7931	-0.02598974	-459.0561	0.47883025	0.014220003	0.15575	79.0	1835.2060916423798
152	704.65906	156.68474	837.6495	103.85316	230.29411	213.39111	64.26846	276.50598	8.135967	612000	4.4703485e-09	2125.2283	-0.015814632	-557.1709	0.47470036	0.016088108	0.19825	21.0	1847.1221392154694
153	762.89105	67.61251	851.60333	559.0283	237.8125	213.1216	64.68984	276.18576	10.099141	616000	-1.078844e-08	685.1748	-0.028558731	-388.0272	0.4683199	0.014121341	0.19925	79.0	1859.2299003601074
154	769.6632	62.473408	882.9775	669.97	246.75	221.06253	64.1991	278.2209	11.499268	620000	-1.8715859e-08	1355.0568	-0.02782592	-670.2267	0.4460955	0.011872118	0.17025	79.0	1871.39071726799
155	701.91187	108.768715	845.07733	407.57465	226.64706	230.5119	61.3683	279.315	11.267644	624000	-6.556511e-09	2182.5312	-0.02133344	-920.6116	0.44946077	0.015198739	0.15925	33.0	1883.3894288539886
156	750.0087	84.015114	865.39703	556.28625	234.64706	206.45084	68.58707	278.42194	8.46961	628000	-1.502037e-08	1084.7992	-0.026205119	-541.3727	0.46240762	0.011260937	0.16025	79.0	1895.4837503433228
157	710.795	102.13278	833.5763	388.84152	229.11765	219.16365	67.547424	279.6484	4.3353357	632000	2.026558e-08	1352.2374	-0.028431239	-494.39282	0.43790445	0.010842995	0.179	79.0	1907.494413614273
158	754.80164	86.71733	863.5495	529.65076	233.76471	215.52353	67.34396	278.91956	-4.2420464	636000	-6.437302e-09	1065.6552	-0.025515929	-372.73584	0.42678306	0.013039041	0.19025	79.0	1919.6775283813477
159	738.75134	96.1588	869.28094	426.5907	234.8125	218.03429	69.08933	280.33853	-7.3407164	640000	-1.0251999e-08	955.29877	-0.027072487	-315.32074	0.4172533	0.009317771	0.16225	79.0	1931.7735068798065
160	701.75275	177.63376	854.8645	104.342575	220.33333	222.93272	66.721245	280.26987	4.7513723	644000	1.2278557e-08	1938.0306	-0.026759885	-310.29114	0.4247518	0.013283345	0.20875	79.0	1943.9034237861633
161	703.7471	149.31425	875.3961	383.2777	222.05882	220.59286	64.10068	279.4393	4.0466156	648000	-1.4305115e-09	2107.2046	-0.022844683	-467.85034	0.42787528	0.007890291	0.178	79.0	1955.9014956951141
162	768.3462	60.250793	893.16327	689.5841	241.75	212.35968	62.555946	279.221	-3.0952654	652000	-1.3589859e-08	994.53064	-0.010218414	-634.19904	0.42962366	0.01628531	0.17925	10.0	1967.7080121040344
163	615.1965	193.15398	821.35297	87.67062	209.0	228.257	62.758266	281.04572	-1.2245159	656000	2.7000905e-08	4458.044	-0.024598656	-1799.782	0.42633757	0.0024825274	0.16225	79.0	1979.8457624912262
164	632.36597	167.07936	827.89044	395.2284	209.21053	200.82646	50.2775	266.4643	-7.3573027	660000	5.4836273e-09	3250.7498	-0.023825869	-415.41724	0.41936687	0.008144373	0.1445	79.0	1992.0366876125336
165	706.7579	97.75797	799.2758	380.44086	235.5625	188.87097	55.46523	270.69394	9.245939	664000	-5.9604643e-10	2354.226	-0.027454263	-1056.6134	0.4244025	0.015223899	0.202	58.0	2004.2321157455444
166	690.7867	181.98943	864.71814	86.92049	227.94118	212.4253	58.607014	278.30267	8.256233	668000	2.861023e-09	2126.5625	-0.02328178	-411.8357	0.41568732	0.010843884	0.17775	79.0	2016.4222583770752
167	691.9308	166.21611	832.6215	88.949875	229.35294	204.89716	64.57881	278.16684	-3.3878794	672000	-1.45435335e-08	1488.9863	-0.027567647	-293.00464	0.4077822	0.015010733	0.192	70.0	2028.5898950099945
168	709.12134	101.01403	848.7795	395.4038	238.875	205.46872	65.52129	276.99512	-0.9885664	676000	2.4676323e-08	1143.3438	-0.0127238445	-221.2127	0.40320262	0.015790708	0.199	13.0	2040.380919933319
169	753.77344	30.310446	817.16614	701.8159	244.75	213.13545	58.226074	278.1589	14.532399	680000	1.859665e-08	829.4705	-0.026899112	-447.45422	0.40101144	0.015059869	0.17375	72.0	2052.656021595001
170	763.86774	88.23198	855.57764	439.05298	239.25	216.10359	70.58695	280.01245	-4.0455275	684000	1.20997425e-08	1255.2935	-0.025451642	-333.23914	0.39390773	0.0115433475	0.187	79.0	2064.9142920970917
171	661.235	221.9162	829.28644	87.889725	216.88889	225.19008	61.92604	281.44122	8.996915	688000	2.5272369e-08	2461.9963	-0.0050914967	-632.5342	0.3721081	0.017155668	0.19525	2.0	2076.6369948387146
172	782.23114	39.412575	855.35406	709.25555	246.75	204.26941	67.19067	279.00586	-12.475009	692000	-1.525879e-08	1063.7899	-0.005900522	-654.2657	0.3719178	0.015317751	0.18625	5.0	2088.434065580368
173	779.4966	44.99052	864.0031	687.76715	248.125	225.51115	59.564552	282.1477	13.86678	696000	2.5272369e-08	913.22687	-0.026762977	-404.5461	0.37181756	0.011144997	0.194	79.0	2100.640454530716
174	783.25806	39.59412	850.6529	711.6568	248.1875	219.56157	68.555	283.44116	-5.018078	700000	6.9141386e-09	666.97815	-0.023803333	-296.4822	0.36514664	0.010111305	0.16875	79.0	2112.842796564102
175	784.82153	45.28126	866.7289	713.91144	249.3125	217.48935	71.739334	284.33643	3.7345123	704000	1.8239021e-08	785.97455	-0.023687746	-287.18262	0.36474183	0.011675182	0.16975	79.0	2124.9368381500244
176	749.7761	42.86521	829.15814	682.26666	247.75	215.06276	70.72084	285.39108	-3.7684307	708000	8.34465e-09	580.4384	-0.027678864	-276.43695	0.36410576	0.013563154	0.16525	79.0	2137.1360144615173
177	789.73474	44.06153	879.38654	721.41284	250.0	219.60844	68.20669	284.0796	-6.719413	712000	1.1920929e-09	669.5356	-0.025449492	-286.17938	0.35438412	0.012331091	0.16725	79.0	2149.3102152347565
178	774.74255	40.274372	862.6702	707.8031	247.875	220.78697	67.30815	285.86127	6.5932255	716000	-4.053116e-09	738.7936	-0.026405217	-291.11664	0.3450581	0.013064985	0.2015	79.0	2161.522868871689
179	782.0829	43.832085	841.0673	685.74054	247.625	220.88956	71.994576	285.91992	-19.276018	720000	8.3446505e-10	387.5182	-0.029063592	-151.28224	0.33128354	0.014739151	0.20625	79.0	2173.943328142166
180	773.0826	46.07311	864.3455	680.65497	245.125	223.60324	68.15146	285.9953	11.229688	724000	5.2452087e-09	792.3574	-0.027930373	-315.62335	0.31106058	0.011479942	0.206	79.0	2186.1290259361267
181	802.649	39.68909	851.10065	689.4967	248.875	223.83957	68.61969	285.8024	4.061819	728000	-7.390976e-09	489.4902	-0.010892482	-252.50423	0.28720698	0.01511105	0.13825	7.0	2198.0895409584045
182	758.2457	178.03568	861.16425	84.980125	234.5	224.74776	72.895195	287.04697	-15.246175	732000	-1.001358e-08	1380.4855	-0.008454408	-433.15674	0.28389484	0.015629314	0.173	7.0	2209.872441291809
183	799.58044	34.231915	875.0289	738.00757	248.0625	226.25319	68.12227	287.7687	2.4623108	736000	2.384186e-10	1039.1389	-0.013222323	-282.16614	0.28204823	0.015012327	0.16075	14.0	2221.866593837738
184	772.4573	59.3126	857.6121	613.5236	244.0625	226.87137	68.75132	289.24197	1.9098568	740000	1.8000602e-08	917.3315	-0.016143115	-457.74573	0.28561032	0.01621343	0.2135	16.0	2233.853089570999
185	772.0003	46.711662	841.7402	674.12036	248.375	216.95915	73.709206	288.83466	-45.199627	744000	-2.1457671e-09	527.081	-0.01336593	-200.17368	0.2850303	0.01762179	0.1835	15.0	2245.929692029953
186	756.1961	117.3548	857.4735	359.55548	234.17647	222.56557	72.462555	289.06512	-9.813927	748000	-1.3351441e-08	1018.6033	-0.023309827	-359.67395	0.28525358	0.011304046	0.187	79.0	2258.2458403110504
187	785.835	52.72979	851.222	667.8742	243.5	225.2935	68.023605	288.75568	1.0162401	752000	2.3841857e-09	367.9212	-0.015532676	-206.88626	0.29170796	0.0155661665	0.1695	16.0	2270.957545042038
188	766.46265	60.669285	832.62775	601.5967	241.1875	230.32419	65.96631	289.82825	5.8896265	756000	-1.3589859e-08	795.2562	-0.025042446	-308.75052	0.28925616	0.009070423	0.1485	79.0	2283.3136701583862
189	735.0013	178.86963	857.4222	97.526665	229.52942	229.36197	65.17252	288.90424	1.9899883	760000	3.8146974e-09	1690.8967	-0.024869908	-415.0232	0.2847915	0.011300906	0.21925	79.0	2295.7073924541473
190	774.1442	44.353592	846.7235	679.3702	245.5625	221.49289	68.05308	287.8687	-10.642287	764000	1.0967255e-08	629.8628	-0.026771411	-368.02664	0.27601665	0.012433425	0.187	79.0	2308.1450510025024
191	791.2462	73.0713	861.3913	617.47046	240.5625	227.20569	69.22216	288.377	-1.4460974	768000	3.8146974e-09	598.78955	-0.024460863	-149.53485	0.2753029	0.015347932	0.18675	36.0	2320.194547891617
192	792.6149	52.435856	851.4641	654.84283	244.9375	230.69247	69.30517	289.3672	-17.491394	772000	2.503395e-09	452.6662	-0.027779022	-147.5235	0.26076555	0.0091745015	0.1725	79.0	2332.5291690826416
193	712.33234	207.8037	860.0012	91.1035	218.44444	232.83424	69.8263	288.84534	-26.25222	776000	1.2040139e-08	2287.8464	-0.004020369	-579.2793	0.24244282	0.021508995	0.28275	3.0	2344.3603687286377
194	799.71216	45.128277	856.3354	687.7865	247.875	226.33722	63.136032	289.0746	6.3190393	780000	5.1259996e-09	978.0868	-0.004451305	-596.96045	0.24188788	0.01753704	0.259	3.0	2356.385193824768
195	773.18085	37.43954	842.79364	707.9335	249.625	224.1185	68.02924	290.68637	-16.296045	784000	7.1525574e-10	562.84357	-0.023060149	-289.3177	0.24144366	0.012508629	0.17925	79.0	2367.9818000793457
196	770.8502	16.653713	815.301	742.88934	249.5	214.75757	72.574936	288.73148	-17.73367	788000	-4.4703485e-09	308.397	-0.026611302	-154.59776	0.23606952	0.014629618	0.2065	79.0	2379.8408784866333
197	769.702	28.06606	822.3649	723.56445	247.625	220.47195	66.971245	287.67004	-7.399803	792000	1.001358e-08	340.41058	-0.02426223	-133.9992	0.2269295	0.014097678	0.169	79.0	2391.7500286102295
198	780.4441	30.97732	844.7709	727.59955	250.0	216.46892	71.84993	288.13928	-32.134613	796000	-1.3947487e-08	324.1125	-0.003969523	-107.93468	0.22793074	0.016385766	0.21425	3.0	2403.355659723282
199	779.12585	33.028084	843.18243	742.7486	250.0	222.22621	68.00371	288.34113	1.9263382	800000	-2.3841857e-09	486.70407	-0.027014308	-251.10638	0.22814102	0.011165299	0.18325	79.0	2415.491394996643
200	741.5952	171.75098	842.76733	86.96103	234.17647	226.57346	66.55126	288.9872	-3.4196005	804000	-7.1525574e-10	1036.9222	-0.0038614557	-240.89233	0.20842709	0.016402679	0.21525	3.0	2426.95360827446
201	798.0085	41.1878	850.3386	731.4954	244.9375	223.594	67.57502	288.28568	-4.9753256	808000	-1.013279e-09	419.9846	-0.018882293	-207.81984	0.20799097	0.015028383	0.1575	27.0	2438.687422990799
202	783.2706	35.775265	841.61743	714.25903	239.9375	228.16812	72.76441	290.62097	-9.975498	812000	-1.1920929e-09	534.6405	-0.00503176	-250.31937	0.20120491	0.016295377	0.17975	3.0	2450.4208834171295
203	770.57446	31.54441	826.5908	719.45557	231.70589	223.28351	73.73812	290.7862	10.401993	816000	-1.1920929e-08	253.33708	-0.02632946	-199.40503	0.20058358	0.011279162	0.1645	79.0	2462.3397862911224
204	719.82117	133.54227	837.764	393.5394	221.11111	236.11694	66.084755	291.25702	6.7878604	820000	-1.0967255e-08	1922.3639	-0.022912947	-724.42224	0.19264944	0.0023119994	0.185	79.0	2474.2354803085327
205	722.04956	220.48178	851.85315	84.066635	218.22223	218.60948	68.1015	287.50482	-0.044826508	824000	5.9604643e-10	1750.687	-0.019570718	-451.33032	0.201065	0.015301263	0.1885	46.0	2486.099883079529
206	755.21625	107.09963	849.889	399.8733	228.52942	232.17679	67.39377	289.4089	-3.1272192	828000	-2.2649765e-08	859.7713	-0.0034420805	-393.70297	0.20000473	0.015968904	0.2875	3.0	2497.6169583797455
207	813.37463	24.755396	847.2177	766.9778	247.625	235.09378	67.03904	290.3099	8.548283	832000	1.1444092e-08	445.90268	-0.0038493508	-314.51428	0.20024171	0.015226876	0.189	3.0	2509.1829636096954
208	809.64636	27.181337	847.0836	757.94525	247.3125	231.7565	70.87055	290.8637	2.701664	836000	-1.835823e-08	164.55185	-0.027646152	-61.437187	0.20030801	0.010481123	0.168	79.0	2521.006464958191
209	756.6239	165.1045	852.78406	136.50822	234.625	231.92798	68.344505	291.5132	0.8666315	840000	-1.5199184e-08	1058.9073	-0.0043827076	-181.4671	0.19556412	0.01681618	0.1835	3.0	2532.576162338257
210	753.21454	122.68411	845.2441	436.19244	237.875	225.7966	69.781624	290.36346	-4.965701	844000	-2.9563903e-08	1738.5184	-0.002430244	-682.4341	0.19520703	0.016757218	0.194	2.0	2544.1827273368835
211	812.8394	46.15815	852.8846	671.95703	243.5625	213.67572	65.15653	287.50592	3.6341486	848000	-1.1920929e-09	1183.2777	-0.01064695	-1019.66284	0.19502065	0.016578244	0.16275	10.0	2555.8008472919464
212	798.38403	44.36441	842.86096	667.41144	245.6875	235.28622	67.06583	289.80978	-5.501566	852000	1.2397766e-08	560.8135	-0.020623641	-424.1839	0.19315037	0.0024766454	0.182	79.0	2567.5732421875
213	802.12915	29.351679	848.82764	752.7696	246.5	232.61809	68.09732	290.2775	2.5373354	856000	-3.5762786e-09	501.9561	-0.022126649	-114.70276	0.18057357	0.015052454	0.176	78.0	2579.583261489868
214	796.99164	36.12325	843.60913	696.7591	246.625	228.6643	68.06155	290.19278	9.078538	860000	-1.5854836e-08	297.10843	-0.025615117	-140.65967	0.18598357	0.012648686	0.2055	79.0	2591.572530269623
215	819.7849	27.351398	849.1466	765.3474	247.5625	230.24838	71.39222	290.14633	-5.071249	864000	1.502037e-08	189.93115	-0.022851633	-86.088394	0.16890144	0.007963125	0.172	79.0	2603.442655324936
216	800.3708	34.234966	831.3086	692.5539	244.8125	234.3901	70.68881	291.98398	0.61604786	868000	-1.0490417e-08	201.83284	-0.023004815	-119.54253	0.17017739	0.011476924	0.1675	79.0	2615.3251214027405
217	790.7168	67.41424	852.51874	620.261	240.3125	231.14346	72.23148	291.7134	5.907634	872000	-1.2397766e-08	374.99252	-0.02152107	-130.86018	0.16466367	0.015574549	0.1895	52.0	2627.3471207618713
218	799.4532	38.096455	840.17926	718.54846	243.6875	232.95256	70.33993	291.91418	10.674116	876000	5.2452087e-09	214.6413	-0.01087142	-103.92815	0.1677505	0.015053611	0.1315	10.0	2638.9126403331757
219	802.91534	25.434649	837.1574	761.9336	246.6875	230.49997	71.16988	291.50986	-2.5544348	880000	-7.2717667e-09	169.67552	-0.02220169	-93.49855	0.1664936	0.008329966	0.16875	79.0	2650.813550233841
220	824.36725	19.247944	851.9166	774.65063	246.875	232.57095	72.079666	291.04803	0.3388672	884000	-2.360344e-08	101.71299	-0.025761059	-55.53443	0.16266894	0.015187082	0.1775	54.0	2662.5679235458374
221	777.2562	65.5688	841.22394	649.9849	234.05882	233.82555	71.955986	292.27	5.4928594	888000	-1.5497207e-08	190.26837	-0.026553057	-111.9258	0.16228417	0.013645885	0.161	79.0	2674.520362854004
222	816.56445	39.9872	845.3559	673.88464	244.0	233.70024	70.6419	291.4699	4.055738	892000	2.169609e-08	62.590504	-0.01745268	-18.96959	0.15280664	0.015107096	0.1965	21.0	2686.341289281845
223	792.1039	49.24548	850.7276	651.031	237.625	237.03998	70.21321	292.6485	8.370154	896000	1.692772e-08	88.28778	-0.01782421	-30.910858	0.15586954	0.015367972	0.1635	20.0	2698.0911757946014
224	778.6382	84.85767	853.27094	597.7235	235.875	229.03772	74.50525	292.6814	3.5501218	900000	1.7166137e-08	307.16394	-0.012979124	-186.03589	0.16009726	0.0163151	0.19025	14.0	2709.787683725357
225	785.5296	24.385366	829.9407	753.7703	244.875	232.1295	68.203255	292.72144	3.6626801	904000	2.384186e-10	366.83936	-0.003445478	-261.67133	0.15964207	0.017094571	0.23375	3.0	2721.3479466438293
226	643.6701	248.5998	844.99475	77.49576	200.3158	222.95488	73.76795	291.04202	5.539275	908000	-2.4199485e-08	2143.3274	-0.020758959	-431.71252	0.15962003	0.01272217	0.20175	79.0	2733.526750087738
227	740.6102	79.649734	843.30206	558.8558	225.58824	221.51775	66.45189	289.0142	2.5945973	912000	1.3947487e-08	658.1116	-0.0041084746	-279.3054	0.1567669	0.01725813	0.2105	3.0	2745.2535173892975
228	755.8231	58.748417	827.5433	623.4738	228.94118	223.82681	71.17254	289.10382	0.5117302	916000	-7.1525574e-10	126.39395	-0.029259257	-59.195404	0.1563147	0.0130204065	0.192	79.0	2757.065135240555
229	774.66077	48.918	841.02716	642.9082	238.4375	234.22963	64.972496	288.91333	7.6431255	920000	1.1324882e-08	826.2686	-0.007304565	-562.3911	0.13638753	0.015922321	0.22025	4.0	2768.6497225761414
230	791.6455	32.160282	843.3219	741.6292	241.25	228.29398	70.24383	289.5853	-25.087774	924000	-4.8279762e-09	209.83974	-0.0254369	-105.45236	0.13514957	0.010861896	0.181	79.0	2780.453729867935
231	803.41754	35.96154	845.88196	735.08105	247.3125	230.96706	68.79288	289.97363	-15.045519	928000	2.0384789e-08	327.79868	-0.020101203	-164.30333	0.13819107	0.013072591	0.1935	79.0	2792.4001626968384
232	728.01276	171.13264	835.83203	81.76202	225.94118	230.6184	70.20983	291.15872	0.7189388	932000	-9.775162e-09	1187.0243	-0.021513768	-241.92865	0.13780299	0.012132755	0.20525	79.0	2804.336456298828
233	794.6704	32.686428	835.90326	727.8069	240.8125	225.46683	67.02381	288.68863	7.66508	936000	-3.242493e-08	286.5121	-0.02744546	-168.67958	0.13463764	0.013711379	0.19075	79.0	2816.1971735954285
234	797.38135	33.359604	832.0865	699.65173	241.875	231.9705	69.38641	290.17706	3.3074026	940000	1.9431114e-08	245.70367	-0.010157422	-72.89525	0.12813388	0.015336683	0.1885	10.0	2827.7103922367096
235	759.4285	66.799126	852.96686	635.73694	229.64706	227.14903	75.201515	291.16846	2.1870146	944000	2.2411346e-08	251.62445	-0.022752736	-148.63939	0.12881745	0.015185015	0.17375	53.0	2839.444666624069
236	758.0288	67.82863	841.66315	611.22797	230.23529	229.76273	69.72739	290.21436	-1.9470177	948000	1.1920929e-08	104.408905	-0.029052638	-33.54133	0.10643673	0.014569221	0.18175	79.0	2851.2171652317047
237	814.48096	22.001497	844.65125	773.0971	243.6875	232.28572	69.25995	290.15704	0.34035492	952000	-2.861023e-09	140.7834	-0.010550294	-98.57335	0.100024536	0.015210321	0.157	9.0	2862.783564567566
238	794.17236	61.301994	842.3029	601.56104	238.125	235.16519	72.153824	291.8484	-1.7159977	956000	3.8146974e-09	114.57606	-0.022796405	-49.182854	0.097663485	0.015338398	0.17625	43.0	2874.5895895957947
239	805.7909	26.51773	830.28235	738.89825	241.375	234.91724	69.61798	292.18195	-0.52731705	960000	-1.4305114e-08	42.333405	-0.006243983	-14.434252	0.09367644	0.01625091	0.20375	4.0	2886.4583175182343
240	786.3108	34.564682	829.7108	705.6904	242.4375	235.95609	67.05184	292.25842	2.5600538	964000	8.225441e-09	349.4545	-0.0040676794	-251.50763	0.09293739	0.020169333	0.23875	3.0	2898.5432937145233
241	768.2209	66.95488	840.879	587.10596	232.52942	228.40787	72.37721	291.37204	-23.870153	968000	8.225441e-09	210.71944	-0.023632586	-90.88874	0.09177315	0.011670205	0.17575	79.0	2910.5184319019318
242	798.5326	29.996006	838.2223	732.8963	241.5	232.27278	69.452675	291.617	8.5184765	972000	-3.9339065e-09	88.09837	-0.013016556	-39.78702	0.07887987	0.01524822	0.135	12.0	2922.1326127052307
243	796.07056	32.638737	841.522	732.99896	239.3125	233.08694	72.12512	292.55322	-1.359087	976000	-2.026558e-08	59.908962	-0.014115403	-17.402756	0.076516315	0.015345131	0.16575	11.0	2933.7046213150024
244	735.3171	90.05739	837.6895	534.03503	222.76471	229.03297	74.52391	293.16107	-4.107216	980000	-2.1457671e-09	171.79999	-0.001826988	-90.060036	0.07508408	0.019505812	0.26125	3.0	2945.2863001823425
245	635.5654	259.74203	839.9887	64.24795	197.78947	224.0924	70.87574	291.2708	-6.1609077	984000	-2.18153e-08	1786.4478	-0.011228572	-394.12952	0.07438048	0.015916739	0.1935	9.0	2956.9688680171967
246	730.6938	98.41212	843.9627	551.4337	221.61111	217.75049	69.2687	289.36945	-6.9291897	988000	2.1457671e-09	339.09442	-0.026696283	-219.74176	0.072437055	0.015034819	0.1865	68.0	2969.264612197876
247	765.54333	64.24997	842.77826	604.8504	231.94118	232.22289	67.874535	292.12122	-4.369174	992000	7.867813e-09	555.74316	-0.003897314	-233.48245	0.05717595	0.021560734	0.26975	3.0	2981.630978822708
248	784.95483	45.5791	849.86707	684.23737	249.125	231.57768	65.32733	292.33752	12.752941	996000	2.6345253e-08	852.34595	-0.0031865689	-666.16846	0.05636076	0.017093461	0.2005	3.0	2993.556151866913
249	769.1649	35.641865	850.55493	713.23035	250.0	221.94781	65.50385	290.8739	-4.4403095	1000000	2.1636486e-08	724.0202	-0.0034073875	-498.52777	0.056395452	0.017159563	0.189	3.0	3005.661197423935
250	772.22205	49.36124	837.5615	661.9324	244.8125	221.0159	70.488716	291.1501	15.567225	1004000	-1.1920929e-09	363.77112	-0.025995532	-182.55022	0.05693396	0.01116523	0.19325	79.0	3017.7312064170837
251	777.29926	26.83203	823.3001	733.33435	246.5625	222.52388	68.06864	291.39285	10.892416	1008000	1.001358e-08	371.21356	-0.013360225	-166.05377	0.046849165	0.015068946	0.219	12.0	3029.167908668518
252	782.69464	24.523394	823.7886	749.18915	243.3125	225.74556	67.98205	291.6445	-12.577258	1012000	2.2411346e-08	565.94324	-0.023650646	-284.1497	0.04587726	0.011488077	0.196	79.0	3040.875153064728
253	797.13806	30.209347	846.11993	730.6673	245.0	226.7378	70.73961	292.95856	-3.9009256	1016000	-2.0503998e-08	188.72188	-0.011803251	-72.227394	0.031009356	0.015269647	0.171	11.0	3052.3540143966675
254	781.58923	32.97873	839.60077	724.1971	245.875	227.0169	72.17336	293.6408	-0.21278381	1020000	-1.4305115e-09	284.07736	-0.0037066545	-150.01183	0.029668806	0.01825438	0.224	3.0	3063.8223173618317
255	731.05597	171.57492	831.3275	70.966095	228.58824	227.8377	68.74085	292.67706	10.036034	1024000	-3.9577483e-08	1119.6465	-0.02106221	-297.37274	0.028660057	0.009826509	0.18075	79.0	3075.5813047885895
256	798.6907	28.855095	841.4802	746.10455	249.75	224.52548	65.72125	290.24625	-16.185978	1028000	8.5830685e-09	470.96725	-0.0018477527	-286.79913	0.039814945	0.01766128	0.18275	2.0	3087.4675776958466
257	771.5136	27.386728	829.28986	725.0653	249.5625	227.68869	62.933746	292.46646	6.770606	1032000	2.2232532e-08	913.51184	-0.022641761	-485.57034	0.039574143	0.013701342	0.17725	79.0	3099.593852519989
258	771.60675	45.188812	828.4693	633.1883	245.3125	219.70041	69.47066	292.63397	5.8645544	1036000	1.3828277e-08	630.0252	-0.0028100132	-269.24915	0.04253153	0.015880788	0.18425	3.0	3111.467783689499
259	766.25525	21.389793	809.5762	736.90106	250.0	227.07742	58.0279	291.4418	30.215176	1040000	-7.390976e-09	990.08215	-0.00316181	-807.5491	0.04187783	0.016215468	0.219	2.0	3123.6946058273315
260	790.0459	26.864828	828.0109	745.17926	250.0	220.57416	67.54037	289.44135	-2.3527155	1044000	-9.536743e-09	486.019	-0.0032524357	-257.78864	0.041382078	0.020723365	0.18775	2.0	3135.6529536247253
261	776.12634	26.327223	819.35803	742.8736	249.8125	227.36739	64.524345	292.27884	2.7449083	1048000	2.3841858e-08	743.9783	-0.0028998235	-428.25543	0.04108397	0.016443798	0.222	2.0	3147.6313552856445
262	803.6848	15.744867	821.26807	755.2704	249.8125	227.00278	68.5526	292.07104	5.9147043	1052000	1.2397766e-08	229.06737	-0.0034928045	-76.1779	0.04044799	0.019340118	0.19425	3.0	3159.6507391929626
263	777.0361	42.18425	810.0857	626.7879	247.0	230.8933	68.775734	291.81458	-6.4856005	1056000	-4.4345857e-08	614.5225	-0.023031106	-338.19373	0.04006004	0.014850509	0.186	79.0	3171.9650230407715
264	777.67847	25.106735	816.6112	734.57153	249.6875	221.576	66.15393	290.98123	7.320031	1060000	-3.027916e-08	620.7288	-0.020682406	-264.2269	0.030762594	0.015048082	0.15725	53.0	3184.310208082199
265	733.7346	139.51942	819.3963	211.13445	232.58824	214.6665	76.02709	288.989	0.6813736	1064000	6.0796737e-09	1831.0117	-0.0095427325	-723.1299	0.026169974	0.01758918	0.18575	7.0	3196.358080625534
266	732.0645	59.598946	804.8273	622.5768	232.52942	215.25429	68.243225	284.09393	3.4116955	1068000	-8.8214875e-09	223.6264	-0.025132101	-70.76982	0.023609677	0.015003637	0.1715	73.0	3208.6270654201508
267	755.38696	59.995502	812.27106	613.8406	239.125	219.15575	68.88535	282.93488	-9.000726	1072000	5.2452087e-09	440.40396	-0.010085305	-141.71735	0.027724069	0.015755376	0.2	10.0	3220.6405277252197
268	780.0702	23.305496	809.9479	709.2944	246.6875	220.50964	68.76358	287.19983	4.535082	1076000	2.5629998e-08	293.69028	-0.021889625	-67.23076	0.026731333	0.011919657	0.1625	79.0	3233.0386555194855
269	751.2028	56.998676	814.47876	604.9203	238.0625	220.71262	72.251854	290.27612	-2.588601	1080000	-3.0338764e-08	548.233	-0.014484932	-99.467285	0.044517208	0.015658898	0.18225	18.0	3245.0752906799316
270	760.14026	39.209503	813.3113	680.6251	240.3125	219.30441	67.22679	288.21603	-1.0935898	1084000	-2.2888184e-08	361.7639	-0.020571362	-82.687775	0.038663387	0.013054188	0.156	79.0	3257.3390855789185
271	771.46405	36.745293	807.507	671.14264	244.75	223.39302	66.62852	287.69177	6.42037	1088000	5.2452087e-09	630.38995	-0.0047891256	-176.04092	0.03379842	0.015569224	0.1845	4.0	3269.5499773025513
272	759.0425	35.855816	800.17505	669.98456	244.4375	223.16272	63.615215	288.5539	-12.874708	1092000	2.6941299e-08	846.8401	-0.020631434	-234.55896	0.035294697	0.012363006	0.16275	79.0	3281.9465067386627
273	776.4171	13.5562935	792.0151	750.84784	250.0	219.33647	67.16684	288.76984	0.61465263	1096000	7.510185e-09	386.12936	-0.018872669	-159.90515	0.033525027	0.014276415	0.177	79.0	3294.0862464904785
274	783.9371	19.697332	808.07263	729.32416	248.4375	211.80382	76.48179	289.31223	-13.51137	1100000	1.859665e-08	596.1336	-0.010922229	-424.841	0.032122616	0.015138278	0.162	12.0	3305.8767778873444
275	780.27185	21.359348	812.2988	735.4088	250.0	222.42975	69.28432	291.0676	-9.401216	1104000	6.6757204e-09	407.87433	-0.023460137	-260.39618	0.028008182	0.009789424	0.17675	79.0	3318.4036848545074
276	760.3178	52.642223	808.1062	569.8799	246.0	220.92267	67.27342	289.82666	-39.27446	1108000	-1.3351441e-08	491.06625	-0.009453961	-329.78015	0.020731965	0.015731541	0.18875	9.0	3330.8003149032593
277	738.88324	136.13882	797.00244	214.68095	240.25	224.11403	67.25788	289.2966	-16.772388	1112000	3.0994416e-09	1005.0254	-0.006471788	-169.06116	0.021259665	0.015785214	0.18525	4.0	3342.844602584839
278	763.78406	12.510904	790.6224	739.8788	250.0	214.70497	66.81577	280.57013	-5.000011	1116000	-6.055832e-08	249.82808	-0.021539832	-153.78009	0.021999205	0.012339014	0.1525	79.0	3355.367462873459
279	748.78143	61.36156	794.8217	519.12665	246.4375	221.1459	64.62156	283.54367	-0.53294516	1120000	-1.07288365e-08	1124.0189	-0.0015869311	-372.50964	0.019598406	0.0150338095	0.171	2.0	3367.7703096866608
280	744.0442	60.365524	797.2606	517.46326	246.3125	210.08315	69.848724	281.7472	-16.549236	1124000	-2.193451e-08	519.9223	-0.023232302	-132.16354	0.019379813	0.015805086	0.192	67.0	3380.0811886787415
281	767.41455	13.480976	800.6323	746.9226	250.0	211.85493	69.97367	278.91974	-9.429328	1128000	1.9967556e-09	414.52805	-0.004670905	-91.40402	0.015647212	0.015562469	0.177	3.0	3392.396492242813
282	763.40875	12.42827	782.938	746.96783	250.0	218.23874	66.663536	285.03333	3.0370698	1132000	-5.3644182e-09	400.753	-0.020525457	-123.88147	0.015032451	0.012553946	0.17225	79.0	3404.833770275116
283	759.57587	31.245564	802.5778	656.5467	246.5	208.5571	74.84724	284.13913	-5.5870233	1136000	-1.9788741e-08	879.4073	-0.022314964	-304.81097	0.018381514	0.014649586	0.17025	79.0	3417.389914751053
284	762.9193	30.604597	797.00824	673.1495	244.625	210.79297	73.04054	283.18878	3.504377	1140000	-1.0848045e-08	821.3931	-0.014928222	-308.05957	0.0038290815	0.015357159	0.16325	19.0	3429.740694284439
285	721.1704	72.55079	802.5487	568.5252	233.35294	215.91985	72.52861	287.65045	-8.531702	1144000	-1.66893e-08	1137.136	-0.02022273	-400.2492	0.004544934	0.01520232	0.17125	48.0	3442.197169780731
286	757.5874	33.82954	795.7966	649.1891	244.8125	216.12573	61.384396	280.37677	2.6740508	1148000	1.3828277e-08	1170.7404	-0.011805356	-217.75763	-0.011019191	0.015552143	0.15725	17.0	3454.3497216701508
287	762.5497	17.906935	790.9636	728.48883	248.6875	218.17834	60.89069	283.99152	7.093046	1152000	-1.168251e-08	1102.1041	-0.02056475	-263.149	-0.008740027	0.012813268	0.16525	79.0	3466.9349443912506
288	763.92334	14.132718	793.0097	737.1432	248.1875	211.99728	69.32353	282.89127	3.3205109	1156000	4.8279762e-09	868.7839	-0.013294549	-167.54828	0.0003090302	0.015670663	0.18875	19.0	3478.6931772232056
289	756.41724	39.100883	791.718	644.78284	244.75	211.97935	73.022194	288.13937	-2.106173	1160000	1.1920929e-09	802.66473	-0.003330426	-160.8949	-0.00024533272	0.017985342	0.17425	2.0	3490.4829020500183
290	745.6549	70.232086	807.10547	583.00916	239.0	209.36206	76.56451	285.8409	-9.268495	1164000	3.8146974e-09	624.3252	-0.010412451	-342.08328	-0.0010162195	0.015237345	0.1455	11.0	3502.0079419612885
291	728.5016	135.462	793.6564	209.42693	237.625	223.32925	60.24868	283.75632	10.127791	1168000	2.9206275e-09	1947.0233	-0.0038393417	-371.0249	-0.005707463	0.019183734	0.19875	3.0	3513.5816581249237
292	733.2875	72.09573	802.88116	597.2881	235.0	208.15982	72.188774	279.70114	1.2594066	1172000	-5.9604646e-09	840.2457	-0.022143425	-270.9889	-0.0070538917	0.015012701	0.1925	73.0	3525.5015761852264
293	768.69336	16.798498	798.28625	740.922	249.375	225.29959	54.95374	281.09708	-1.3108602	1176000	1.704693e-08	1603.4805	-0.023180312	-721.3131	-0.012663364	0.008264896	0.161	79.0	3537.4741003513336
294	772.9441	12.970801	797.9318	753.364	249.4375	212.27141	71.30542	286.11285	-13.873959	1180000	-2.9444694e-08	455.2954	-0.011295973	-183.63864	-0.0011853377	0.016796354	0.15525	13.0	3549.2001893520355
295	765.74713	20.903376	801.60767	716.0286	246.4375	215.90417	71.30769	288.36353	-24.88984	1184000	-8.5830685e-09	632.08826	-0.010942372	-258.73788	-0.00040813288	0.015788693	0.19225	9.0	3560.823549747467
296	752.8393	15.008627	781.6034	722.693	247.375	227.94621	55.18202	285.81702	4.6044083	1188000	-1.2397766e-08	1899.4299	-0.022608442	-751.0349	0.00028169155	0.009477075	0.1535	79.0	3572.7812190055847
297	760.1375	12.567531	791.1024	743.0207	249.0	211.4199	65.29838	283.42023	-12.46278	1192000	-4.8696993e-08	1049.4039	-0.021794971	-239.91223	0.001746853	0.015189433	0.15775	71.0	3584.686740875244
298	763.7731	20.236938	790.7266	700.98315	247.5	209.04633	72.36257	284.0116	-5.285251	1196000	2.8431415e-08	906.53284	-0.01130278	-186.80786	0.009812871	0.016018089	0.13925	20.0	3596.369843006134
299	752.95026	8.643009	777.5187	739.5842	250.0	222.85696	56.507935	285.22443	-2.8399959	1200000	2.592802e-09	1417.1462	-0.0043856106	-790.6201	0.009908676	0.01530656	0.217	3.0	3607.713140487671
