Epoch	AverageEpRet	StdEpRet	MaxEpRet	MinEpRet	EpLen	AverageVVals	StdVVals	MaxVVals	MinVVals	TotalEnvInteracts	LossPi	LossV	DeltaLossPi	DeltaLossV	Entropy	KL	ClipFrac	StopIter	Time
0	10.743934	5.6606483	44.10913	0.5198385	17.927927	0.092005946	0.15158904	0.56700677	-0.50984657	4000	-2.7418137e-09	47.848186	-0.018608665	-24.318401	0.91893864	0.01511882	0.18325	5.0	11.330716371536255
1	18.106506	14.166643	115.418625	2.8467886	22.94253	4.106708	1.4620405	5.103835	-4.2204127	8000	-2.861023e-09	172.5645	-0.018491024	-42.015396	0.91949016	0.01822898	0.168	6.0	22.769427061080933
2	48.88521	45.988853	207.64677	5.9586487	39.77	7.909391	2.4234993	9.048741	-7.7497053	12000	-5.2452087e-09	1436.472	-0.019121004	-234.30347	0.91865224	0.0080127185	0.1485	79.0	34.66635823249817
3	68.8808	56.12015	238.12082	6.8637166	47.464287	13.761133	2.2922575	14.276976	-12.199293	16000	1.4007091e-09	1972.124	-0.019767467	-252.53406	0.90604883	0.006804847	0.13475	79.0	46.79743552207947
4	104.43466	57.12745	233.18738	7.1269855	63.0	18.428972	1.9240512	18.708456	-8.187045	20000	-1.7881393e-09	2468.6895	-0.01643202	-302.62207	0.89715487	0.006842966	0.09825	79.0	58.79098582267761
5	116.422905	42.87933	210.5446	23.11837	67.586205	22.951317	0.025489287	22.95312	21.75903	24000	-2.384186e-10	2111.0532	-0.007716426	-236.98071	0.88714707	0.016028332	0.11975	10.0	70.56192564964294
6	154.37363	70.23655	254.36684	15.10434	79.34	26.517883	0.002244973	26.518297	26.429937	28000	-1.5497208e-09	4039.3794	-0.008655161	-399.8152	0.88788795	0.015437558	0.14725	7.0	82.33928918838501
7	178.77821	44.777187	252.35619	80.09754	88.066666	30.748106	0.001317286	30.748367	30.711977	32000	7.629395e-09	3829.408	-0.0077081374	-365.0608	0.8860647	0.018069418	0.15825	6.0	94.12919664382935
8	174.63995	65.580536	244.54706	46.873257	90.34091	34.596245	0.00080040965	34.59644	34.579937	36000	-3.0994416e-09	3616.749	-0.017461997	-281.71704	0.88389647	0.009795983	0.1075	79.0	106.12388944625854
9	219.04407	29.421331	247.47911	99.957275	103.02631	37.88413	0.00026185982	37.884205	37.87976	40000	3.0696392e-09	4459.714	-0.010926277	-372.02783	0.8739053	0.0043690996	0.0735	79.0	118.07357907295227
10	205.46906	45.109947	249.04591	101.08444	96.097565	41.49914	0.00027800162	41.499218	41.49212	44000	7.867813e-09	3897.1084	-0.01001079	-290.38403	0.8554398	0.00449624	0.0665	79.0	130.23086261749268
11	216.99065	29.669035	239.95308	104.11409	99.425	44.667423	0.00020102465	44.66748	44.663662	48000	4.4107438e-09	3842.501	-0.011864887	-274.52905	0.8435612	0.0056848684	0.05925	79.0	142.34556889533997
12	216.21465	31.784382	240.818	83.41965	98.925	47.69265	0.00017717002	47.692707	47.68909	52000	7.152557e-09	3537.5225	-0.011761398	-238.36304	0.8633987	0.0078076157	0.05875	79.0	154.4518563747406
13	215.47075	23.133198	254.32184	154.63383	98.05	50.501656	0.00018630287	50.501705	50.498737	56000	6.198883e-09	3258.7585	-0.009076719	-210.63916	0.8717174	0.0061208373	0.0585	79.0	166.54260063171387
14	206.40092	28.01237	241.11826	128.99736	94.833336	53.137436	0.000147821	53.137486	53.134636	60000	1.3113022e-09	2773.0913	-0.012049941	-159.57788	0.8826702	0.0050253244	0.06075	79.0	178.76611995697021
15	224.53653	14.41171	266.79623	164.67577	101.25641	55.45314	0.00016529708	55.453182	55.450436	64000	3.0994416e-09	3064.8567	-0.009954592	-183.87402	0.891154	0.0028187018	0.04775	79.0	190.84922814369202
16	216.4136	25.26645	270.00537	144.2018	97.53658	57.92104	0.00014771151	57.921074	57.918236	68000	4.8279762e-09	2753.4019	-0.011711424	-150.6792	0.87666136	0.006504591	0.07075	79.0	203.47714757919312
17	215.43007	22.434204	240.49812	141.4971	96.82927	60.191128	0.00012595876	60.19116	60.188293	72000	-6.6757204e-09	2538.181	-0.013343613	-128.06934	0.87162006	0.0048744576	0.0825	79.0	215.65735149383545
18	213.78784	35.227177	238.0675	64.34267	96.02439	62.299232	0.00011076185	62.299263	62.29679	76000	-5.9604646e-09	2483.0828	-0.01462026	-119.07666	0.8676516	0.005950686	0.09725	79.0	228.00391507148743
19	224.26497	11.021387	240.64586	175.77219	99.575	64.3478	0.00012330043	64.34783	64.3455	80000	-4.2915342e-09	2486.2805	-0.011400511	-120.86401	0.8575979	0.0033332377	0.073	79.0	240.2673692703247
20	223.90115	11.439359	247.15985	192.0824	99.325	66.42754	9.908518e-05	66.427574	66.4257	84000	-1.1920929e-09	2337.2983	-0.012338774	-107.21924	0.852055	0.0077021215	0.0515	79.0	252.33087372779846
21	217.67783	24.24859	255.6197	99.77375	96.34146	68.41472	0.000100206664	68.41475	68.41294	88000	-1.3113022e-09	2174.4941	-0.016931158	-87.89429	0.8605342	0.013981144	0.095	79.0	264.66808795928955
22	215.80824	20.461533	248.11572	146.18187	95.85366	70.239784	0.00012485936	70.2398	70.236	92000	-1.6689301e-09	2015.1923	-0.013849975	-73.537964	0.8661807	0.005126771	0.088	79.0	276.9524393081665
23	220.8553	19.010742	264.85983	157.56996	96.97561	71.931076	9.661545e-05	71.93111	71.92873	96000	1.9073487e-09	2045.4374	-0.013183974	-73.72449	0.85839814	0.003001853	0.0715	79.0	289.6191654205322
24	220.90643	16.012167	264.2631	182.15755	97.12195	73.639565	7.870692e-05	73.63959	73.63879	100000	-5.4836273e-09	1945.3553	-0.015174477	-63.631958	0.85019916	0.00627036	0.10275	79.0	301.96301221847534
25	219.60449	21.494108	259.61142	130.66934	96.243904	75.25708	8.058425e-05	75.2571	75.25573	104000	1.0728836e-09	1881.0815	-0.016942298	-56.852905	0.8437416	0.008463648	0.0915	79.0	314.48370146751404
26	213.18098	30.20391	252.31023	89.18555	94.42857	76.807076	7.478782e-05	76.80709	76.805725	108000	2.384186e-10	1759.7501	-0.01624486	-38.372314	0.8407064	0.008570406	0.1155	79.0	326.86992716789246
27	215.15616	21.744282	259.24985	162.33473	94.85714	78.11309	6.911059e-05	78.11311	78.11252	112000	3.9935113e-09	1697.7479	-0.016482968	-34.56909	0.837156	0.007900338	0.1095	79.0	339.35993099212646
28	222.41159	21.1633	255.9414	120.01404	97.268295	79.362595	6.937591e-05	79.36261	79.36137	116000	1.3113022e-09	1805.9545	-0.016759364	-40.67212	0.83804655	0.00964054	0.0825	79.0	352.32829785346985
29	220.30916	17.290384	273.43073	178.00449	96.04878	80.73175	0.000105251085	80.731766	80.72877	120000	-3.218651e-09	1698.3972	-0.018272735	-34.957886	0.8537584	0.010779013	0.102	79.0	364.4748511314392
30	225.51411	24.00023	283.63998	166.79492	98.25	82.033905	9.2182854e-05	82.03393	82.030876	124000	5.00679e-09	1804.9514	-0.0203553	-37.74707	0.8564516	0.011283763	0.11825	79.0	376.72386717796326
31	220.82469	22.976744	283.17438	154.58055	96.70731	83.39987	6.129246e-05	83.39987	83.39906	128000	1.192093e-10	1655.615	-0.015624713	-23.641113	0.8605583	0.0077623283	0.09825	79.0	388.77621388435364
32	235.75253	25.10134	287.84198	167.31325	101.333336	84.51828	0.0006115024	84.51833	84.49216	132000	2.6226044e-09	1914.0258	-0.01920889	-175.27246	0.85633266	0.00906954	0.099	79.0	401.0033657550812
33	239.26782	32.145535	302.42123	151.11885	102.28205	79.15457	18.005194	86.00434	10.329785	136000	2.503395e-09	1829.1669	-0.020146625	-510.17065	0.8718767	0.011971325	0.1015	79.0	413.1754426956177
34	239.74162	37.129704	308.93796	135.45358	102.52631	76.999405	22.002342	88.44531	-4.430343	140000	7.390976e-09	1433.9354	-0.017735912	-158.0575	0.8929413	0.00599072	0.11675	79.0	425.52619671821594
35	263.3258	37.850914	315.6551	169.84793	109.861115	78.349785	22.493635	90.980865	2.315663	144000	1.4901161e-09	1755.112	-0.017337441	-200.17041	0.8841858	0.008064277	0.0995	79.0	437.68243050575256
36	266.1296	46.471897	308.4875	73.90815	110.44444	82.25079	22.382668	93.90372	4.1879253	148000	-2.9802322e-10	1718.2407	-0.0059004463	-175.77722	0.8896915	0.015281157	0.18125	4.0	449.6692519187927
37	277.84338	38.035793	316.54636	130.16873	115.17647	85.033905	23.597385	96.767395	-2.5122309	152000	-5.722046e-09	1691.7491	-0.019420886	-182.31042	0.88880914	0.010708099	0.11625	79.0	461.8317337036133
38	277.5932	49.145264	316.1144	79.681366	114.97059	86.95244	24.80034	99.66756	1.8509746	156000	-3.0994416e-09	1621.8523	-0.0034192945	-156.02881	0.8819758	0.01764358	0.1625	4.0	473.73491764068604
39	292.40173	50.330296	332.77957	143.33159	121.125	88.43352	25.751842	102.41202	-8.547674	160000	-2.7418137e-09	1710.9158	-0.018062592	-184.59119	0.8803887	0.0141742835	0.135	79.0	485.93553853034973
40	292.0475	33.017857	333.0582	211.80037	121.181816	92.65675	25.282993	105.2029	-15.5491705	164000	2.1457671e-09	1481.5665	-0.0052883695	-221.79858	0.87988544	0.016023593	0.1935	4.0	497.9417290687561
41	307.69907	27.350887	338.68835	211.61261	127.3871	90.12577	29.344887	107.73792	-7.459937	168000	-6.9141386e-09	1446.7733	-0.01876056	-173.8789	0.8784184	0.015085686	0.11175	57.0	510.30389308929443
42	314.22076	17.773924	342.679	249.78896	127.29032	94.037315	28.910105	110.41462	2.4344325	172000	-1.1205673e-08	1358.8376	-0.017108014	-155.66284	0.8882129	0.012467264	0.11525	79.0	522.8275227546692
43	303.89758	52.004765	345.6564	70.24654	124.21875	96.23136	30.717688	113.1668	-0.7262492	176000	-1.6689301e-09	1350.5316	-0.014501119	-136.34363	0.89039385	0.011295858	0.0825	79.0	535.2355351448059
44	305.6634	61.331947	371.21402	70.31751	121.46875	98.25128	30.651672	115.579254	3.60738	180000	1.013279e-09	1440.6564	-0.016460141	-143.63	0.8857584	0.0100407945	0.10825	79.0	547.5996193885803
45	304.22113	48.298492	354.9089	144.8568	121.96875	102.6174	29.788576	118.07782	0.4078374	184000	-5.3644182e-09	1303.1222	-0.018491875	-124.4032	0.887917	0.015162637	0.11625	59.0	559.8646757602692
46	322.19205	39.266487	351.9668	171.51091	126.741936	101.74044	31.820978	120.245865	1.5057571	188000	1.5497208e-09	1324.9358	-0.019755023	-129.84167	0.90672064	0.012653284	0.1345	79.0	572.6273882389069
47	332.1865	22.936428	359.7781	249.98177	129.96666	103.583015	33.4723	122.67842	0.95514154	192000	1.0728836e-09	1190.3418	-0.02099214	-140.09155	0.9069477	0.013929155	0.13425	79.0	585.0090248584747
48	313.56036	72.890594	360.71808	69.350876	122.8125	107.06153	32.9204	125.2343	1.5440516	196000	-7.748604e-10	1388.353	-0.0038332269	-132.66919	0.9024356	0.0150148105	0.2035	5.0	596.9239234924316
49	327.8188	41.720516	369.1305	170.5121	125.0	108.552536	33.745663	127.41007	3.8249784	200000	-1.0728836e-09	1206.4016	-0.014426896	-124.97595	0.9012533	0.009716729	0.0865	79.0	609.323219537735
50	336.87326	15.302323	373.44955	311.81076	128.41936	109.32478	35.67686	129.73163	4.051791	204000	-1.1920929e-09	950.46313	-0.018001262	-113.352295	0.89687884	0.015011317	0.1075	62.0	621.6271634101868
51	340.21945	27.430704	373.74606	216.0363	128.09677	111.6667	35.347584	132.12276	0.1612525	208000	-6.198883e-09	1010.42456	-0.01776176	-112.570984	0.91007054	0.011212681	0.0995	79.0	634.0299854278564
52	341.04178	37.495472	372.83026	153.65303	127.741936	113.526665	35.896664	134.48721	1.7970579	212000	9.6261505e-09	995.0863	-0.016937062	-106.94818	0.90471685	0.015086396	0.0995	74.0	646.3469879627228
53	352.32602	14.422295	374.8382	301.9522	131.36667	114.922485	37.322536	136.76009	0.8424895	216000	-6.6757204e-09	897.5437	-0.017313309	-113.75824	0.90965885	0.0094842855	0.10525	79.0	658.6756551265717
54	356.7665	16.185152	386.7203	308.53024	132.46666	117.229126	37.511593	139.1379	1.5149364	220000	1.1324882e-09	865.02264	-0.019344654	-102.85675	0.9054278	0.015049758	0.1065	76.0	671.0467023849487
55	339.4939	55.90468	388.02795	89.03969	127.80645	119.78161	38.073837	141.48819	1.0377192	224000	-8.34465e-09	931.2241	-0.004887297	-129.67755	0.91135955	0.015514202	0.174	5.0	683.129093170166
56	355.18393	33.932987	388.54517	204.82538	129.86667	119.45534	39.033455	143.36122	-24.435352	228000	-4.4107438e-09	926.1087	-0.017438767	-135.75433	0.91061914	0.010506236	0.12375	79.0	695.529483795166
57	339.3886	54.139713	410.896	174.68744	125.70968	123.26931	39.123894	145.50307	5.7664337	232000	1.6689301e-09	940.53986	-0.0046034018	-85.27002	0.910805	0.01707251	0.20925	4.0	707.3110570907593
58	346.68484	51.170547	376.89102	83.580246	127.80645	123.92763	39.111668	147.2319	4.514115	236000	7.390976e-09	717.0089	-0.004192951	-88.97797	0.9104029	0.01998576	0.197	4.0	719.0924172401428
59	350.51627	57.003326	410.9511	106.79095	130.96666	121.86925	41.393044	149.06386	-16.207767	240000	2.1457671e-09	1153.4745	-0.009427633	-346.44702	0.9090127	0.015127947	0.16675	12.0	731.1728723049164
60	372.6867	15.678354	397.89633	339.35034	134.93103	126.03425	41.282665	150.76576	4.780881	244000	1.4185906e-08	660.81885	-0.017978435	-94.66272	0.9059834	0.010634184	0.10725	79.0	743.4551663398743
61	377.48322	66.76819	707.2688	287.62543	137.27586	127.49767	41.736874	153.01247	-1.2709174	248000	7.1525574e-10	993.11914	-0.023162711	-159.75006	0.90361524	0.012352219	0.13525	79.0	755.7902147769928
62	367.54614	33.34085	403.07324	251.45845	134.31035	130.1376	41.886093	155.21678	4.5772405	252000	1.0430813e-08	678.93	-0.0195395	-116.573	0.9032936	0.010827795	0.11725	79.0	768.5087652206421
63	379.4798	16.614458	414.36264	353.5123	137.82759	128.10739	44.094048	157.04901	1.7290487	256000	-4.529953e-09	517.7873	-0.018523714	-97.58417	0.9017822	0.01185111	0.0975	79.0	780.9474360942841
64	368.32663	22.27913	403.2098	302.45807	133.16667	131.64618	44.19066	159.02623	-1.5077629	260000	-3.9935113e-09	395.3302	-0.0029619923	-52.2843	0.9014708	0.017733641	0.17075	4.0	792.6268224716187
65	390.51132	22.85519	450.20285	349.8659	141.57143	130.92998	45.424046	160.73454	-0.5651803	264000	4.887581e-09	499.63354	-0.01984071	-80.598785	0.90121365	0.015069401	0.12225	78.0	804.5706975460052
66	374.59204	40.28309	430.62515	265.2235	137.44827	135.41937	44.099594	162.69983	1.2024322	268000	3.0994416e-09	612.21204	-0.019188855	-162.49329	0.9077208	0.010991455	0.10725	79.0	816.7081925868988
67	375.4811	57.87073	421.02676	109.20702	136.44827	134.17128	45.0717	164.24565	1.1930552	272000	3.9339065e-09	622.8587	-0.005037632	-117.32309	0.91348445	0.016398467	0.1995	5.0	828.6368284225464
68	357.55948	82.364	417.74707	57.839123	132.56667	136.12257	46.1728	165.82028	0.646801	276000	7.1525574e-10	723.274	-0.019950096	-207.7514	0.9140841	0.015055573	0.124	71.0	840.4908590316772
69	387.6121	19.810984	441.52856	336.96384	140.32143	135.5661	46.798687	166.9973	1.119236	280000	2.7418137e-09	339.42923	-0.022703843	-80.62076	0.91757226	0.0127494	0.13025	79.0	852.5846567153931
70	379.88043	36.155354	422.79584	265.9309	138.5	138.02434	47.35424	168.641	2.1079774	284000	-1.4305115e-09	413.72415	-0.021182565	-109.880585	0.90388346	0.012547983	0.16175	79.0	864.7370216846466
71	383.3243	44.592007	429.33075	169.40373	137.82759	138.38335	47.40098	170.01508	2.9934812	288000	-1.2040139e-08	479.65143	-0.01718245	-66.30304	0.91877663	0.012745804	0.1335	79.0	876.9616904258728
72	392.7487	18.927704	449.47028	360.73816	140.57143	138.92583	48.776794	171.39946	2.2242389	292000	5.4836273e-09	247.34528	-0.014964094	-41.240402	0.913269	0.015066822	0.10275	56.0	889.0290842056274
73	392.6017	19.611076	428.3103	319.44803	139.82143	140.5596	49.17346	173.01395	1.4604454	296000	3.695488e-09	228.79541	-0.018691141	-35.119278	0.9132609	0.015038566	0.12175	55.0	900.901282787323
74	385.69376	55.410374	442.27765	105.2037	137.34483	142.06331	49.038002	174.59967	2.9811788	300000	0.0	421.05716	-0.015313085	-146.01822	0.902816	0.015086868	0.12725	37.0	912.9627811908722
75	403.16867	19.76718	461.41754	363.58646	143.7037	142.44608	50.053883	175.98923	1.0704575	304000	1.168251e-08	226.95454	-0.016304987	-47.15393	0.9151126	0.01502279	0.13625	42.0	924.8908994197845
76	404.3427	12.571533	431.11215	379.6477	143.96297	144.01518	49.88455	177.55774	1.3109794	308000	-2.861023e-09	181.2341	-0.017512692	-31.947739	0.90712637	0.015002103	0.1235	56.0	936.8362488746643
77	399.46274	49.720215	472.61926	199.32817	142.75	145.66852	49.918396	179.11366	1.138308	312000	2.503395e-09	519.1016	-0.016530378	-83.26709	0.9022694	0.015269865	0.1635	60.0	948.8415532112122
78	347.97125	112.10455	476.78247	81.23801	127.58064	149.585	48.11153	180.31699	2.2216492	316000	7.7486035e-09	1811.2592	-0.0064943335	-314.00854	0.90202504	0.017620785	0.2785	4.0	960.8400464057922
79	413.2643	14.3253565	450.34564	380.17545	146.18518	144.96725	48.47244	180.2548	8.45957	320000	8.34465e-09	290.52908	-0.020299148	-141.96815	0.90130794	0.00862745	0.109	79.0	973.0522127151489
80	410.67856	14.751865	451.37576	378.43787	144.74074	147.37701	51.223892	181.80763	3.9160352	324000	3.5762787e-10	153.53041	-0.014866877	-26.680222	0.89342535	0.015033436	0.143	34.0	984.6928744316101
81	417.9259	17.680855	462.4562	385.75876	146.37038	147.66217	52.08414	183.37978	3.6902337	328000	-1.2397766e-08	165.43985	-0.017049648	-30.06215	0.9027881	0.015388704	0.13275	44.0	996.6702251434326
82	423.24295	27.79685	486.57697	358.23343	148.03847	150.7771	51.104183	185.03664	0.9072757	332000	2.2649764e-09	493.21384	-0.018009953	-125.72702	0.9085795	0.01330184	0.1405	79.0	1008.6124572753906
83	437.99222	77.92442	685.1031	303.96722	152.61539	151.93637	52.42519	186.96516	-8.679388	336000	7.1525574e-10	718.22046	-0.018266045	-149.24615	0.9109593	0.009240672	0.12225	79.0	1020.4855289459229
84	425.18784	116.319374	698.3112	57.364048	149.0	159.56143	49.188805	188.88658	3.5753298	340000	-3.5762787e-10	1468.266	-0.0059540486	-153.55908	0.90502864	0.016918395	0.28375	5.0	1032.0934145450592
85	440.8637	103.382286	663.1668	87.25482	152.07692	155.3891	52.335136	190.24013	-17.40417	344000	1.7881393e-09	783.8021	-0.020190198	-166.74835	0.9026032	0.01337305	0.13825	79.0	1044.139629125595
86	477.48502	89.2254	695.67926	350.39505	162.08333	159.94904	52.006046	192.32506	1.5990038	348000	-8.106232e-09	764.1539	-0.021988636	-104.849976	0.89032614	0.013688628	0.1325	79.0	1056.003336429596
87	471.1354	91.7808	694.4724	364.1279	160.33333	160.83131	53.171642	195.06966	2.175202	352000	-8.940697e-09	651.6093	-0.022120457	-83.11853	0.88101816	0.011554585	0.14	79.0	1067.9818332195282
88	542.1388	102.870186	684.24567	390.72128	177.04546	165.87718	53.121414	197.5542	-0.90988684	356000	1.2516975e-09	1266.1505	-0.020797603	-242.57928	0.87616146	0.014829234	0.13025	79.0	1079.911206960678
89	577.1812	114.65108	724.631	417.5343	186.71428	171.75993	53.262108	201.7102	-5.064562	360000	-2.3841857e-09	1325.5823	-0.023719668	-208.4961	0.86819255	0.009116577	0.13825	79.0	1091.82421875
90	569.9468	124.06568	808.6059	376.87897	187.14285	178.078	51.691456	206.18951	-0.35132742	364000	0.0	1410.0615	-0.0132682165	-156.64575	0.84935516	0.015082819	0.13925	11.0	1103.428248167038
91	579.497	115.14505	734.59283	366.40198	187.42857	176.87718	55.752346	209.2597	-9.50915	368000	3.0994416e-09	1271.6088	-0.020855071	-197.37732	0.8480359	0.014086532	0.1435	79.0	1115.3594188690186
92	641.1944	77.207535	808.17773	444.17422	202.36842	181.23836	54.38205	212.46956	-0.11157131	372000	5.3644182e-09	1365.4071	-0.021088155	-361.42572	0.8437151	0.013195333	0.11325	79.0	1127.2189376354218
93	666.71075	68.73884	746.4262	465.859	209.3158	187.18625	55.301556	216.74878	-3.556096	376000	7.152557e-09	1426.8389	-0.019213043	-172.2826	0.83761466	0.011936602	0.12325	79.0	1139.2332339286804
94	630.9733	108.24719	795.282	435.0812	199.9	188.51419	56.71328	220.5476	3.965108	380000	-3.2782554e-09	936.55286	-0.020528836	-152.14209	0.8392278	0.006688179	0.106	79.0	1151.152559041977
95	682.11456	85.76035	810.1151	411.5115	216.11111	195.73958	53.642933	223.64879	0.62381935	384000	-8.34465e-09	1471.779	-0.020991694	-145.83228	0.83329695	0.01035219	0.13675	79.0	1163.2548730373383
96	704.5774	57.469284	785.4519	611.3407	225.82353	203.26773	50.636032	226.4099	-0.42321968	388000	1.2040139e-08	1993.0713	-0.02357688	-248.36841	0.83965373	0.015038004	0.1575	68.0	1175.3414103984833
97	679.1637	97.541176	790.7244	424.8536	215.0	198.49663	53.72051	228.61862	-0.1965599	392000	2.503395e-09	1393.4573	-0.020643279	-266.7412	0.84334636	0.008947979	0.12675	79.0	1187.6023042201996
98	708.02124	142.48079	813.4412	173.76479	224.94118	201.50903	51.857674	231.18614	-1.5298481	396000	-7.808208e-09	1927.7494	-0.023155147	-301.09204	0.85007495	0.013971197	0.15175	79.0	1199.630627632141
99	733.20776	50.672413	815.7079	667.11993	234.17647	204.47697	54.4962	233.5748	6.3124495	400000	3.5762786e-09	1566.1586	-0.022585254	-240.1842	0.83081794	0.009636426	0.14525	79.0	1211.8486886024475
100	733.37384	49.39649	818.8627	663.3451	232.29411	206.83241	51.926384	235.72234	4.022708	404000	6.6757204e-09	1655.1069	-0.021394346	-343.79724	0.8284642	0.0147569785	0.13125	79.0	1224.3188047409058
101	716.9343	43.228947	786.8469	638.35425	228.23529	207.28326	52.4997	237.9759	3.991372	408000	4.529953e-09	1074.4674	-0.014411542	-259.49408	0.84476644	0.015213484	0.12475	19.0	1235.9897346496582
102	639.06006	187.01288	781.81177	173.15404	208.21053	207.09714	54.899876	240.10382	4.582399	412000	-6.7949295e-09	2681.5752	-0.02398097	-314.90283	0.83882034	0.012108768	0.16975	79.0	1248.1371357440948
103	715.829	48.783882	794.2604	617.41113	229.41176	203.12544	56.74048	240.33798	-7.818697	416000	4.2021275e-09	1238.2036	-0.009796202	-386.63525	0.82334954	0.015972275	0.16825	15.0	1259.9232168197632
104	656.04095	152.48587	808.94904	298.91895	213.0	209.9332	54.01287	241.97078	3.717114	420000	9.298325e-09	2286.001	-0.020615885	-369.6654	0.8237568	0.011002146	0.15025	79.0	1272.3512845039368
105	682.6762	128.85013	802.0162	274.5318	221.17647	203.45535	55.496933	242.58974	1.1879025	424000	3.8146974e-09	1549.9347	-0.020764938	-319.30164	0.8222579	0.011344949	0.1395	79.0	1284.4022397994995
106	724.28516	50.035427	818.17145	645.8877	235.8125	204.68152	53.762474	243.86168	11.461333	428000	2.384186e-10	1423.7465	-0.02143892	-616.77167	0.8173952	0.008800442	0.147	79.0	1296.659655570984
107	725.80634	78.854904	815.1517	469.75714	234.29411	203.60893	59.74699	245.6893	0.53857803	432000	-1.1205673e-08	766.466	-0.023648357	-285.7067	0.80017173	0.011304997	0.17225	79.0	1308.977831363678
108	731.218	46.148666	807.78723	649.921	236.125	212.92404	57.44137	247.60146	-19.327023	436000	-7.629395e-09	1094.7294	-0.021240337	-552.6123	0.791196	0.009619626	0.141	79.0	1321.1099803447723
109	694.8121	134.41206	810.7101	175.74083	221.38889	204.87378	65.22547	249.41335	-0.45518637	440000	-4.7683715e-09	1216.9954	-0.0055810874	-297.71436	0.806417	0.01772049	0.23525	5.0	1332.9786620140076
110	670.0619	102.44901	781.961	294.04422	213.0	210.60594	61.3294	250.5575	5.46107	444000	-1.6331672e-08	1023.84467	-0.023481034	-259.36688	0.8056989	0.012196663	0.13925	79.0	1345.2993047237396
111	735.6233	57.177452	820.91284	613.0844	230.05882	206.91496	65.038086	251.43523	-8.788485	448000	1.3351441e-08	499.80057	-0.02416691	-222.10123	0.8043015	0.012818053	0.14925	79.0	1357.4574921131134
112	717.3234	66.877846	811.3142	606.7543	223.64706	210.49232	66.28328	253.30049	5.396116	452000	1.1920929e-08	308.98492	-0.02412556	-78.109726	0.7960266	0.0108706085	0.13925	79.0	1369.9073135852814
113	705.9667	74.95291	800.8122	483.434	222.41176	215.1698	61.80438	255.01273	8.560862	456000	-4.887581e-09	686.59717	-0.0041820267	-374.84583	0.78679687	0.015080953	0.20325	4.0	1381.573528766632
114	686.9446	149.9018	811.74176	298.46216	225.29411	215.77098	58.990414	256.51447	1.9779677	460000	1.7881393e-09	1783.3362	-0.022141207	-417.14917	0.7866661	0.008653524	0.129	79.0	1393.5763731002808
115	745.5936	69.21116	813.606	536.4635	236.9375	211.85524	58.36794	256.75153	-0.68058205	464000	-7.390976e-09	737.3749	-0.022122819	-340.3197	0.7865097	0.010826353	0.16525	79.0	1406.3681664466858
116	733.9456	119.97634	807.9031	273.04602	232.76471	214.06665	66.81406	258.42865	-20.56651	468000	6.556511e-09	1084.8895	-0.02272678	-138.44678	0.7806315	0.0062774876	0.1645	79.0	1418.70800614357
117	683.2671	186.71307	819.14453	159.26317	220.55556	214.23322	61.760834	259.40186	6.3827677	472000	7.152557e-09	1836.1212	-0.012550483	-176.62524	0.76549375	0.015014259	0.196	15.0	1430.7689521312714
118	736.228	43.79505	815.7706	671.87134	228.94118	210.8286	67.52179	259.31046	-8.482227	476000	-9.834767e-09	486.70963	-0.023310345	-223.54083	0.7666247	0.0102035515	0.13825	79.0	1442.9880468845367
119	725.9616	42.5051	823.2519	672.55615	229.11765	217.14977	64.46358	260.99222	-25.479612	480000	-1.6689301e-09	461.522	-0.024791146	-222.976	0.7522649	0.011757718	0.1285	79.0	1455.2777693271637
120	756.3967	42.085983	815.2917	693.2928	233.94118	211.26082	70.031075	262.05722	4.6911917	484000	-1.2874604e-08	428.6248	-0.025614923	-248.85092	0.7518525	0.014039926	0.14225	79.0	1467.1599276065826
121	722.9538	86.466354	823.7785	466.46216	225.70589	218.81079	68.25199	263.7784	-29.463268	488000	4.2915342e-09	576.6127	-0.022048434	-187.6611	0.75098145	0.01070159	0.14825	79.0	1479.215607881546
122	711.7886	42.263966	821.07336	631.4091	220.88235	212.648	68.08415	264.5745	11.847919	492000	-1.4364719e-08	683.36285	-0.005337658	-490.23016	0.7486583	0.01564172	0.15225	5.0	1490.8112540245056
123	654.5028	225.8618	814.01764	89.116516	210.26315	217.46103	62.640686	265.59677	3.160646	496000	1.7285346e-09	2546.834	-0.005609702	-427.34863	0.7465179	0.019525474	0.2715	4.0	1502.5638160705566
124	763.8959	52.181732	825.7046	678.7792	235.9375	211.197	68.93316	264.9638	-24.11478	500000	-1.3113022e-09	577.03094	-0.005972383	-316.44113	0.7436256	0.018675948	0.205	4.0	1514.2917475700378
125	735.95264	45.03005	810.78424	635.32733	228.23529	219.2809	69.40964	266.92505	6.672904	504000	-1.3113022e-09	334.35724	-0.012542059	-191.39084	0.74102026	0.015623594	0.19175	13.0	1526.2174005508423
126	744.1703	48.677773	815.26276	653.423	230.23529	218.40544	68.96408	268.0727	2.9326324	508000	3.8146974e-09	281.92102	-0.021991644	-119.4435	0.73625356	0.01051216	0.1525	79.0	1538.447402715683
127	751.48724	41.596294	807.02313	665.7963	234.4375	220.49976	65.504684	269.35373	9.489896	512000	-7.152557e-09	693.36523	-0.016084978	-267.06393	0.73219734	0.011914595	0.119	79.0	1551.0649816989899
128	749.5197	53.391903	824.6054	636.43774	236.75	220.23306	66.69146	270.6987	9.577831	516000	-3.9339065e-09	706.00604	-0.02363516	-268.76422	0.72865343	0.011756682	0.15475	79.0	1563.1510977745056
129	698.7022	110.20263	780.1343	286.04593	222.64706	220.08936	67.03213	271.40808	-19.48883	520000	-1.3113022e-09	1266.5521	-0.022353718	-345.46924	0.7299736	0.008436368	0.18275	79.0	1575.4226791858673
130	731.4595	48.670532	823.29755	651.91364	230.11765	210.52855	70.157074	270.8352	0.0014743805	524000	1.2397766e-08	586.1945	-0.022593768	-305.6527	0.7110736	0.0063514384	0.16075	79.0	1587.6532888412476
131	734.54254	62.724194	831.66437	620.9931	227.82353	217.54204	69.1823	271.35754	11.03846	528000	-8.8214875e-09	385.19287	-0.021847706	-170.9975	0.6983997	0.008652759	0.16375	79.0	1599.8764414787292
132	765.24207	47.12564	827.1936	681.962	234.29411	220.30247	69.56608	272.37692	9.86676	532000	-1.1444092e-08	201.83835	-0.021892348	-110.322075	0.70123005	0.01168959	0.151	79.0	1612.1010117530823
133	740.2682	45.975727	816.3278	641.3822	230.82353	227.17	67.9268	273.88007	9.647562	536000	-8.3446505e-10	410.30447	-0.012333007	-244.92265	0.68816316	0.015018542	0.14475	16.0	1623.9414477348328
134	720.29095	46.30737	811.2006	616.7732	221.58824	216.54729	74.027466	274.0623	9.736704	540000	6.198883e-09	181.5838	-0.022415986	-102.98185	0.68563247	0.008082831	0.12975	79.0	1636.1043751239777
135	747.97217	49.678776	826.286	673.85724	229.47058	221.51509	70.50707	274.58835	9.308318	544000	0.0	196.59451	-0.022252474	-113.04322	0.6772106	0.0066162567	0.142	79.0	1648.4059028625488
136	749.5775	56.60874	830.8999	604.2821	230.88235	223.37384	70.860245	275.6956	-31.397207	548000	1.9311905e-08	350.78333	-0.025001824	-140.15764	0.66208845	0.0125916675	0.1405	79.0	1660.7815563678741
137	746.42334	50.982132	835.7434	659.459	228.82353	222.1551	71.84925	276.3835	8.95964	552000	-2.9802323e-09	191.18387	-0.004238679	-94.123825	0.6561549	0.017124148	0.1745	3.0	1672.5328538417816
138	627.3092	206.23569	825.5116	179.6512	197.45	228.67603	68.67431	277.3118	4.455245	556000	-5.3644182e-09	3343.608	-0.0064833113	-732.17676	0.65588665	0.020319665	0.32775	4.0	1684.250271320343
139	732.5784	65.35966	807.28754	540.99585	225.58824	210.09181	63.594936	275.2052	-5.1046457	560000	4.6491624e-09	542.3217	-0.023774853	-427.84134	0.6558607	0.014337029	0.15125	79.0	1696.113673210144
140	716.8162	45.173435	819.913	650.362	219.05556	218.26816	73.43382	276.3797	9.694874	564000	-6.198883e-09	102.61042	-0.024995985	-57.139847	0.63687575	0.010825017	0.16125	79.0	1708.203417301178
141	741.7127	43.393894	835.7253	686.3719	227.82353	226.43347	68.78435	276.7997	10.16535	568000	9.536744e-10	433.38205	-0.021381823	-310.17645	0.62479	0.011317971	0.17625	79.0	1720.3456897735596
142	746.39825	45.218792	824.7318	641.0791	227.47058	222.39464	71.151665	277.4101	9.386337	572000	5.066395e-09	117.84784	-0.023924228	-73.97809	0.6310618	0.015045302	0.15975	60.0	1732.3200495243073
143	764.3981	47.424263	826.7734	679.6847	233.0	224.72504	71.31027	278.33932	9.172721	576000	-2.0742416e-08	103.26499	-0.025448307	-33.14572	0.62892836	0.0131566245	0.15775	79.0	1744.4308230876923
144	790.73584	36.79709	834.50446	717.0288	243.3125	229.23193	68.824356	279.50958	-1.2674236	580000	1.5497208e-09	274.98505	-0.025639867	-181.67703	0.62349486	0.010793281	0.17125	79.0	1756.6992676258087
145	784.78577	34.73716	828.7516	712.6122	241.75	228.49341	69.65426	280.69278	10.416153	584000	-2.503395e-09	191.4828	-0.0189304	-75.67993	0.61828965	0.011206386	0.14075	79.0	1768.854237794876
146	778.2667	25.357874	816.4244	735.1689	237.5625	227.869	71.659966	281.45395	-19.190502	588000	1.1205673e-08	101.559555	-0.012268631	-52.343124	0.6139362	0.01501123	0.123	11.0	1780.9342682361603
147	767.9742	59.927643	827.6645	585.7255	235.4375	225.83916	74.59362	282.2998	-17.649632	592000	-9.775162e-09	146.27573	-0.028189478	-56.13983	0.6156113	0.009713031	0.1715	79.0	1793.2196459770203
148	786.9765	30.71871	846.3798	722.0145	240.25	230.02704	69.37927	282.67255	2.7302542	596000	1.6689301e-09	149.53261	-0.026924593	-68.40309	0.6085856	0.01071449	0.1515	79.0	1805.4052488803864
149	756.35693	84.43411	839.8515	473.2112	231.35294	228.3783	72.983536	283.61728	8.7570305	600000	-4.768372e-10	662.04254	-0.0047297156	-170.5036	0.6057634	0.015409888	0.17825	4.0	1817.1614818572998
150	772.7273	38.49035	823.57684	690.994	249.125	236.14636	59.375473	283.4483	14.39152	604000	-3.5762787e-10	1972.7908	-0.0052264053	-1656.0057	0.60445666	0.017210606	0.18275	5.0	1829.045568227768
151	772.5274	39.29164	831.564	707.0367	235.23529	221.40535	71.94644	282.67914	7.0366793	608000	-1.9669534e-08	296.0759	-0.0057659475	-220.86168	0.6036943	0.016265502	0.1755	4.0	1840.7996826171875
152	785.28564	35.695164	828.87787	705.06213	241.9375	229.41496	70.857285	283.71167	10.058964	612000	-8.5830685e-09	183.43091	-0.025524113	-100.37269	0.6029004	0.012037791	0.163	79.0	1852.7674849033356
153	790.44836	35.655247	850.8744	734.8208	242.9375	228.38188	71.87239	284.26382	2.906043	616000	1.502037e-08	205.08311	-0.027571427	-82.63395	0.597849	0.008787864	0.1805	79.0	1865.0572817325592
154	804.0027	21.587454	835.6108	763.7491	245.125	228.31705	72.286705	285.06525	2.196127	620000	8.106232e-09	92.31399	-0.005213414	-29.864021	0.5789906	0.016049596	0.18725	4.0	1876.9574534893036
155	780.8034	32.69879	837.47577	733.52057	236.75	231.81613	72.021355	286.13113	12.252736	624000	-2.0861626e-09	140.51501	-0.023795072	-59.572533	0.57837623	0.0090665	0.1505	79.0	1888.9394617080688
156	759.53156	36.158726	839.7572	716.0977	232.35294	225.42697	75.42358	286.7652	-13.336388	628000	-5.2452087e-09	117.308815	-0.023808736	-60.032433	0.5750316	0.008948297	0.177	79.0	1901.1364133358002
157	775.945	34.754887	845.63055	722.8987	234.23529	226.85997	73.89133	286.61227	9.873913	632000	-7.1525574e-10	80.63931	-0.026372626	-30.250553	0.55195	0.012582594	0.17275	79.0	1913.140503168106
158	792.1938	30.723806	829.53357	729.0688	240.0625	232.22464	71.881134	287.34808	-16.151283	636000	-1.4305114e-08	95.670555	-0.023039475	-45.976192	0.5303138	0.015118688	0.1605	67.0	1925.219403743744
159	791.6836	36.763664	844.4258	733.15814	236.5625	229.45676	75.21054	288.2223	9.92792	640000	7.033348e-09	83.995674	-0.030128086	-40.693043	0.53223485	0.012262458	0.17425	79.0	1937.288737297058
160	807.24786	25.374226	840.1262	744.8028	244.1875	235.74466	71.305244	289.53076	1.8138046	644000	9.179115e-09	149.40472	-0.022231527	-93.27425	0.52323574	0.007711463	0.1505	79.0	1949.437880039215
161	817.8599	20.339739	846.47375	784.139	248.0625	230.97328	73.3203	290.24518	-26.452	648000	2.861023e-09	109.05955	-0.023790259	-39.827934	0.52668333	0.010970894	0.15225	79.0	1961.5321686267853
162	820.27515	28.595213	855.28375	752.9996	245.25	234.16844	73.44068	291.27728	6.4847717	652000	-3.3140182e-08	126.56144	-0.027152611	-40.723503	0.5283851	0.010007858	0.16975	79.0	1973.5220437049866
163	796.32263	38.20376	851.0377	714.84436	237.8125	235.14256	75.05909	292.5302	10.231426	656000	9.775162e-09	80.61589	-0.026880322	-37.12207	0.51152295	0.013209717	0.18275	79.0	1985.710844039917
164	791.10144	43.54507	844.175	715.8103	235.3125	232.94951	74.824875	292.90198	9.398369	660000	-7.033348e-09	71.64478	-0.028648531	-26.221859	0.48749125	0.0097614	0.15225	79.0	1997.9713785648346
165	799.7611	39.140137	852.1346	725.5515	238.9375	236.52332	72.56589	293.54468	9.207872	664000	9.298325e-09	172.61772	-0.018827245	-122.08981	0.47117952	0.01408545	0.16575	79.0	2010.030648946762
166	807.06445	39.093464	859.7011	740.9149	240.5625	235.07378	74.11595	294.23123	9.714982	668000	1.0967255e-08	56.81134	-0.02535413	-17.866138	0.47121257	0.011561519	0.14925	79.0	2022.1736941337585
167	817.17975	22.576769	847.85657	765.0087	245.8125	237.18806	72.16516	294.7249	10.467677	672000	-2.5987624e-08	187.84782	-0.021969287	-132.85094	0.45740858	0.00857937	0.15025	79.0	2034.3227746486664
168	815.1787	31.847546	847.10376	746.8855	244.3125	234.77928	75.0719	295.09995	-12.103527	676000	-1.1384487e-08	94.42483	-0.026402276	-37.219097	0.447317	0.014581509	0.1815	79.0	2046.3563249111176
169	783.7688	89.86508	835.64923	447.17862	236.6875	237.7037	72.05921	295.63287	-4.8333864	680000	-1.4781952e-08	554.1494	-0.022776013	-254.09677	0.43486503	0.0036876688	0.16675	79.0	2058.608039855957
170	817.094	25.281351	855.22473	762.7429	245.875	230.49521	74.58073	294.5579	10.334334	684000	1.1920929e-09	164.03568	-0.02897765	-117.73724	0.43050426	0.0075132228	0.16725	79.0	2070.633164167404
171	816.7379	33.95766	855.43427	742.8474	245.25	234.39882	74.60432	295.51373	2.225338	688000	-4.6491624e-09	107.105064	-0.011583615	-38.91365	0.42044827	0.015810661	0.16175	11.0	2082.3647768497467
172	809.19543	46.991783	851.469	659.6155	241.9375	234.58046	76.327	296.20282	0.45502853	692000	-5.6028364e-09	148.28877	-0.012244616	-85.50903	0.4205772	0.015445571	0.18225	11.0	2094.250912427902
173	777.98706	155.16708	846.80774	165.52933	234.52942	236.20763	73.276505	296.80554	10.350684	696000	8.5830685e-09	941.25323	-0.018607406	-80.966125	0.4205387	0.011688501	0.1835	79.0	2106.3845076560974
174	760.52924	150.93318	851.68164	171.15518	232.0	232.06035	71.48111	295.12387	-4.9037323	700000	1.4781952e-08	979.9	-0.0038806451	-118.32092	0.43298507	0.021034999	0.228	3.0	2118.226638317108
175	804.3744	23.834461	835.9663	742.41266	250.0	225.68996	70.128296	294.63104	-3.6601095	704000	-1.2040139e-08	240.13673	-0.025636028	-146.00908	0.43286654	0.012369484	0.16975	79.0	2130.330813884735
176	781.93134	33.15051	823.9521	716.1083	246.5	224.75186	73.075195	295.31088	-8.52528	708000	-7.867813e-09	285.59213	-0.0037600533	-131.75989	0.42412993	0.01692016	0.23625	4.0	2142.0638513565063
177	802.46094	22.461077	835.3846	747.0323	245.8125	227.50342	74.34899	294.21283	-30.144966	712000	4.2915342e-09	141.52785	-0.025162246	-65.95199	0.42407352	0.014852243	0.1345	79.0	2154.2454822063446
178	808.2422	28.702385	847.95337	731.9318	244.375	230.02216	73.75587	295.32825	-1.7176342	716000	1.6212464e-08	97.627266	-0.024942815	-48.80542	0.42018586	0.013618689	0.1565	79.0	2166.4585218429565
179	785.8869	31.53108	821.91016	719.38715	237.5	233.9501	73.852585	296.30698	9.980601	720000	-5.1259996e-09	79.08278	-0.004361153	-45.37711	0.4114779	0.016018532	0.20175	3.0	2178.454926967621
180	810.8377	29.101986	852.9281	749.3	242.5	230.22874	76.196175	295.66135	6.0023584	724000	-6.9141386e-09	96.367744	-0.030726517	-63.74524	0.4117961	0.011922864	0.1915	79.0	2190.602538585663
181	801.24146	34.258366	835.17285	718.88525	241.25	235.01678	74.59479	296.71997	1.2161579	728000	-2.861023e-09	95.21037	-0.023129197	-60.782413	0.39713687	0.011564834	0.16425	79.0	2202.7489066123962
182	800.0314	33.884212	851.33374	738.24536	238.0625	234.12039	74.70586	296.90195	9.462809	732000	1.3828277e-08	71.661644	-0.024057006	-29.678188	0.39337668	0.012826832	0.1795	79.0	2214.5913059711456
183	804.85425	26.130009	849.16876	732.093	241.5	236.58644	74.26799	297.71252	-11.859985	736000	2.4676323e-08	129.97218	-0.024652941	-81.66789	0.38556072	0.010285149	0.17125	79.0	2226.6800725460052
184	800.0885	34.126034	847.91504	730.8045	239.375	235.46219	74.81954	297.6293	2.126751	740000	2.1338463e-08	69.56261	-0.025696993	-29.792164	0.3895581	0.011029363	0.1505	79.0	2238.7989218235016
185	766.4377	85.39409	847.8594	455.19025	229.29411	234.61691	75.31333	297.41064	1.7008877	744000	-9.775162e-09	380.73718	-0.00558158	-165.28542	0.37858155	0.020496342	0.22225	4.0	2250.591673851013
186	769.9033	155.2288	850.00336	161.69821	231.64706	234.56119	73.57146	296.2658	-4.7573442	748000	-2.4914742e-08	880.62	-0.006954095	-98.625854	0.37796164	0.015427344	0.1845	7.0	2262.6236951351166
187	733.84314	159.76242	847.96924	165.71085	221.55556	230.02872	72.37791	296.36707	0.5663023	752000	1.1205673e-08	1048.8096	-0.003930095	-136.81628	0.3785366	0.022612736	0.26075	3.0	2275.131488084793
188	809.02594	26.45544	845.03375	758.06494	240.9375	234.42265	70.786835	297.58118	1.5251198	756000	4.768372e-10	132.37076	-0.028167488	-98.73445	0.37823552	0.014335195	0.1925	79.0	2287.484879255295
189	803.85443	38.79424	845.447	718.67993	241.375	237.45934	73.08059	298.79184	5.3356504	760000	-9.059906e-09	77.388	-0.0052477857	-43.853256	0.37045112	0.015557207	0.182	4.0	2299.6361451148987
190	809.68677	20.646793	841.0497	766.6553	249.0625	239.56044	66.57982	298.28152	-3.1619892	764000	2.360344e-08	761.75806	-0.023052046	-687.42883	0.3692891	0.012255357	0.1835	79.0	2312.341921567917
191	791.05884	38.25578	836.0951	719.8172	249.25	227.77826	71.8555	296.94882	-15.129094	768000	-1.5497207e-08	319.7259	-0.024145471	-162.9667	0.36419323	0.010414324	0.17975	79.0	2324.643923521042
192	809.133	24.43302	845.90094	739.6063	248.3125	226.64012	73.592606	295.34778	-15.509447	772000	-3.385544e-08	127.79613	-0.024401639	-72.16797	0.36827835	0.015133747	0.17125	65.0	2336.9039652347565
193	793.80255	33.119442	837.12463	718.29987	238.6875	233.38762	72.80547	296.6265	5.6406126	776000	7.152557e-09	204.44261	-0.022392705	-166.31711	0.37493354	0.015063962	0.1615	59.0	2349.1450645923615
194	803.79944	31.676323	842.5438	739.37933	242.25	233.57785	73.551796	297.43747	5.0327444	780000	2.6464463e-08	208.23677	-0.022509992	-160.20422	0.36309817	0.0073344	0.15	79.0	2361.4110889434814
195	791.96326	34.96554	844.285	741.8466	238.3125	233.6691	75.72383	298.25702	5.8922644	784000	-1.9073486e-08	97.79549	-0.023420244	-65.73961	0.366054	0.011073688	0.15725	79.0	2373.3476519584656
196	772.17737	42.63608	836.6045	685.6808	231.58824	230.34691	76.21275	297.5613	3.3750286	788000	2.4437905e-09	90.18639	-0.0045395666	-56.85956	0.35442346	0.015776493	0.18925	4.0	2385.193581342697
197	810.3727	37.623425	849.59314	719.1409	241.875	232.4375	75.40681	296.7566	3.8514967	792000	-2.2172928e-08	80.53509	-0.012138116	-39.23244	0.35280383	0.015162018	0.17375	11.0	2396.8552820682526
198	803.0453	27.181679	844.3741	766.0107	239.625	236.71928	74.12365	298.14508	4.7752542	796000	1.7285346e-08	42.67021	-0.004318331	-12.41017	0.34972888	0.020808944	0.2215	3.0	2408.542505979538
199	800.26953	31.7076	832.5876	712.5185	239.9375	235.89578	74.357925	298.17245	0.59180164	800000	-2.9802323e-09	66.68361	-0.005590881	-28.565308	0.34875548	0.020654177	0.2085	3.0	2420.4305894374847
200	815.5198	23.066095	850.4583	769.9079	245.75	234.98137	74.81382	297.82712	6.4417095	804000	1.4662743e-08	51.505466	-0.03001467	-9.581993	0.34763148	0.013216581	0.168	79.0	2432.410790205002
201	794.0751	39.085846	842.25745	716.3299	241.0625	235.48947	72.35489	297.72684	6.476842	808000	-2.4557114e-08	227.79929	-0.020144027	-173.09529	0.3407038	0.008693353	0.159	79.0	2444.533730506897
202	741.8664	175.44151	843.65137	59.783695	224.64706	230.69987	76.38698	297.15982	-14.223655	812000	-1.4126301e-08	577.052	-0.0045415843	-106.08856	0.33524656	0.015506381	0.245	5.0	2456.328327178955
203	747.39136	49.766487	836.6702	651.99445	224.11765	224.56346	77.33268	296.59784	-0.33564186	816000	1.9013882e-08	185.99348	-0.004655177	-156.79044	0.3354777	0.01665695	0.25225	4.0	2468.292932987213
204	793.748	36.449997	836.19714	718.76904	238.0625	233.19037	70.93464	295.5307	1.1585579	820000	4.887581e-09	98.05995	-0.024305735	-73.765045	0.33490458	0.0075869057	0.14225	79.0	2480.4242856502533
205	782.5852	41.174755	849.52747	701.2545	234.76471	232.19463	75.60155	297.10822	2.6544847	824000	1.704693e-08	62.147446	-0.030326646	-16.396095	0.343065	0.007880246	0.175	79.0	2492.6486530303955
206	801.5725	25.157314	829.00464	730.40564	241.4375	234.44943	72.286514	296.91806	2.662198	828000	1.4305115e-09	161.10744	-0.021904958	-119.930305	0.3403545	0.011737102	0.1495	79.0	2504.5748631954193
207	792.8469	44.045303	847.40326	710.1888	237.0625	231.90103	75.01066	297.45566	2.0691566	832000	1.4424324e-08	85.7734	-0.004635595	-40.28503	0.32419413	0.016094882	0.155	3.0	2516.2667951583862
208	802.952	27.098082	842.58636	754.23004	242.375	235.80603	74.60923	298.46686	4.153942	836000	-1.3113022e-09	117.883156	-0.0038600448	-62.439476	0.3236544	0.015671346	0.19275	4.0	2528.1101565361023
209	789.97253	38.344635	847.5772	713.4357	235.0	231.19537	76.809425	297.88892	4.4772367	840000	-3.0994414e-08	76.31301	-0.021709403	-46.321556	0.32322705	0.015106652	0.15375	56.0	2539.9665384292603
210	787.87646	54.35821	841.6104	671.402	234.88235	230.792	77.054306	297.84296	-6.977009	844000	-2.6464463e-08	102.10911	-0.0050670565	-59.779324	0.30873287	0.01522955	0.24275	2.0	2551.8303122520447
211	788.28503	33.62405	843.16815	738.60254	249.75	243.15228	54.34818	298.26138	9.979173	848000	1.4305114e-08	1875.5267	-0.0035347696	-1657.085	0.3078822	0.015658349	0.20625	3.0	2563.4674496650696
212	750.2678	33.46913	799.45874	692.212	250.0	219.2051	69.35857	293.32883	-14.8081875	852000	-1.07288365e-08	547.5173	-0.023660528	-279.5976	0.30636555	0.008432574	0.14525	79.0	2575.484270811081
213	781.9597	31.269999	830.0907	721.69727	250.0	213.94272	71.265205	285.22397	-17.084293	856000	-1.6212464e-08	304.66406	-0.014562859	-142.69272	0.3180101	0.015399201	0.18725	11.0	2587.5256123542786
214	768.69946	30.386974	832.82874	721.32385	247.9375	219.70488	70.522896	292.83832	-45.275642	860000	1.6212464e-08	370.00748	-0.0039683096	-198.17255	0.3160824	0.016433118	0.18625	3.0	2599.2958211898804
215	805.0364	20.412155	835.0083	767.6081	247.1875	223.39024	69.43511	292.42322	7.0664682	864000	2.2649764e-09	283.6019	-0.002497304	-185.3372	0.31545147	0.01681259	0.21925	3.0	2611.1779148578644
216	790.7547	41.913403	838.0014	704.69214	241.1875	231.56262	74.160164	296.5709	-3.3901396	868000	1.1920929e-08	154.42453	-0.0027777958	-79.73059	0.31433153	0.016983902	0.19775	3.0	2623.0936155319214
217	802.7377	35.35635	845.3879	698.3828	244.125	229.851	75.14081	296.13348	-2.3409214	872000	8.5830685e-09	107.40726	-0.025216077	-54.41094	0.3133322	0.010699863	0.16975	79.0	2635.090113401413
218	804.3186	19.250181	836.79364	756.938	247.5	231.89795	72.136566	296.95557	3.2558804	876000	-3.3140182e-08	211.63937	-0.024757728	-141.27893	0.30129585	0.008213186	0.15475	79.0	2647.206562280655
219	805.5117	19.871096	832.49036	764.2288	246.875	229.47401	72.85126	295.18454	-15.842844	880000	2.002716e-08	111.621414	-0.014682619	-36.973892	0.30475456	0.015346986	0.137	17.0	2659.0305495262146
220	792.4795	29.69506	839.6443	732.29584	241.1875	231.75537	73.92081	296.0362	4.5327206	884000	-7.152557e-09	59.187084	-0.018098453	-27.535152	0.30661932	0.015511618	0.12525	22.0	2670.959604024887
221	765.79755	57.077477	824.98553	602.953	231.76471	224.3615	79.46868	295.83783	-3.980054	888000	-4.1723253e-10	324.55457	-0.023585392	-238.53705	0.30192396	0.015011439	0.19675	61.0	2683.147083759308
222	797.2542	24.2559	834.7654	748.1164	243.75	232.52625	70.41138	294.4918	13.369564	892000	-1.6689301e-09	307.96533	-0.022697028	-249.4353	0.2709458	0.013472194	0.212	79.0	2695.4323375225067
223	745.5723	72.334755	836.41254	581.8891	227.29411	221.17146	83.10538	296.42487	0.2074318	896000	-2.7298928e-08	608.3341	-0.005963134	-462.32123	0.2689274	0.015675105	0.194	4.0	2707.2635536193848
224	789.27985	35.546307	823.8994	687.85925	243.0	230.46335	66.18468	293.30475	13.534974	900000	2.2232532e-08	447.73932	-0.006324712	-257.80963	0.2681235	0.017158754	0.1835	3.0	2718.898328781128
225	750.2092	43.830303	824.01886	657.2258	229.23529	227.2271	77.05373	295.36926	9.52829	904000	9.417534e-09	243.3785	-0.029077873	-191.599	0.26705012	0.013413349	0.19275	79.0	2731.183184862137
226	764.00793	46.45677	824.1868	683.784	232.70589	225.51538	73.197174	292.06705	3.3893652	908000	-6.437302e-09	48.14359	-0.0035058297	-17.663076	0.25770232	0.01724272	0.223	3.0	2743.0799396038055
227	756.9304	49.541348	834.2086	694.06525	230.23529	225.90443	73.98283	294.7229	-0.3690977	912000	2.4169683e-08	72.5947	-0.028164763	-36.32925	0.2568838	0.009203945	0.18325	79.0	2755.1030838489532
228	793.7654	32.61406	834.70856	725.10406	240.1875	231.29044	72.3595	294.9928	2.963235	916000	-3.9100648e-08	79.26747	-0.023884716	-37.17856	0.2463973	0.011686154	0.1555	79.0	2767.3709030151367
229	789.72815	38.50896	833.1249	711.1415	242.25	231.5624	71.245476	296.3806	3.3472996	920000	-3.004074e-08	197.04245	-0.02406904	-123.040245	0.24553452	0.015063685	0.1885	72.0	2779.5700426101685
230	803.74524	62.24792	838.1094	568.94745	244.625	229.10791	75.5196	296.00714	-14.694904	924000	2.193451e-08	148.17294	-0.010009426	-71.27104	0.24886625	0.016109329	0.184	9.0	2791.098206281662
231	809.9509	20.206139	837.18463	772.6507	245.25	232.09161	72.67006	297.10464	3.660839	928000	-7.390976e-09	134.1502	-0.025414692	-84.867744	0.24772973	0.008098151	0.17875	79.0	2803.0976264476776
232	800.6417	25.248426	847.19135	750.5839	248.4375	231.79582	71.80026	298.73535	-28.25792	932000	-2.9325486e-08	293.95044	-0.022474252	-178.91	0.2338621	0.009321144	0.184	79.0	2815.0349247455597
233	797.532	31.984581	834.16895	717.5521	244.0625	227.07994	74.30338	296.77298	-4.240034	936000	-3.027916e-08	157.78561	-0.009379763	-91.92516	0.23005599	0.015245876	0.20275	11.0	2826.6276557445526
234	794.3351	27.772701	849.5774	746.61554	243.1875	229.1605	75.0916	298.3504	-34.31385	940000	-6.270409e-08	129.9772	-0.024655998	-63.615166	0.22872636	0.01549162	0.19325	57.0	2838.368703365326
235	798.2529	35.341564	831.2564	699.8641	241.875	232.095	74.251785	299.119	0.03073883	944000	-8.702278e-09	183.51083	-0.024480883	-56.814407	0.2301844	0.014825116	0.2065	79.0	2850.07369184494
236	793.5354	38.20421	846.241	726.1415	240.1875	231.21074	75.84465	299.35803	-5.1317873	948000	2.1457671e-09	115.47476	-0.00467478	-78.102264	0.21078753	0.015403345	0.15225	3.0	2861.6375257968903
237	783.1053	45.45361	833.8812	668.4987	237.625	232.54881	73.77242	298.8523	-2.7355022	952000	4.887581e-09	217.4351	-0.0036630954	-157.83461	0.2105306	0.015061137	0.17975	4.0	2873.0611283779144
238	809.1749	30.329187	840.4738	710.7913	244.0	230.81476	75.262596	298.98453	-1.1524076	956000	-2.0742416e-08	82.42989	-0.026521709	-50.266014	0.21011792	0.013531657	0.19375	79.0	2884.8094618320465
239	798.9889	69.10587	845.75745	575.74817	239.9375	234.28963	73.76613	299.75415	2.6167278	960000	2.7656554e-08	228.03345	-0.023690287	-147.31448	0.20068148	0.012854245	0.21525	79.0	2897.457859277725
240	815.32074	26.635529	843.2602	748.2986	244.25	234.7814	74.36705	302.26263	8.439741	964000	1.6689301e-09	88.599815	-0.023509333	-49.48962	0.19689032	0.015062571	0.17325	75.0	2909.0626125335693
241	789.7106	69.39548	848.35785	551.5767	241.4375	236.10106	70.975685	302.76556	-2.703865	968000	-7.629395e-09	669.40607	-0.004397381	-534.6094	0.19332497	0.019742323	0.15775	2.0	2920.613592147827
242	789.3426	43.19609	835.97833	699.16376	238.0	232.45586	73.74393	299.47824	13.509736	972000	8.34465e-09	167.5746	-0.004969656	-136.0028	0.1933102	0.016523035	0.23625	3.0	2932.1976823806763
243	800.7065	14.379741	821.32806	774.80426	250.0	237.51978	65.628235	299.7374	14.14175	976000	-1.6450882e-08	685.7574	-0.0052086883	-627.259	0.19299774	0.015024973	0.13575	4.0	2943.6923530101776
244	791.7929	22.917873	835.5839	752.2088	248.75	227.34544	71.12413	296.00848	2.7125435	980000	8.34465e-09	269.72302	-0.020912342	-188.37932	0.192629	0.0116702905	0.162	79.0	2955.6070699691772
245	798.2313	25.045406	832.8532	740.2525	249.625	223.5952	72.75782	296.606	-2.671897	984000	1.2874604e-08	174.42834	-0.016684212	-83.86876	0.18606476	0.015216792	0.15125	21.0	2967.3787245750427
246	806.6532	21.220175	836.4672	767.1741	247.0625	230.2791	73.11178	297.19073	8.517345	988000	2.3841857e-09	184.79121	-0.003796987	-121.64509	0.18422127	0.017370876	0.2345	3.0	2979.943393468857
247	806.5782	21.180593	845.82434	769.52155	246.625	231.74457	72.60957	298.6565	11.356712	992000	1.4781952e-08	68.091576	-0.02763936	-29.51817	0.18319212	0.0108217485	0.188	79.0	2991.885710477829
248	811.7747	26.23753	839.0995	765.3252	243.375	231.99222	75.35491	298.03522	0.877121	996000	4.2438508e-08	60.12152	-0.013074968	-28.138168	0.17699042	0.015449806	0.13075	12.0	3003.898360967636
249	802.85486	29.686766	846.6977	734.8089	240.6875	235.23486	74.38312	300.07922	6.9458237	1000000	1.7642975e-08	58.357704	-0.02752261	-24.501213	0.17351487	0.012118297	0.18175	79.0	3015.848906993866
250	765.50806	62.340076	826.2425	587.2925	232.47058	228.27693	78.781525	299.0602	-0.48307896	1004000	1.1444092e-08	224.49855	-0.017250072	-163.31366	0.16798382	0.015626227	0.2315	15.0	3027.6115210056305
251	779.92523	36.691936	835.09784	720.9571	235.4375	228.88785	73.473885	296.37827	8.238407	1008000	2.8505921e-08	113.87383	-0.024321467	-85.78529	0.16823338	0.010716178	0.18825	79.0	3039.630481481552
252	807.73236	34.23181	840.2741	724.1573	242.75	233.87737	72.61962	297.46362	1.2411556	1012000	-2.7418137e-09	146.59645	-0.0054455716	-106.444756	0.15555315	0.019137817	0.25375	4.0	3051.355124950409
253	789.22406	36.880898	832.914	706.8719	235.375	230.94963	76.51756	300.0549	6.6272573	1016000	-3.6239623e-08	129.84189	-0.012692411	-107.18448	0.15546612	0.015154641	0.191	15.0	3063.220118999481
254	807.45166	31.441412	844.34033	727.3324	241.5625	236.1175	73.63904	299.67816	2.8997717	1020000	2.7418137e-09	222.91772	-0.005176294	-112.18453	0.15291056	0.0151155535	0.206	4.0	3074.9375491142273
255	804.2811	25.328293	841.1861	751.0352	244.0	234.28534	73.934845	301.11603	1.4035292	1024000	7.152557e-09	249.08267	-0.023345623	-204.80164	0.15136686	0.010977849	0.1855	79.0	3087.000010251999
256	811.3849	33.232292	853.7829	734.929	247.0625	230.77824	74.09806	300.30676	-7.2666206	1028000	-1.5854836e-08	211.70203	-0.012334511	-120.797615	0.13534594	0.015047756	0.20875	12.0	3098.736452817917
257	811.18945	27.518932	848.733	754.49243	246.6875	231.9663	74.13834	301.2188	5.806918	1032000	-1.7166137e-08	232.21753	-0.0037701575	-141.46542	0.1346801	0.015983459	0.1875	3.0	3110.5043053627014
258	806.43134	31.030571	849.88293	742.59814	242.5	233.54803	75.14821	300.94107	1.840025	1036000	-3.7550926e-08	141.92586	-0.0023444497	-72.23792	0.13405511	0.017692193	0.215	3.0	3122.5371940135956
259	783.90094	43.57259	844.3199	683.4631	237.8125	232.01306	76.71736	303.032	5.155301	1040000	-1.0848045e-08	253.42708	-0.014038594	-205.32959	0.13334206	0.015462884	0.17	15.0	3134.298262119293
260	808.8196	37.899994	846.6062	683.8397	244.25	233.23935	70.39859	300.44568	3.2934227	1044000	1.1444092e-08	235.54141	-0.0052725663	-166.64937	0.13323613	0.023606211	0.275	3.0	3145.9569742679596
261	806.5344	34.65347	837.3915	711.17755	246.8125	234.19847	71.98355	301.50513	-0.12830257	1048000	1.9073487e-09	283.62292	-0.016464112	-216.53015	0.13375798	0.016933195	0.24825	14.0	3157.6482112407684
262	783.2262	45.660862	836.5879	686.3464	241.1875	234.98822	69.96348	300.3526	7.0414276	1052000	1.4066696e-08	477.8705	-0.015387954	-218.43207	0.13313545	0.015490143	0.17375	13.0	3169.4015963077545
263	774.962	46.06298	847.7125	693.1801	233.88235	218.75575	77.561325	295.53796	-8.289764	1056000	4.029274e-08	504.7053	-0.027691497	-340.4443	0.13426588	0.015652334	0.19475	66.0	3181.3254516124725
264	813.5744	25.963572	850.2847	742.6047	246.0625	232.40166	73.08515	299.98093	-1.2626448	1060000	-1.5735626e-08	170.90948	-0.027466398	-133.2401	0.12173056	0.015315	0.18475	60.0	3193.2807035446167
265	805.8607	36.781055	847.4768	720.5696	243.75	233.28755	74.72296	302.7206	-6.108593	1064000	-5.185604e-08	259.97165	-0.02493907	-99.275116	0.122627616	0.015044806	0.206	77.0	3205.32870554924
266	811.8458	30.554726	854.6221	717.6419	246.5625	232.08185	74.143425	302.08795	-32.481598	1068000	-2.002716e-08	348.103	-0.025794035	-202.54536	0.117830284	0.009827606	0.192	79.0	3217.319270849228
267	815.53986	27.370493	847.2077	728.28937	247.5625	231.96306	74.45402	301.29202	2.5369987	1072000	-2.7492643e-08	128.8872	-0.024438467	-72.635284	0.12273358	0.015058867	0.1955	74.0	3229.322334051132
268	814.8355	34.717426	850.767	709.50183	246.25	234.55951	73.692345	301.9792	0.87687016	1076000	-2.2649764e-09	137.56226	-0.028356114	-50.665176	0.10663307	0.010271028	0.20475	79.0	3241.352067708969
269	815.66455	29.18016	854.1004	747.6994	246.8125	232.03868	77.47706	302.9997	-69.50801	1080000	-1.525879e-08	87.170296	-0.017954797	-42.992744	0.096717246	0.015807204	0.16025	17.0	3253.01713681221
270	772.9993	60.99118	843.2032	649.54254	231.47058	224.4643	85.584175	302.97473	-19.590378	1084000	2.3245812e-09	746.8604	-0.012264078	-687.6008	0.09243461	0.015232837	0.155	15.0	3264.8304851055145
271	789.2593	54.75239	857.16064	699.3771	236.3125	233.82082	73.00171	300.91147	2.7305489	1088000	0.0	98.2794	-0.026308902	-54.14553	0.087255545	0.012613639	0.16	79.0	3276.8421716690063
272	769.70245	47.592743	850.60925	694.82837	229.82353	231.99844	76.20275	302.6873	-5.115658	1092000	5.2452087e-09	40.74303	-0.029492697	-12.553329	0.08408252	0.014502469	0.1755	79.0	3288.792732477188
273	785.2066	52.265995	852.85486	694.4275	236.9375	234.99141	71.45005	302.68323	0.642437	1096000	4.053116e-09	274.40057	-0.0049203867	-179.78922	0.073265046	0.016658695	0.2375	3.0	3300.3540031909943
274	796.61584	43.25381	849.99493	714.5328	237.5	231.71703	75.84404	301.00415	-0.1810093	1100000	-2.6464463e-08	57.888165	-0.03134571	-26.257996	0.0727179	0.013740968	0.18075	79.0	3312.198388814926
275	812.4658	34.52623	855.34796	710.8058	243.8125	237.08102	72.198006	304.10242	-9.924884	1104000	-2.503395e-08	243.15906	-0.020782633	-154.06134	0.07026391	0.015065272	0.196	40.0	3324.4073927402496
276	815.6687	25.66304	854.8524	763.63745	246.5	235.78087	72.58631	303.20956	1.497078	1108000	-2.2530555e-08	317.29684	-0.01906793	-256.71378	0.07317932	0.015284384	0.171	37.0	3336.6141679286957
277	803.27783	45.451015	846.865	708.74066	240.25	232.48822	77.61158	302.9925	-8.97074	1112000	-8.5830685e-09	236.25647	-0.01336453	-203.72986	0.06763975	0.016854038	0.17975	16.0	3348.4457738399506
278	807.52295	34.958637	854.41425	723.83093	240.8125	235.13362	76.97128	303.43008	-0.54687405	1116000	3.3378602e-09	34.802402	-0.026343124	-12.492746	0.06702645	0.015227142	0.1825	61.0	3360.554312467575
279	782.8245	49.592033	845.0549	693.12427	233.35294	231.76271	77.84226	303.8299	-1.0763683	1120000	-1.502037e-08	45.60359	-0.02932045	-21.041216	0.04991158	0.012838531	0.19625	79.0	3372.8473880290985
280	820.20197	22.372564	853.4986	783.1993	244.0	236.64764	73.291466	302.88922	-0.66733074	1124000	-3.0755995e-08	112.86417	-0.006192985	-89.06138	0.036311507	0.016404502	0.207	3.0	3384.6600453853607
281	816.9687	34.846535	855.4147	720.62537	244.8125	236.9036	74.00122	304.43994	2.6422129	1128000	-1.2874604e-08	120.515495	-0.023086691	-75.706116	0.036064427	0.011420767	0.20475	79.0	3396.916745901108
282	819.70483	21.374886	847.57355	775.57635	244.875	238.74767	74.330605	304.7653	1.7804432	1132000	-7.987023e-09	107.24164	-0.006538281	-82.798965	0.030848581	0.020445362	0.186	2.0	3408.7811801433563
283	820.072	28.270437	850.1824	740.6297	245.3125	236.80054	75.2032	304.98477	5.618826	1136000	3.6239623e-08	64.28931	-0.01331828	-26.73066	0.030779319	0.015723588	0.2155	12.0	3420.5643112659454
284	827.4485	14.912461	847.11444	798.0	248.875	234.14734	76.3774	304.41916	3.514161	1140000	4.553795e-08	99.077675	-0.023143714	-71.26666	0.027383406	0.010326336	0.173	79.0	3432.798854827881
285	825.8036	20.179464	858.0717	776.1135	246.75	236.53896	75.72682	303.60114	-5.0421095	1144000	2.7894973e-08	46.442486	-0.029662091	-17.865248	0.017103594	0.008512226	0.176	79.0	3445.262211561203
286	822.1817	18.610952	844.5286	786.3442	248.125	236.36943	73.91593	304.74954	-1.3292885	1148000	-5.00679e-09	161.59818	-0.0042123254	-115.61597	0.0080229845	0.015536543	0.21275	3.0	3456.969829559326
287	819.14514	31.616047	852.2997	712.57556	243.75	233.73006	77.49454	302.98257	-6.0661793	1152000	-1.3113022e-08	183.91187	-0.005342964	-152.34895	0.008487701	0.020038933	0.2125	3.0	3468.8357651233673
288	800.73804	40.005665	852.67487	707.8003	240.3125	240.06262	72.41001	304.9201	-4.520916	1156000	2.169609e-08	325.4137	-0.023548406	-188.12715	0.008517901	0.013090657	0.21325	79.0	3480.6671204566956
289	787.5293	46.994274	845.9133	695.0897	234.9375	231.15128	76.95247	303.90018	-3.4727592	1160000	-4.196167e-08	172.2031	-0.013530345	-110.21402	-0.0034233332	0.015103449	0.20725	11.0	3492.0304872989655
290	813.086	34.687927	848.3363	708.5543	244.4375	238.02254	71.06383	302.83325	3.548294	1164000	-1.2397766e-08	635.00977	-0.011398024	-423.40442	-0.006226738	0.01553461	0.2025	12.0	3503.502031326294
291	801.3941	38.813015	850.0619	707.4976	238.875	234.60315	74.73117	305.50574	-0.028863907	1168000	-1.0967255e-08	222.63043	-0.013634754	-112.51209	-0.0052336454	0.015022783	0.205	14.0	3515.020758152008
292	802.23804	43.63548	849.49133	712.83905	240.1875	236.63606	73.52244	305.80328	-5.591194	1172000	-2.2768974e-08	449.0445	-0.00950232	-161.01419	-0.007222971	0.015250348	0.13675	11.0	3526.4909160137177
293	813.0868	29.671885	849.7019	755.2792	241.5625	234.73575	75.17018	305.75992	0.45094204	1176000	-1.26361845e-08	66.862885	-0.026920386	-45.22053	-0.0075060525	0.013270358	0.192	79.0	3538.3604698181152
294	816.2959	38.29234	851.11414	720.15283	244.9375	238.48491	75.013664	306.2277	6.5979385	1180000	1.680851e-08	296.6453	-0.012970443	-80.219894	-0.017130332	0.016240781	0.2435	10.0	3549.7983436584473
295	798.99927	51.658382	844.28656	638.00616	239.8125	234.4301	75.6073	306.90344	3.5113897	1184000	-2.384186e-10	382.8215	-0.009653087	-308.78854	-0.01682786	0.015051296	0.19525	10.0	3561.3009734153748
296	797.75525	45.18435	848.19385	699.1806	241.25	236.59029	71.22866	306.33813	-0.008993149	1188000	-1.9550324e-08	584.705	-0.0043959934	-384.70554	-0.016061269	0.019094246	0.2125	3.0	3572.817026615143
297	788.3863	64.1367	854.398	639.4909	242.875	238.49246	67.94055	305.96005	6.738804	1192000	1.4305114e-08	1074.6827	-0.006205976	-841.0533	-0.015319984	0.017492706	0.18675	4.0	3584.3802404403687
298	822.70465	30.192577	856.9238	744.5458	247.3125	228.5729	76.1833	306.1394	-28.118889	1196000	3.8146972e-08	439.2569	-0.0069037247	-260.49426	-0.014610687	0.016226277	0.157	5.0	3596.0334746837616
299	790.5412	64.96214	852.7117	631.98566	236.375	231.04768	79.46276	307.03036	-1.6652632	1200000	4.2915342e-09	425.13873	-0.0059761372	-316.47205	-0.015062847	0.015785033	0.175	3.0	3607.724531650543
