Epoch	AverageEpRet	StdEpRet	MaxEpRet	MinEpRet	EpLen	AverageVVals	StdVVals	MaxVVals	MinVVals	TotalEnvInteracts	LossPi	LossV	DeltaLossPi	DeltaLossV	Entropy	KL	ClipFrac	WM_LossMean	WM_LossStd	StopIter	Time
0	8.887981	3.3561726	40.335907	4.3419466	12.33642	-0.28946784	0.05713111	-0.121096626	-0.46584517	4000	1.9073487e-09	34.734306	-0.012424631	-27.168211	0.91893864	0.01505153	0.22925	0.5831429869681597	0.6006020286498368	3.0	10.175666570663452
1	14.077128	7.0449243	48.58623	5.689451	16.352459	4.5108986	1.6531698	6.7997947	-0.57625	8000	4.4703483e-10	41.59687	-0.027653188	-18.303844	0.92071223	0.016351057	0.23375	0.035183136891573666	0.010088976524859019	4.0	20.6887686252594
2	39.03441	39.17771	211.70355	6.901185	31.234375	9.142625	3.213683	12.50157	-1.5097184	12000	-7.2717667e-09	1101.9984	-0.01580132	-312.26544	0.91963446	0.018603154	0.29075	0.04722844395786524	0.013892028337496861	6.0	30.353862524032593
3	116.48753	67.13774	234.2469	12.862519	63.285713	21.51403	2.6006174	22.429205	-2.480971	16000	-6.6757204e-09	3260.7979	-0.010021789	-829.3391	0.91724986	0.015934601	0.17825	0.03851357715204358	0.007459668617602055	9.0	40.18949770927429
4	113.116104	54.66934	249.00388	11.053462	60.523075	33.414257	1.047822	33.531597	10.827199	20000	2.2053719e-09	1977.3715	-0.015702747	-325.31714	0.91516024	0.0071899383	0.091	0.038139328677207235	0.007275140566703991	79.0	50.87877321243286
5	139.7152	60.879314	248.57097	30.729673	71.03571	39.962986	0.7772703	40.031025	14.531333	24000	7.1525574e-10	2366.4785	-0.014980418	-353.82898	0.9169389	0.011132764	0.08875	0.0398168446496129	0.008834651876324125	79.0	61.92763543128967
6	179.08667	53.94386	239.3626	52.941116	84.510635	46.350357	0.83614194	46.445354	23.566628	28000	-1.4901161e-09	2866.6743	-0.014095314	-466.31885	0.92767024	0.0065389276	0.07625	0.043991260286420586	0.010447490454667521	79.0	72.5500545501709
7	186.82231	49.56395	247.53162	61.091164	87.888885	53.468086	0.027877755	53.47254	52.668777	32000	2.9802323e-09	2513.0142	-0.014744194	-491.88293	0.9371171	0.005367535	0.086	0.0423893872462213	0.008048865123552991	79.0	83.37691569328308
8	192.92952	43.90624	228.46082	61.323334	88.53333	54.36806	10.655803	59.52076	-1.8851564	36000	1.9073487e-09	2122.945	-0.01680369	-402.7693	0.9310016	0.0062006596	0.10325	0.03928464412689209	0.008768949186556532	79.0	93.53832173347473
9	199.7337	41.176857	233.43806	48.018192	90.88636	59.551346	13.755498	65.53464	3.2813504	40000	-9.536744e-10	1842.257	-0.0155462455	-315.42822	0.91518945	0.007990747	0.0925	0.03473946984857321	0.007241704532041723	79.0	103.74359655380249
10	205.38812	29.785711	237.11212	93.19862	92.65116	63.473194	16.332163	71.03938	2.467896	44000	-2.3841857e-09	1500.314	-0.014589672	-280.01746	0.91255265	0.0074891923	0.08825	0.036580320131033656	0.008370165452070913	79.0	114.01835680007935
11	212.03857	31.167454	234.68123	24.88057	94.90476	65.48639	19.406876	76.084274	-1.5552797	48000	7.1525574e-10	1301.0907	-0.012757504	-255.4867	0.9181119	0.0041256947	0.07325	0.03589751088991761	0.00854161246823514	79.0	124.3855402469635
12	217.67401	18.291155	241.93907	131.18356	97.560974	68.8043	21.991398	81.01818	-1.8296484	52000	-3.3378602e-09	1096.6727	-0.013267743	-207.90149	0.921023	0.0072130766	0.0815	0.034374155309051274	0.008326666629410815	79.0	134.5182180404663
13	221.19531	12.0490885	246.03061	184.45282	98.5	72.3343	22.81183	85.510155	-0.19264805	56000	5.00679e-09	895.02075	-0.013840591	-179.31897	0.9149123	0.006589668	0.08725	0.0330723363161087	0.009690231936669035	79.0	144.65002512931824
14	224.58228	11.258965	243.64902	179.03204	99.825	74.92201	24.850983	89.76536	-0.5377743	60000	-7.2717667e-09	763.65155	-0.0125136115	-148.35645	0.9088915	0.006526455	0.077	0.03178479513153434	0.008195143844507419	79.0	154.8425590991974
15	220.0935	18.290958	264.84506	134.65399	98.025	78.487434	25.715128	93.70091	-4.9834714	64000	-6.5267085e-09	622.3657	-0.014386434	-110.86551	0.90737563	0.00956816	0.09625	0.030840938910841942	0.007882727661403466	79.0	164.85614562034607
16	217.98413	28.986917	266.20468	102.35339	96.87805	80.02266	26.558308	97.07292	-1.7507455	68000	-5.00679e-09	607.11566	-0.0051245163	-100.9241	0.9030826	0.015205932	0.21625	0.029885682091116906	0.0066197883725424575	5.0	174.48888611793518
17	226.09746	17.41825	267.34915	193.23521	100.30769	81.10717	27.97224	100.00239	-4.173122	72000	-1.4305115e-09	488.96506	-0.016547373	-104.87482	0.90389186	0.006092403	0.1035	0.030165478317067028	0.008176744285536445	79.0	184.49252462387085
18	226.51416	37.905357	309.69858	95.55215	99.875	83.814064	28.478529	102.99726	-4.9361196	76000	7.1525574e-10	657.6877	-0.019856067	-113.29401	0.8863788	0.007879074	0.1215	0.029906418453902007	0.008528829210460628	79.0	194.61001658439636
19	233.58353	51.453583	309.1212	36.27718	101.74359	86.43624	28.635342	105.69507	-4.9076147	80000	3.2782554e-10	728.5747	-0.0047406456	-122.066345	0.87537825	0.016152486	0.14675	0.03260776150971651	0.0091237717616605	4.0	204.27480602264404
20	275.16336	49.859932	341.48273	166.92845	118.969696	88.42428	30.86174	108.683685	-4.441036	84000	1.7881394e-10	1229.3552	-0.017475797	-271.4693	0.8738575	0.0056678364	0.08075	0.03157560267485678	0.009367809485755416	79.0	214.32072567939758
21	286.53326	31.358625	337.42935	192.93974	121.0625	94.34281	29.33302	112.77053	-0.5192208	88000	-3.4570693e-09	976.75916	-0.014771424	-213.0827	0.8664426	0.0088230735	0.097	0.031411439534276726	0.009937471071774269	79.0	224.41293334960938
22	285.67996	54.24158	342.4753	144.0779	120.181816	97.98009	31.508255	117.217766	2.032565	92000	1.192093e-10	1118.6615	-0.0057086586	-200.7107	0.8754496	0.016356425	0.185	0.032142729461193086	0.010096652337639261	5.0	234.0425899028778
23	299.93823	35.721867	380.86514	193.76016	124.96875	100.58837	31.739237	121.07267	1.3392167	96000	3.3378602e-09	854.942	-0.016145945	-203.71759	0.8743673	0.012962825	0.10925	0.032971758358180524	0.012403162949677464	79.0	244.35246086120605
24	302.58945	44.779045	337.58902	137.06514	126.58064	103.89526	33.472458	125.17443	0.7856003	100000	3.4570693e-09	793.5353	-0.016820708	-149.13354	0.8651413	0.009400131	0.11125	0.03543398797512055	0.012238100851119321	79.0	254.6547667980194
25	312.1976	30.706507	352.56885	217.74481	130.66667	105.13548	35.638027	128.93755	2.0506833	104000	3.8146974e-09	615.78754	-0.017228004	-150.60675	0.85795474	0.0110299	0.12675	0.03255999962799251	0.01459574387002071	79.0	264.94271898269653
26	323.29428	14.978142	351.28616	290.8905	133.0	106.92509	37.37591	132.6085	2.8862634	108000	-5.2452087e-09	495.03516	-0.016860811	-130.44965	0.8502275	0.0109867435	0.104	0.03780101604759693	0.015939231793286955	79.0	275.3415148258209
27	324.2297	15.02345	360.4147	292.796	133.26666	109.96439	38.902546	136.46828	2.0790808	112000	-2.7418137e-09	370.3438	-0.015296436	-86.14026	0.84221363	0.012141252	0.11175	0.03446376465260983	0.011050375211769506	79.0	285.50850558280945
28	326.97955	20.57318	366.5861	285.63644	132.66667	112.30582	40.096607	139.96155	2.4480534	116000	-2.6524067e-09	353.2065	-0.0028335706	-78.42456	0.847944	0.019166382	0.21275	0.03267239036038518	0.012228911640948671	4.0	295.3196177482605
29	330.50827	27.916235	380.32034	261.39178	134.68965	116.181694	37.785145	143.30176	2.9922407	120000	2.9802323e-09	458.0726	-0.0050516846	-115.44287	0.84696835	0.015245789	0.19975	0.03683989780023694	0.012926082962782472	5.0	305.42133116722107
30	341.9454	48.88672	383.88635	106.896866	135.75862	118.161285	40.933037	146.17902	2.2549908	124000	5.90086e-09	591.97235	-0.02257977	-136.95044	0.84719664	0.010358942	0.1375	0.038991478737443686	0.016183320144715446	79.0	315.6645665168762
31	356.31976	36.92657	429.13394	237.68712	139.28572	122.03499	40.191193	149.63255	1.4184604	128000	3.5762787e-10	596.0353	-0.02019516	-158.25424	0.83082545	0.011824735	0.13975	0.0425545415468514	0.01515153826817775	79.0	325.695072889328
32	367.32938	60.504253	595.7809	192.15747	140.82143	125.005	42.762306	153.35031	1.4065259	132000	-1.013279e-09	741.08246	-0.0035238098	-150.70923	0.8240951	0.016967155	0.194	0.04146774144843221	0.01559760345209705	4.0	335.3513355255127
33	402.90195	66.46587	583.3949	344.0585	146.96297	129.68936	42.26468	157.19171	2.9474916	136000	-4.4703485e-09	951.9636	-0.020575905	-255.06915	0.8234184	0.01192527	0.13075	0.04629535755142569	0.014976118537376334	79.0	345.3315062522888
34	403.9022	90.4753	606.7952	123.8164	147.25926	137.44742	43.636524	162.71481	0.7269466	140000	-6.437302e-09	1123.3552	-0.021715203	-245.2854	0.81122005	0.012744265	0.13125	0.049353564586490394	0.01655712967300882	79.0	355.4093089103699
35	453.6986	89.91881	632.2586	361.21216	159.76	139.99025	45.492672	167.67049	1.0638106	144000	-5.9604646e-09	1400.983	-0.022927787	-353.01233	0.8072987	0.011856685	0.14175	0.05176847269758582	0.017365297696944358	79.0	366.5200161933899
36	439.09366	99.64145	657.14105	233.02191	155.04	147.95357	45.872307	174.08163	1.281136	148000	1.01923945e-08	1252.1824	-0.023250563	-275.2663	0.7974235	0.013579508	0.12475	0.049322355594486	0.015666367639929735	79.0	376.601708650589
37	482.90686	103.20379	643.4259	364.0075	164.875	149.56412	48.71201	179.28343	0.2268064	152000	9.536744e-10	1266.5857	-0.022652525	-322.4355	0.7810128	0.013245158	0.1425	0.051546823903918265	0.018280177053306392	79.0	386.7577774524689
38	508.49976	119.4053	683.37885	164.55975	171.69565	158.69669	48.84823	185.57158	-7.610418	156000	-4.053116e-09	1569.134	-0.019072676	-254.78357	0.7720758	0.015092644	0.13375	0.05282399924471974	0.017024011875716064	66.0	396.85477471351624
39	511.5319	95.17199	655.994	328.09695	172.91304	163.9831	50.077057	191.44553	0.52131915	160000	6.1392784e-09	1454.1722	-0.021103768	-162.03442	0.7610827	0.014677859	0.13075	0.04627358512952924	0.016962177940052583	79.0	407.0687839984894
40	536.83905	76.29507	634.5975	360.60297	178.86363	165.25307	51.977005	195.7145	-4.496166	164000	2.1457671e-09	934.36005	-0.0048928047	-231.8357	0.75737315	0.01503463	0.2095	0.04712326120585203	0.015444016599309393	3.0	416.83796763420105
41	523.2724	96.85426	654.66583	337.3379	173.81818	169.02203	53.15393	200.84747	2.8499038	168000	1.5497208e-09	1053.91	-0.019441463	-142.31458	0.7569391	0.012571377	0.14875	0.04981731556355953	0.016484375921004105	79.0	427.39878487586975
42	560.6271	72.88709	664.68396	336.95813	183.14285	174.45999	53.39457	205.01111	3.3418906	172000	1.5497208e-09	1101.0314	-0.01999197	-169.58069	0.73543775	0.011087216	0.1405	0.05035588787868619	0.017648307099710363	79.0	438.1394612789154
43	514.5006	95.68802	650.7529	327.9743	171.30435	177.6717	55.485416	209.48433	1.6919739	176000	-1.2874604e-08	1107.957	-0.00429708	-79.15369	0.730608	0.017017892	0.1955	0.045836223755031824	0.016698386027473755	3.0	448.35833835601807
44	557.9343	99.791756	701.4122	354.05457	179.27272	179.37097	55.19527	211.61847	-17.848648	180000	5.4240226e-09	1336.2675	-0.023026746	-208.27502	0.7302041	0.011999018	0.15825	0.046737015228718516	0.017358542525949174	79.0	458.86592841148376
45	639.49475	129.16837	819.0762	367.00626	200.3158	185.24469	54.749935	215.18471	-11.047388	184000	4.768372e-10	1398.7083	-0.024733692	-370.29895	0.7303899	0.011152242	0.13975	0.05188639141619206	0.016847829265304957	79.0	469.3763701915741
46	665.99	99.90423	921.4981	521.86035	209.0	192.88585	55.595634	222.17824	6.836375	188000	-4.7683715e-09	1157.4307	-0.02121068	-297.78442	0.73000467	0.00980634	0.13275	0.05032068407163024	0.015283684502430743	79.0	480.45697474479675
47	624.3852	82.54112	767.6692	454.30045	195.8	195.65956	56.108948	228.0373	2.3606203	192000	-9.536744e-10	768.37976	-0.020616157	-206.70056	0.7248622	0.01180271	0.11675	0.047962389104068276	0.01556457329011346	79.0	491.0897042751312
48	678.7944	191.10603	1021.26196	357.80884	214.44444	201.03665	59.356663	232.0142	-3.2531962	196000	-1.180172e-08	1500.189	-0.0027961046	-243.58887	0.73098046	0.016330866	0.18225	0.0476417750492692	0.01280214786526212	3.0	502.2468605041504
49	625.72284	140.61969	913.5132	280.782	198.95	202.67166	58.7435	236.35487	1.3126931	200000	-7.390976e-09	1271.875	-0.019740207	-295.9984	0.73048306	0.0138077205	0.12775	0.04542538665235043	0.014311379750435851	79.0	514.026923418045
50	593.5707	179.50415	833.1719	166.30353	190.4	204.83833	59.867657	238.68732	5.7102222	204000	-3.9339065e-09	2398.0305	-0.021351421	-227.62598	0.72970563	0.008396162	0.14725	0.044164793994277717	0.014255689766718604	79.0	524.4419062137604
51	689.0559	120.54436	873.27295	465.77283	217.16667	200.20793	61.69387	238.71252	-2.7983382	208000	-4.7683715e-09	658.4912	-0.024116289	-172.57385	0.7209834	0.011242856	0.13975	0.03996449721977115	0.012884462023916798	79.0	534.9171676635742
52	620.7847	66.08892	745.74426	502.46124	194.15	199.60085	64.9629	242.2116	-8.590878	212000	-5.185604e-09	279.66504	-0.02262431	-68.35748	0.71848834	0.013289373	0.14075	0.039945522844791415	0.012771401597809368	79.0	545.9236769676208
53	749.3854	122.71761	1041.0985	610.601	234.4375	208.43028	61.99336	244.28018	1.9634233	216000	-2.9206275e-09	713.2141	-0.020143125	-190.76587	0.71240634	0.005625175	0.1255	0.03794878788292408	0.013554951861208397	79.0	556.4719648361206
54	740.4835	161.52444	1145.1998	373.7761	237.25	217.69493	59.211697	248.87747	-19.115356	220000	2.0861626e-09	938.5871	-0.020306315	-293.71436	0.6938715	0.0066867787	0.127	0.03883435910567641	0.01188903762487106	79.0	567.1610288619995
55	750.9693	148.15036	1032.9893	398.55054	233.94118	210.83357	65.20944	251.80247	-2.7099457	224000	-2.1457671e-09	1180.5837	-0.02263699	-207.35657	0.6837273	0.011307881	0.128	0.037975474651902916	0.012141393696462414	79.0	578.6717455387115
56	752.07404	158.24246	1110.8348	586.72406	235.29411	215.7546	66.10122	254.55415	-9.645227	228000	5.00679e-09	564.2966	-0.026351571	-145.76093	0.6824365	0.0059761824	0.12775	0.03936085319146514	0.010710511458215487	79.0	589.2591052055359
57	811.10455	112.13231	1051.8218	646.59625	250.86667	221.63857	63.215023	257.32104	5.463458	232000	-4.172325e-09	528.40796	-0.022696061	-152.29007	0.6795492	0.015168459	0.12975	0.04294365413486958	0.013116823267656437	63.0	599.9458224773407
58	793.94476	230.87791	1190.2655	157.53778	249.8	225.1433	61.935352	261.37402	5.287747	236000	1.3113022e-09	1420.9387	-0.0198551	-184.2378	0.6736515	0.007009102	0.132	0.04001174146309495	0.0121719833033081	79.0	610.3070704936981
59	937.03265	192.79068	1375.0391	611.7579	293.30768	226.98967	62.576687	263.60754	5.1179924	240000	-8.106232e-09	702.7633	-0.02318464	-216.25546	0.6723392	0.006076492	0.134	0.0425191362388432	0.01373827326261164	79.0	620.664067029953
60	813.1329	203.5513	1346.82	497.94406	251.26666	227.09355	68.19743	267.82114	2.0542848	244000	1.1444092e-08	409.18015	-0.022510547	-89.62445	0.6656716	0.0102487	0.14775	0.04124094102531672	0.011229820850011904	79.0	631.0265026092529
61	858.0853	146.76057	1199.9719	615.2223	262.73334	226.24628	67.76016	270.77	2.3314116	248000	2.7418137e-09	389.37677	-0.025407765	-106.26163	0.6608027	0.011047534	0.15125	0.040487451460212466	0.012609245434788427	79.0	641.6807329654694
62	866.1764	222.85934	1121.1804	171.0194	266.66666	234.1595	66.38386	274.04294	1.640594	252000	-3.5762787e-10	1117.5441	-0.017464267	-91.33972	0.6458818	0.006773648	0.11675	0.037940301932394505	0.011743116041623107	79.0	652.1540403366089
63	829.1759	135.9868	1158.7786	657.45917	252.73334	231.04845	68.919395	276.7128	-2.8506823	256000	-4.768372e-10	277.29465	-0.024076153	-82.22572	0.64198834	0.007808495	0.127	0.03832275073975325	0.010663328564179907	79.0	662.46444439888
64	967.3695	152.80014	1331.4603	772.8104	295.07693	238.6909	66.05859	278.72806	4.443169	260000	-3.9339065e-09	432.34027	-0.011095908	-104.79474	0.63193357	0.015213169	0.11575	0.03773204687051475	0.012302437946047674	11.0	672.8872964382172
65	899.54755	255.71695	1594.9675	623.5083	276.42856	240.74117	68.97587	282.0933	3.2914076	264000	-4.053116e-09	613.99005	-0.019273357	-181.39963	0.6249506	0.0024505924	0.1165	0.03589417165145278	0.010168915511021785	79.0	684.4847457408905
66	926.16364	352.681	1900.5686	289.5135	286.92307	243.10997	67.69643	283.81006	-0.9161887	268000	-4.4107438e-09	1100.7828	-0.0032289815	-246.1192	0.62541866	0.01864969	0.263	0.03754398807883263	0.010998712627420503	3.0	694.894052028656
67	802.31067	411.19717	1527.5243	158.61716	261.66666	244.8451	64.819244	285.7914	0.4292698	272000	-1.704693e-08	3970.5342	-0.004394844	-1219.8208	0.6251592	0.015411485	0.2025	0.03740429626777768	0.012107410536783166	4.0	704.9715683460236
68	825.68225	308.64444	1326.7006	199.34431	263.7857	232.45744	59.53256	285.0301	9.706717	276000	9.059906e-09	2904.1685	-0.00464765	-379.375	0.625082	0.015340197	0.20625	0.03699539763852954	0.011890023661890287	3.0	715.2008125782013
69	807.43835	117.131004	998.0052	621.9822	245.0	223.22096	69.31791	284.99304	8.364016	280000	-1.4305115e-09	349.57614	-0.02151383	-248.81708	0.6249476	0.009398237	0.1255	0.03677099207416177	0.011701495999358201	79.0	725.6158907413483
70	816.1279	105.27197	1067.3744	658.4422	247.375	231.43542	72.413025	287.1409	-0.25183773	284000	-1.9073487e-09	172.91394	-0.021732358	-43.134766	0.61837363	0.011172909	0.11675	0.0342705586925149	0.010167575626278335	79.0	736.2619752883911
71	892.1313	159.5762	1184.5648	635.05383	271.7857	244.09097	68.28354	288.46747	0.74892855	288000	-3.8146974e-09	1094.6676	-0.0138576515	-58.622803	0.60718524	0.015116582	0.122	0.033586471993476155	0.011795826107282657	65.0	747.1926679611206
72	889.9831	220.93637	1343.2198	579.4817	276.35715	245.18991	66.829285	288.5846	0.48039865	292000	-3.0994416e-09	1977.3237	-0.016967768	-157.35706	0.61379075	0.0060732868	0.151	0.033226468274369834	0.012486976588154843	79.0	757.6576161384583
73	847.66077	152.98433	1154.6688	599.4199	259.4	233.79335	68.73856	285.7665	-0.7773323	296000	2.384186e-10	488.6523	-0.023615884	-144.40656	0.6016627	0.015115536	0.1555	0.03306614391505718	0.011989787435042634	68.0	767.9501900672913
74	940.90894	246.55626	1588.8578	573.7998	299.6154	247.8253	64.39254	287.39	-0.8924465	300000	1.1920929e-09	2108.9622	-0.014640287	-416.56384	0.5919294	0.007577232	0.153	0.03463163131847977	0.012519857786462613	79.0	778.531571149826
75	934.4125	212.39682	1497.8572	682.85767	284.14285	231.57315	64.68863	284.13782	1.9072499	304000	5.722046e-09	497.506	-0.023328856	-315.2611	0.60442185	0.015129685	0.13275	0.029153522150591017	0.009440796803754106	70.0	789.14284491539
76	1003.6487	236.73262	1433.9131	602.59644	312.41666	247.88925	67.09783	288.38715	-5.1309233	308000	-7.867813e-09	400.05786	-0.020456485	-136.1706	0.60159874	0.015030195	0.13175	0.030966611681506037	0.01000688792843499	56.0	799.6254329681396
77	1041.6747	180.89415	1353.2079	669.0777	318.41666	242.9389	67.39479	290.29636	-4.467608	312000	-2.1457671e-09	388.77942	-0.025720125	-157.50415	0.5996973	0.014087536	0.1605	0.030175444819033146	0.00811746014238853	79.0	810.7850604057312
78	1162.1196	611.3579	2554.9983	562.518	362.9091	254.88672	64.61578	293.18814	3.9900727	316000	4.529953e-09	806.3467	-0.022657102	-206.18823	0.5866045	0.013278709	0.15125	0.03110901259817183	0.009032362428587945	79.0	824.358648777008
79	1042.3612	320.56122	1791.6595	752.0264	325.58334	246.29025	70.05982	295.6731	-8.632844	320000	-8.881092e-09	476.61597	-0.020962756	-147.50287	0.5827353	0.008056435	0.13975	0.030071874484419822	0.008918366655323156	79.0	835.5680377483368
80	1094.591	214.98073	1488.5208	811.13153	329.18182	250.7682	67.56052	295.68652	0.09974527	324000	-9.536743e-09	324.04242	-0.02458463	-141.36464	0.5756061	0.013240369	0.14775	0.03133565438911319	0.008228694325356039	79.0	846.6913106441498
81	878.0442	179.32538	1238.8279	588.9566	264.93332	244.91464	73.02284	299.8152	7.3375497	328000	1.7523766e-08	285.61176	-0.023803668	-91.71973	0.57093257	0.014603258	0.14425	0.0312982958368957	0.008846138191614046	79.0	857.7827935218811
82	925.168	253.0741	1484.043	585.3744	279.57144	247.44376	71.048935	300.3202	0.06214094	332000	3.0994416e-09	458.15625	-0.02414413	-183.63745	0.5568607	0.013365516	0.14225	0.030607805037871003	0.008486155687390766	79.0	868.9123260974884
83	1046.82	237.61963	1551.1019	725.35486	314.58334	249.89864	71.19062	301.84695	1.277257	336000	9.536744e-10	211.27737	-0.025729898	-91.058365	0.54671	0.009921089	0.166	0.026278703212738036	0.006955307876593076	79.0	879.8554408550262
84	1057.0385	258.9533	1708.5973	698.17004	320.83334	256.51926	71.817055	303.68198	1.4065666	340000	-1.3589859e-08	267.49405	-0.022107882	-76.0963	0.52273333	0.015051902	0.16375	0.02705279104411602	0.00796557329984482	45.0	890.727600812912
85	1040.2783	719.2612	3169.228	280.62607	315.58334	256.27563	67.97477	304.94183	-1.322536	344000	-7.152557e-09	2150.302	-0.0032495738	-351.36804	0.5109527	0.021444509	0.25875	0.029012578343972563	0.009088934726682606	3.0	901.2670178413391
86	1283.5312	384.7974	2085.4026	603.46246	414.55554	267.97455	61.631958	306.91843	2.5385375	348000	1.990795e-08	1751.5114	-0.0044736415	-530.022	0.5107282	0.015547062	0.2135	0.02710342883132398	0.007849739768601961	5.0	910.8673493862152
87	1123.3829	509.9941	2562.6467	648.4078	354.3	253.01901	65.44299	304.70242	-0.8862963	352000	-4.887581e-09	848.5132	-0.024840964	-287.30023	0.51091725	0.013731593	0.171	0.029795651100575925	0.008593827783043987	79.0	921.1779961585999
88	1154.5286	745.3642	3074.4844	281.33057	373.2	266.16394	52.19487	306.91116	4.7041254	356000	-6.0796737e-09	2860.0842	-0.0054542553	-564.0891	0.5032013	0.020541657	0.28725	0.026148728681728243	0.008365615223028767	3.0	931.0667793750763
89	1709.5529	487.79	2705.2156	1120.9716	561.2857	253.65483	53.705948	305.00317	0.91755486	360000	-3.9339065e-09	874.3225	-0.021375863	-407.9329	0.5021657	0.008391201	0.1505	0.03004853131249547	0.009051228377939048	79.0	941.7232933044434
90	1184.0856	432.0251	2261.1826	736.0932	396.55554	253.31464	63.869595	305.7938	-4.426492	364000	1.192093e-10	855.2058	-0.02614923	-273.19507	0.4958122	0.0136674605	0.1745	0.029882418876513838	0.009917837474563028	79.0	952.2003059387207
91	1937.098	461.28424	2478.8176	1289.303	664.3333	255.78932	50.628708	305.62146	-8.477411	368000	1.1086464e-08	471.91345	-0.02717569	-181.27548	0.48393798	0.010084288	0.16175	0.029695585006847977	0.00932817791613926	79.0	962.3923993110657
92	1486.9714	416.43353	2150.511	923.4372	473.625	252.55774	61.991905	304.89517	-9.854591	372000	6.6161157e-09	388.8146	-0.025911411	-245.68503	0.47786626	0.010934753	0.17025	0.028196560237556696	0.008810597226977874	79.0	972.5796184539795
93	1684.8611	597.2086	2661.415	573.41583	562.0	272.75946	50.318638	307.3854	7.079024	376000	-1.1324882e-08	2384.7495	-0.01622098	-470.58423	0.46407455	0.009038762	0.18175	0.027097034342586993	0.008695625612655421	79.0	982.9412577152252
94	1347.0927	529.0716	2302.3228	328.4644	440.33334	258.24628	57.494385	304.26917	5.463117	380000	-2.503395e-09	2216.0696	-0.017624186	-357.77893	0.470417	0.006994648	0.14	0.027011175556108356	0.00855975604321332	79.0	993.3971540927887
95	1860.3134	444.3955	2500.7637	1083.5712	569.1667	270.54593	54.918556	302.1203	-3.2496371	384000	0.0	918.6324	-0.024132617	-522.974	0.4709209	0.015063824	0.18375	0.026381490230560304	0.008276772432219796	61.0	1003.4775648117065
96	1661.2787	729.12103	2954.754	856.0625	560.6667	277.59543	59.826805	311.57037	8.201281	388000	1.7285346e-09	714.3604	-0.022829778	-490.65637	0.4664408	0.008077184	0.12825	0.026052099410444497	0.007664253683108454	79.0	1013.7881722450256
97	1388.4276	570.4722	2309.3647	695.23004	463.5	259.31436	54.97535	310.01733	5.815526	392000	9.775162e-09	1405.7479	-0.019580232	-345.94983	0.47128743	0.0062262905	0.16125	0.024093945072963835	0.006833244068492092	79.0	1024.2091708183289
98	1734.0653	683.8453	2960.1113	666.1173	558.4286	265.01337	57.143356	306.91858	0.06167364	396000	-1.4722347e-08	774.6311	-0.025938252	-366.57727	0.47606152	0.014310498	0.17175	0.025113000497221948	0.008777244937142947	79.0	1034.3300561904907
99	1108.8561	729.99786	3126.147	632.3304	352.0	263.69058	69.025566	308.79855	2.5400634	400000	2.1457671e-09	574.64825	-0.022582928	-174.99661	0.47784227	0.009792587	0.15225	0.024905791319906712	0.006292652039107285	79.0	1044.470314025879
100	741.7913	242.62872	1647.5383	642.2219	231.6	241.92534	71.194695	308.60568	0.09190798	404000	1.1920929e-09	1408.2096	-0.020270465	-563.79846	0.46912086	0.011137329	0.18075	0.024650768544524908	0.006972297040016378	79.0	1054.6624159812927
101	1176.1448	828.566	2915.839	607.43616	390.7	248.94395	59.142155	306.6119	6.859352	408000	2.1457671e-09	386.8858	-0.0021782233	-214.97223	0.46346912	0.016526751	0.2125	0.02392639887519181	0.007244549162485001	2.0	1064.4933366775513
102	1297.1469	726.8368	2434.8062	590.2886	399.2	251.72847	67.222786	306.93988	-7.163032	412000	-8.523465e-09	1012.1286	-0.021084063	-595.8941	0.46332154	0.015253535	0.137	0.023423540769144893	0.006739409563222378	52.0	1074.6520853042603
103	1778.2537	842.77966	3178.3347	913.2852	556.8571	281.80057	57.79511	311.8191	11.138433	416000	-8.3446505e-10	536.03625	-0.023968257	-157.08282	0.46076787	0.009019884	0.1755	0.024501401875168086	0.008520259346568807	79.0	1084.8466897010803
104	2557.423	568.45026	3203.282	1727.0885	796.4	292.42444	48.1306	314.8279	-6.7106047	420000	4.2915342e-09	274.015	-0.017285684	-152.10387	0.45365804	0.0150881065	0.138	0.023098571794107556	0.006164190737225709	42.0	1095.0481379032135
105	1301.6389	637.5043	2843.4885	660.1087	393.0	269.99454	73.19915	320.4383	4.3969965	424000	-5.4836273e-09	355.4526	-0.02430849	-171.86363	0.44961685	0.009530777	0.16425	0.023292686687782407	0.006695366448639397	79.0	1105.0958123207092
106	1591.9819	718.07684	2644.328	682.89166	476.75	276.54364	68.94486	321.7198	-0.8137846	428000	-4.887581e-09	257.54608	-0.026561242	-83.333954	0.43860635	0.012081223	0.1825	0.022145605934783815	0.00658226220602123	79.0	1115.3669493198395
107	3181.9592	38.60876	3236.2637	3138.8264	999.75	318.3535	11.401909	323.8727	252.4359	432000	9.6559525e-09	1351.2745	-0.003940335	-318.72546	0.4346966	0.015312641	0.19125	0.02185989700257778	0.0060889717673521665	4.0	1125.064623594284
108	1914.142	906.9832	3245.7522	688.4727	590.8333	300.23102	50.08272	327.12344	-0.16209793	436000	-4.23193e-09	253.84624	-0.027672254	-155.6568	0.43476644	0.013936554	0.1655	0.020140749281272293	0.004902923597403096	79.0	1135.3241770267487
109	2362.73	918.323	3198.5627	1149.0656	729.6	305.2675	50.152332	330.81372	-2.5230975	440000	-1.6570091e-08	153.8913	-0.023812706	-67.308235	0.44267482	0.013906655	0.1765	0.020100824828259648	0.005216301765611048	79.0	1145.7172672748566
110	1615.8489	982.7905	3311.9006	687.2912	489.125	285.83316	67.97145	330.98642	5.08481	444000	9.059906e-09	319.32745	-0.024571806	-134.34937	0.44519055	0.010629548	0.15825	0.020897519579157232	0.006946926187726399	79.0	1156.0288836956024
111	1505.9558	903.8447	3105.0015	695.96545	444.33334	277.74493	73.83461	329.93076	-1.9347963	448000	-1.2397766e-08	285.84985	-0.017552119	-79.80185	0.43524024	0.016142538	0.15925	0.019270919105038045	0.0065755717518989	25.0	1166.2909746170044
112	1346.1327	669.5335	2464.8538	568.91736	395.0	277.84424	75.81388	333.36154	-4.657872	452000	-4.351139e-09	227.68839	-0.025463011	-66.13176	0.43428618	0.010724975	0.17	0.019776527965441347	0.005401780545378163	79.0	1176.468691110611
113	1770.2936	884.43414	3219.3193	647.00793	533.8333	303.1137	58.224304	334.7772	10.0834	456000	-1.5452503e-08	170.06435	-0.022492364	-77.85812	0.42746225	0.0070951353	0.1415	0.02117686264682561	0.00626467276664743	79.0	1186.7894468307495
114	2081.636	1021.835	3304.9968	894.2155	626.5	307.35876	58.58998	335.69003	-14.384682	460000	8.5830685e-09	145.01375	-0.022180475	-52.442093	0.42513528	0.015010595	0.18125	0.019744839612394573	0.005396406029561737	48.0	1196.8224198818207
115	1797.13	625.55743	2744.377	679.34973	523.5714	290.3234	68.63208	338.6737	12.610293	464000	-7.1525574e-10	124.720795	-0.0046182247	-75.73385	0.42530063	0.015084566	0.20725	0.017859564647078514	0.004666257053784787	3.0	1206.665108203888
116	1293.3129	468.8932	2249.8147	839.5444	381.9	282.243	76.75992	340.62283	1.7450604	468000	-4.768372e-10	249.30276	-0.022794995	-128.98528	0.42546353	0.010342169	0.13525	0.01882758630439639	0.006359186673268618	79.0	1217.0122406482697
117	1588.9769	757.31195	3338.19	925.62744	469.0	289.46573	67.69111	339.77612	5.2674055	472000	-1.0490417e-08	117.7177	-0.023145346	-44.965225	0.42709097	0.011421404	0.13425	0.018033731589093806	0.005147751827228491	79.0	1227.31010055542
118	1396.6609	677.2413	2786.606	684.3926	417.375	291.65582	72.97435	341.48434	1.5208027	476000	-1.9073487e-09	189.72382	-0.026005179	-59.60742	0.414084	0.01430612	0.162	0.0173855213355273	0.004545346489150126	79.0	1237.5947222709656
119	1609.0226	717.1696	3239.5151	923.92773	486.42856	300.692	60.38635	340.292	3.000276	480000	-5.4836273e-09	1525.1593	-0.0045995167	-321.922	0.41434476	0.019457009	0.21	0.01867217116057873	0.0064408256476863905	3.0	1247.4857313632965
120	1751.4244	703.28186	3276.3918	1136.132	522.1429	294.00632	63.79972	338.84305	-0.823411	484000	1.0251999e-08	163.77293	-0.024597023	-94.0889	0.4140889	0.012826041	0.16225	0.01705925633199513	0.005478263914184451	79.0	1258.2674765586853
121	1580.818	779.4721	3398.8064	904.09216	465.875	289.87454	70.04749	342.9897	0.23937559	488000	-1.3828277e-08	157.41853	-0.024850698	-58.23237	0.40504268	0.013953792	0.1585	0.01671549938619137	0.005314437356391822	79.0	1268.3294486999512
122	2690.0532	961.0538	3333.4067	830.5576	796.0	317.88116	48.22031	344.39474	1.5942836	492000	4.23193e-09	77.303215	-0.021918198	-43.663105	0.39823827	0.015001064	0.1735	0.01749880091752857	0.005114181453504577	50.0	1278.0305030345917
123	2966.4407	513.66724	3287.0393	2077.1497	904.0	330.58698	31.730616	344.3382	16.912727	496000	-1.7881394e-08	43.93114	-0.024815846	-23.642927	0.3942241	0.011363613	0.171	0.017203617072664202	0.005481295567983056	79.0	1287.8403346538544
124	3202.555	56.214878	3275.3877	3124.7366	1000.0	332.61307	14.901876	343.60968	254.22278	500000	4.7683715e-09	65.623	-0.0039951634	-27.707638	0.37836963	0.018353911	0.20725	0.01585984852630645	0.005520465200151412	2.0	1297.3006870746613
125	996.17914	96.61172	1183.2948	838.08704	290.69232	266.61246	79.14401	343.2931	3.794536	504000	2.9802323e-09	205.38716	-0.024863498	-166.58902	0.3781333	0.011225666	0.14225	0.01623121882788837	0.005184873859928996	79.0	1307.2571549415588
126	982.3165	238.97295	1676.7009	759.85724	289.23077	257.5881	76.64787	339.8413	-3.2182922	508000	-2.3841857e-09	140.56322	-0.025875023	-39.835045	0.38350004	0.010808622	0.18725	0.01577921086922288	0.004824835845527538	79.0	1317.0951657295227
127	1012.3415	245.3706	1706.9222	666.2625	299.0	260.85147	76.994606	337.1362	0.5687313	512000	7.390976e-09	120.61034	-0.026508028	-45.61712	0.360912	0.014624507	0.19025	0.015636706254445017	0.005309850398378553	79.0	1326.8908185958862
128	2083.9768	635.25836	3267.305	1446.4983	618.1667	299.0628	61.12812	342.89374	8.498747	516000	-6.437302e-09	93.78656	-0.012077631	-59.41347	0.35516143	0.017230576	0.1505	0.014402785138227046	0.004953436760024792	11.0	1336.438271522522
129	1863.7325	959.3151	3200.8147	949.5274	575.5	318.37338	48.128784	343.97733	-2.699246	520000	-2.18153e-08	1723.9838	-0.0054962365	-578.516	0.34998214	0.020923167	0.24575	0.014991762237623335	0.004372821156206277	4.0	1345.7740051746368
130	2685.1436	1069.0842	3329.2756	833.7866	812.25	315.12982	29.877369	337.61325	7.2479715	524000	-4.4107438e-09	335.76562	-0.019410297	-249.20105	0.34833446	0.015006734	0.14	0.01572854624595493	0.005039817664080904	53.0	1355.4620027542114
131	1533.4607	1004.54443	3289.7954	664.3156	462.0	302.32678	64.947044	341.17783	7.8105454	528000	-2.8252602e-08	118.696556	-0.020737747	-68.75913	0.34310758	0.012093613	0.1505	0.015174389285966754	0.004751112796150466	79.0	1365.42480134964
132	2659.4158	1026.6276	3265.5703	881.3124	816.0	326.90207	32.68359	340.77756	-2.4005733	532000	9.417534e-09	44.092964	-0.022642985	-16.325851	0.33560684	0.014522562	0.16325	0.013947854228317737	0.004713912471309075	79.0	1375.3075635433197
133	2585.855	739.1414	3232.1772	1420.9735	816.25	329.5993	15.126725	340.62796	249.0652	536000	1.0728836e-09	2840.5608	-0.0073468136	-756.03687	0.33684328	0.01773938	0.23825	0.014807126400992274	0.005456711464148529	11.0	1384.7670831680298
134	1765.9313	712.243	3267.569	874.16254	521.0	285.26657	62.07447	334.32578	5.649374	540000	-9.059906e-09	354.85983	-0.012748369	-310.79007	0.33604166	0.015153369	0.1155	0.013653013426810502	0.004387690393901092	17.0	1394.4773807525635
135	1600.0099	775.6819	3087.0852	809.9679	472.2857	297.63437	67.92592	340.00015	4.6749387	544000	9.059906e-09	153.28087	-0.02451308	-69.66838	0.337159	0.010522234	0.16	0.01418551493436098	0.005299751264194877	79.0	1404.3720207214355
136	1693.6616	1104.7402	3236.5293	674.15594	516.8333	311.326	55.80956	340.12033	6.7944393	548000	6.0796737e-09	181.65536	-0.022548147	-68.358665	0.33446044	0.015390555	0.1585	0.014474035236053168	0.004809361095003184	76.0	1414.4655203819275
137	2276.9233	548.1013	3279.5315	1849.7172	674.6	307.08124	53.626915	339.61008	9.083685	552000	3.5762786e-09	152.4831	-0.020913506	-104.24596	0.3470612	0.015000769	0.15825	0.014069857746362687	0.004754787826976762	41.0	1424.1904666423798
138	1644.9635	1044.6768	3324.6914	665.0756	489.75	301.1738	66.066734	341.09674	7.561663	556000	1.3113022e-08	128.94896	-0.018737437	-54.50289	0.3446426	0.015179831	0.15475	0.013948590951040387	0.004470447866696004	39.0	1433.9067950248718
139	1521.2312	963.2201	3197.536	404.7606	460.25	301.13614	64.6026	341.79474	-21.355461	560000	8.940697e-09	1308.6173	-0.0054031117	-509.42163	0.339403	0.015026184	0.2045	0.015187922334298491	0.004645764830691876	4.0	1443.534431219101
140	1336.1036	945.4214	3281.031	653.6115	397.33334	281.98837	73.99953	340.90887	-4.982392	564000	9.179115e-09	222.67516	-0.005413516	-153.32669	0.33878356	0.015818117	0.21275	0.013824318763799965	0.004369674227809994	6.0	1453.1967251300812
141	1173.0571	411.81442	2258.5793	630.63617	343.27274	274.44614	77.38366	340.66116	1.2188458	568000	1.5497207e-08	232.91896	-0.017322343	-130.04665	0.33694172	0.015746018	0.17775	0.013107061204500496	0.005093933390057399	22.0	1463.0346100330353
142	1084.0476	219.59944	1684.8252	809.3001	314.5	262.1876	76.66796	339.0043	-0.94772243	572000	-2.7358531e-08	109.57687	-0.0271356	-47.516296	0.33141112	0.01357098	0.19325	0.014228216605260968	0.0052545007322405265	79.0	1472.9345445632935
143	1032.38	311.51263	1767.9601	618.34863	304.92307	263.30838	77.9748	339.35873	7.540863	576000	9.179115e-09	201.09778	-0.023459056	-108.05224	0.3294141	0.011086704	0.1555	0.012474612900987267	0.004213408787712469	79.0	1482.788310289383
144	1375.6797	515.5212	2289.3071	896.61035	401.1111	278.633	73.47097	339.53867	-4.2898293	580000	-2.0742416e-08	111.012375	-0.02218378	-33.402206	0.32468513	0.010364902	0.15075	0.013456930504180491	0.0041713792645604935	79.0	1492.6994049549103
145	1724.7812	665.33636	2767.8718	906.7075	499.14285	292.66125	69.27355	341.59924	8.187786	584000	4.053116e-09	55.91394	-0.02559429	-28.825832	0.32013643	0.014261256	0.15325	0.011898096180520951	0.003428102804200403	79.0	1502.68212890625
146	1405.7537	360.1876	1825.3171	902.65015	411.1111	286.62143	74.37911	344.23077	-10.01857	588000	-1.001358e-08	116.80558	-8.921146e-06	-23.349144	0.31108525	0.015259091	0.21125	0.011621529329568147	0.003882567991841106	2.0	1512.3201603889465
147	3137.162	72.974655	3189.373	3011.2336	982.25	330.19482	32.63372	344.53952	15.514448	592000	-2.9802323e-09	240.99231	-0.022852978	-146.27599	0.31087372	0.010643945	0.14975	0.01440927228424698	0.005682616189959703	79.0	1522.2889642715454
148	3208.545	7.7778077	3217.7656	3196.6948	1000.0	325.38193	13.692201	340.6949	249.56363	596000	1.9073486e-08	38.780083	-0.0037537517	-22.071743	0.28921846	0.015243993	0.22625	0.01410040439106524	0.004551528682681428	2.0	1532.0460095405579
149	1595.8083	581.43994	2730.3164	885.5946	461.625	279.8142	71.43845	340.57376	-0.5586276	600000	-8.5830685e-09	318.80118	-0.011854815	-276.94278	0.28930745	0.0150066875	0.166	0.013051633089780808	0.004527137437700359	13.0	1541.7705221176147
150	1652.4375	1069.0845	3458.0254	581.44	481.5	293.99738	69.86657	344.02478	-5.6758804	604000	1.6689301e-09	108.385216	-0.022466853	-46.748325	0.2897954	0.01048909	0.16275	0.01200100285001099	0.0037094386716270003	79.0	1551.8267669677734
151	2042.1136	421.82687	2856.6038	1511.3755	592.3333	305.79932	68.223564	346.14273	6.816202	608000	7.2717667e-09	100.656586	-0.025196629	-36.45114	0.27603075	0.012995893	0.152	0.012521040039137005	0.004391586572907397	79.0	1561.998333454132
152	1494.1847	787.6498	3332.4124	640.473	435.25	296.31052	68.70085	344.87384	0.43058777	612000	-1.45435335e-08	71.713745	-0.022205817	-30.309822	0.2769471	0.010633204	0.16175	0.012348755816929043	0.004134966776393241	79.0	1572.0760869979858
153	3153.8374	244.95969	3321.474	2731.4194	946.0	333.05484	32.301395	345.8048	3.2115057	616000	-1.26361845e-08	29.645037	-0.004041226	-8.958111	0.26458716	0.018025473	0.22625	0.011040181536227465	0.0035345915833173516	6.0	1581.7866230010986
154	961.9303	149.41783	1433.328	781.14734	284.0	269.56894	80.9316	345.17465	2.0300941	620000	1.5735626e-08	484.88272	-0.024714751	-397.71448	0.26441625	0.011201609	0.15	0.010996339924167842	0.004383047165276744	79.0	1591.8444292545319
155	1081.7623	204.03806	1491.9331	804.23553	315.83334	259.48257	73.64513	340.0938	1.869617	624000	2.3841857e-09	161.10529	-0.007913152	-65.59972	0.26364338	0.015611223	0.19025	0.011171487425453961	0.0043993633430201694	8.0	1601.6174261569977
156	1317.61	226.82756	1738.7932	1004.1164	386.5	276.88043	75.24746	343.1117	-0.6583071	628000	7.629395e-09	120.07585	-0.0091773495	-61.36976	0.26281422	0.016609	0.14725	0.011902179452590644	0.004691094475362145	7.0	1611.2331137657166
157	2879.3496	671.8758	3346.8062	1726.8859	851.75	320.3407	44.965893	344.02325	9.232126	632000	7.152557e-09	67.78481	-0.024283327	-53.71545	0.26057282	0.00950681	0.17225	0.010755744734779001	0.003920308791787266	79.0	1621.1838388442993
158	1989.3696	781.70026	3302.1829	1066.3049	584.8333	311.97406	60.19127	345.7303	-2.0202155	636000	-8.106232e-09	50.401127	-0.016065095	-20.542068	0.23844804	0.015074399	0.15375	0.011794837974011898	0.0050799082662162124	26.0	1631.0181338787079
159	3239.3213	15.723038	3252.0151	3212.492	1000.0	338.17426	14.116895	346.21338	255.26012	640000	1.5377998e-08	48.54932	-0.00054839527	-29.748358	0.23506789	0.020396572	0.21625	0.012726461701095104	0.00468611589411173	2.0	1640.6564860343933
160	980.7353	102.16153	1172.2362	894.1672	290.0	262.18793	81.2228	344.09988	1.1808372	644000	6.0796737e-09	178.03883	-0.024762614	-116.28316	0.2353268	0.011491122	0.13875	0.011476626885123551	0.0038197289334063063	79.0	1650.6990432739258
161	1255.7213	307.0766	1699.5885	914.5778	364.9	269.1654	73.95102	340.82828	2.1568074	648000	1.3232231e-08	197.03528	-0.023427932	-145.52448	0.23173976	0.013884991	0.14	0.010857804247643798	0.0041337509546858185	79.0	1660.7108082771301
162	1431.7288	299.83987	1733.3339	920.6002	415.33334	283.2877	74.29529	344.7142	0.17689133	652000	2.8729438e-08	51.385445	-0.02384953	-12.383331	0.23871043	0.01541773	0.165	0.012164251492358745	0.004771349513457632	61.0	1670.7940306663513
163	2146.1401	661.43024	3323.7053	1351.816	628.6667	308.30835	60.15127	345.25934	2.9347467	656000	-2.5868415e-08	42.721256	-0.01891742	-19.568604	0.2259297	0.015054675	0.1355	0.011224790019914508	0.004432228841556849	33.0	1680.6794917583466
164	2531.6733	752.2787	3292.5251	1199.3602	741.8	316.8833	58.31489	346.38867	-3.5012898	660000	-1.9550324e-08	23.580103	-0.02017402	-6.8718185	0.21824056	0.009799452	0.13875	0.010551707926206291	0.0042225580570676826	79.0	1690.6937537193298
165	3281.934	24.562296	3307.02	3249.7234	1000.0	338.3169	13.776681	346.10175	255.66054	664000	7.987023e-09	24.068378	-0.020215953	-4.9164925	0.21996775	0.005915738	0.1395	0.011011582487262785	0.003885093926834652	79.0	1700.88188123703
166	2476.7349	1042.9454	3391.2083	1199.6918	738.8	321.90625	49.582916	345.2158	5.2632504	668000	-1.3113022e-08	46.482983	-0.021700175	-27.079693	0.2176782	0.011909691	0.15325	0.01086975451093167	0.0036347668728210335	79.0	1710.923178911209
167	1879.2115	868.61926	3301.4138	941.1255	546.1429	298.8602	68.390015	345.03265	8.589121	672000	-1.2159347e-08	100.83787	-0.024388067	-60.97769	0.22279197	0.009270544	0.1595	0.011015801627654581	0.003613473414277916	79.0	1723.6741642951965
168	1374.5256	485.31763	2300.9836	935.97363	398.8	280.27756	76.50899	345.5655	-1.2061925	676000	1.4305115e-09	88.95746	-0.027538624	-43.95088	0.22420071	0.009774714	0.14875	0.010029546902514994	0.003238680073401816	79.0	1733.896901845932
169	1935.6287	975.6851	3413.1675	904.4197	566.2857	301.18005	67.5464	347.0111	-9.030756	680000	1.3351441e-08	64.69915	-0.025314854	-21.06493	0.2157452	0.011624164	0.1605	0.010658109113574028	0.0038335274780640634	79.0	1744.0106301307678
170	2088.7234	974.45306	3421.651	1029.0864	608.6667	308.00687	61.17402	348.06894	0.40585852	684000	-1.1205673e-08	64.007774	-0.023040397	-29.635319	0.1966726	0.0126603	0.1305	0.010328231202438474	0.003717914834354843	79.0	1754.0165898799896
171	1866.6375	916.9754	3348.6448	940.4417	548.0	306.9113	64.25594	348.24164	3.795175	688000	1.5735626e-08	102.77606	-0.026214449	-66.08482	0.18439355	0.008718062	0.155	0.01126353620318696	0.004192890275357625	79.0	1763.9506947994232
172	3301.5906	24.611547	3343.0305	3279.2043	1000.0	337.89438	18.888554	348.43924	186.47845	692000	-6.9141386e-09	25.8289	-0.02544158	-14.98358	0.17392796	0.007949045	0.15425	0.01186539406189695	0.005851978882727059	79.0	1774.0598692893982
173	2686.9546	944.30054	3344.5007	888.271	797.4	321.66287	52.422775	346.65192	-6.483532	696000	9.536743e-09	30.063423	-0.02395685	-14.932332	0.15162975	0.012769399	0.16475	0.010431651300750673	0.0035805074604125737	79.0	1784.2311565876007
174	3233.6028	18.203682	3260.7073	3209.9036	1000.0	337.5201	14.2171955	347.0218	254.70059	700000	-5.9604643e-10	61.712082	-0.019847538	-43.764236	0.14595005	0.0059517343	0.11675	0.011133202384226024	0.0038777967450578064	79.0	1794.4220972061157
175	3216.563	174.69212	3332.7773	2914.6064	962.25	330.01312	29.725393	343.85974	27.890747	704000	-3.9339065e-09	36.369987	-0.020059844	-26.75066	0.13931131	0.01602109	0.159	0.009538162308745086	0.003730734420175448	69.0	1804.4828221797943
176	2604.8035	935.10547	3307.3188	931.4642	785.0	325.9662	44.182434	345.9399	3.683776	708000	-3.218651e-09	21.642166	-0.01865668	-10.93573	0.13290608	0.015113227	0.15775	0.010414179088547826	0.00402194590746589	35.0	1814.518888950348
177	2916.345	636.23425	3294.6418	1814.4869	881.5	329.73218	32.49029	345.15448	18.040812	712000	-4.768372e-10	18.87623	-0.023266762	-7.7259684	0.12060814	0.009958003	0.14475	0.009029392399825156	0.0034040028090142477	79.0	1824.6442804336548
178	1762.2145	995.7875	3340.4585	945.0443	521.5714	305.16232	61.268345	346.0015	-2.3500848	716000	3.0994416e-09	73.88131	-0.008238845	-25.700035	0.12017107	0.017853394	0.14975	0.00904558046720922	0.0039235518483111366	7.0	1834.686712026596
179	2163.8079	1098.6604	3277.5034	1055.8821	655.5	321.21332	49.116783	347.1287	7.405701	720000	-7.867813e-09	78.06643	-0.02431074	-51.18766	0.12090401	0.008974585	0.13525	0.008887960959691554	0.0034352364705547405	79.0	1844.6594371795654
180	1747.1125	888.3462	3329.118	1018.6265	511.7143	299.3998	66.85406	345.99915	4.990752	724000	1.001358e-08	82.70861	-0.0210735	-61.756927	0.106767535	0.015708202	0.15425	0.008912871014326812	0.0029799248594008744	34.0	1854.4748685359955
181	1888.8236	755.4858	3274.23	1102.4784	556.5	309.02084	61.001617	347.16745	-0.50346947	728000	9.775162e-09	48.804493	-0.02542388	-24.204231	0.10422682	0.014139942	0.1835	0.009561667509842664	0.003593333584250821	79.0	1864.657684803009
182	1880.9908	1041.808	3428.6055	656.0702	550.0	303.82468	68.013504	347.40408	6.705587	732000	2.9325486e-08	83.385635	-0.023289192	-49.32417	0.09821057	0.015001526	0.182	0.00951980523765087	0.0032239258841993265	56.0	1874.6615433692932
183	1621.688	569.44104	2351.489	678.9351	469.375	293.65936	71.07254	347.54614	-2.2897353	736000	-1.4305114e-08	92.212326	-0.023604987	-42.23487	0.079490304	0.011004377	0.16525	0.009396805169526488	0.003108906529712561	79.0	1884.6250777244568
184	1911.5432	642.08105	2918.4966	1069.2358	556.2857	300.67435	70.25562	348.86594	1.530998	740000	1.1920929e-08	51.51592	-0.02624763	-24.986946	0.07327974	0.013937369	0.16525	0.008628546770196407	0.0029082690213912774	79.0	1895.1459624767303
185	2997.7383	320.25525	3317.5315	2553.9453	891.5	327.03836	44.282833	348.45395	5.0607123	744000	8.34465e-09	21.8414	-0.020005075	-9.076982	0.075866535	0.01311846	0.14825	0.008805938391014933	0.0032405348990391008	79.0	1905.5850851535797
186	3270.1877	16.516361	3294.4832	3249.105	1000.0	338.04312	13.519756	348.18518	257.8556	748000	-1.502037e-08	22.18939	-0.022250593	-12.161063	0.07060274	0.012443684	0.17675	0.009332246193662286	0.0035620898614527525	79.0	1915.9485030174255
187	3237.0469	12.438523	3257.53	3225.6697	1000.0	334.91974	14.318857	346.78378	254.44576	752000	-2.515316e-08	19.524174	-0.023933021	-10.5324	0.06617279	0.009302302	0.14175	0.00890776025597006	0.0031069784407296392	79.0	1926.0270059108734
188	2760.0845	536.90985	3267.794	1996.0553	835.25	319.61517	44.558655	345.52197	-2.3081284	756000	-9.834767e-09	52.40653	-0.013391297	-34.979248	0.06858094	0.015181945	0.137	0.009207507092505694	0.003472732026223552	18.0	1935.901198387146
189	2382.2188	548.48157	3408.519	1874.1622	697.6	308.0952	61.38867	346.18066	5.6088886	760000	-2.4437904e-08	75.67264	-0.022279657	-33.9481	0.0626148	0.012485606	0.161	0.009137294285465032	0.0035640555055416107	79.0	1945.8787326812744
190	1664.8954	595.5107	2648.4727	1045.0829	484.7143	295.51532	71.49347	346.7333	2.2770677	764000	-3.051758e-08	92.146416	-0.010803155	-36.093197	0.07660201	0.016135605	0.2	0.007938778379466384	0.0027139424790601214	10.0	1955.5544333457947
191	2686.8572	994.04956	3279.842	965.26337	822.5	332.04376	32.31259	346.9952	1.601407	768000	-1.34706495e-08	76.89142	-0.024477834	-39.342136	0.07555195	0.006873502	0.15175	0.008737803825642914	0.0031066361280369013	79.0	1965.584439754486
192	2051.881	757.00507	3329.0356	1209.0834	605.6	310.61307	59.811684	345.56552	4.2625732	772000	-7.629395e-09	87.64577	-0.02056599	-56.264603	0.07007765	0.009129432	0.158	0.008825562498532235	0.002886812724247882	79.0	1975.62060379982
193	3278.5093	17.574247	3298.281	3253.4658	1000.0	337.18558	13.917588	347.3427	255.69519	776000	3.2901763e-08	22.915455	-7.996321e-05	-8.066784	0.064289965	0.016578265	0.265	0.009014370369259268	0.0036218093383494163	5.0	1985.3725419044495
194	1093.374	180.7351	1500.6161	938.8187	319.75	267.3185	80.22841	347.23553	11.958773	780000	3.5762787e-10	323.98193	-0.008857894	-176.70778	0.063316345	0.01609284	0.192	0.009303433878812939	0.0032435884872432214	6.0	1995.1506321430206
195	936.29254	55.47209	1019.6534	815.0689	276.7857	256.1672	81.18588	342.69498	-5.3432193	784000	2.3841858e-08	128.27185	-0.0021378375	-82.72633	0.06220405	0.015737832	0.2165	0.010602995441295206	0.003890097719657348	2.0	2004.690815448761
196	1702.4994	593.9599	2685.9026	1079.4022	492.0	278.96594	67.48337	335.33276	9.041307	788000	1.6450882e-08	393.57047	-0.01815001	-333.28857	0.0620395	0.015102909	0.1765	0.009829008518718183	0.0038031143155768266	51.0	2014.7501895427704
197	3311.6306	10.893161	3325.5784	3299.0881	1000.0	340.07837	13.833866	345.88644	256.80136	792000	-3.1590461e-09	10.915119	-0.020818861	-3.181943	0.0495917	0.009528036	0.13775	0.008945868210867047	0.003277807426363347	79.0	2024.9495747089386
198	2197.028	801.8452	3331.5234	1087.5853	650.6667	320.48224	47.947227	345.82553	11.484482	796000	2.7418137e-09	1485.511	-0.0041624727	-822.3461	0.04897654	0.019770462	0.2035	0.008313566679134965	0.0030200385703248772	2.0	2034.4844720363617
199	2772.2358	911.68524	3312.6917	1193.2521	837.25	328.0282	37.244724	346.19885	-2.7299256	800000	2.1457671e-09	105.26195	-0.02090558	-78.765656	0.048715867	0.015450084	0.1675	0.008882159758359194	0.0030369253013721475	60.0	2044.3598628044128
200	3004.639	347.24225	3334.7415	2492.2205	888.0	323.634	42.730206	346.18317	11.449189	804000	-1.835823e-08	77.31921	-0.025118649	-59.010162	0.03097232	0.0105315205	0.16375	0.008801478596869855	0.0035367624521589667	79.0	2054.3729434013367
201	3223.0215	213.7034	3429.723	2866.4626	943.5	324.45102	50.387615	347.63843	7.372271	808000	1.26361845e-08	61.058865	-0.02733938	-18.119652	0.029190697	0.009948079	0.1755	0.008624749418813735	0.0031164464138314363	79.0	2064.4090580940247
202	2558.0337	981.90356	3367.5637	1022.71906	762.4	326.62143	45.767067	347.82828	4.2628274	812000	1.6450882e-08	38.404907	-0.02540315	-14.722801	0.021370372	0.011439619	0.19075	0.009064335112925618	0.004050792789379471	79.0	2074.4329302310944
203	2164.9492	612.5501	3326.2585	1499.4707	635.8333	310.41818	64.50378	347.50647	7.793086	816000	-1.8715859e-08	96.1375	-0.02478162	-34.231785	0.013472	0.011602662	0.1735	0.008259401204995812	0.0028744961336780524	79.0	2084.2709214687347
204	3320.3496	12.881114	3332.8232	3298.9211	1000.0	339.56738	12.895862	347.84012	258.71017	820000	3.117323e-08	16.685282	-0.019195639	-7.8930235	0.0051867566	0.010751067	0.13025	0.008582051165867598	0.003187169392147336	79.0	2094.3398706912994
205	1462.8234	710.4086	3329.6733	837.71124	432.1111	299.52164	72.53542	347.8757	-25.039406	824000	-4.148483e-08	597.17914	-0.0211303	-358.9108	0.0025801263	0.0059203855	0.1655	0.009533912790939212	0.003882650592636017	79.0	2104.3961470127106
206	2173.8306	965.48016	3378.2263	1054.0592	640.6667	309.91	56.85191	346.5951	2.0494008	828000	-6.437302e-09	139.30714	-0.006932806	-100.09123	-0.00981156	0.017701117	0.1905	0.009163121762685477	0.0036835291649010243	5.0	2113.8998942375183
207	1097.6227	220.7187	1697.2611	862.48737	322.41666	273.85815	81.39857	348.3633	-13.891451	832000	4.1007997e-08	358.6813	-0.021455059	-163.13841	-0.009534438	0.0069414787	0.15575	0.008293172605335712	0.0033600121150531258	79.0	2123.7027292251587
208	1183.5065	402.24063	2345.8958	918.9809	348.27274	273.27368	72.99273	345.92908	1.7447934	836000	2.384186e-10	331.621	-0.023485566	-94.49359	-0.011650681	0.014000032	0.16175	0.010338795729912817	0.004301208409791735	79.0	2133.603131055832
209	993.6431	83.9034	1213.7683	898.72253	290.84616	253.13641	81.26295	345.6737	-8.450014	840000	-7.1525574e-10	234.62135	-0.021489324	-154.55653	-0.006104629	0.01606986	0.172	0.009560265340842306	0.0034124050710761396	44.0	2143.4595580101013
210	938.87305	86.33044	1218.1829	861.6938	274.85715	255.52168	78.949196	343.35236	3.2160301	844000	-2.6762486e-08	82.823975	-0.025480315	-40.696148	-0.009042938	0.011005593	0.1795	0.00844761622371152	0.003219600167791967	79.0	2153.371822834015
211	1120.8053	138.69458	1476.2731	962.7083	325.08334	262.39734	77.88456	342.25507	5.114113	848000	-5.9604646e-09	179.90002	-0.023648703	-134.35147	-0.019544363	0.012634623	0.1465	0.008696822905912996	0.00345657244925886	79.0	2163.3486490249634
212	1020.2861	116.02414	1246.8582	913.3106	298.69232	264.67392	77.10255	342.39294	-5.1618643	852000	-2.9444694e-08	151.8331	-0.01958056	-96.9939	-0.023609996	0.016372072	0.2375	0.007933570754248649	0.002361411972271236	68.0	2173.104733467102
213	2798.969	718.7057	3361.0125	1601.4769	815.0	309.20865	53.529312	342.0604	7.500681	856000	-1.1324882e-09	230.06314	-0.012172834	-180.93628	-0.030570228	0.015655257	0.1645	0.008754726701881736	0.003420807172440531	12.0	2182.7086460590363
214	2754.0442	964.3302	3314.131	1083.7861	828.75	335.04572	32.044632	345.80096	14.385687	860000	7.95722e-09	16.362495	-0.0065510967	-8.024922	-0.035748288	0.016198173	0.14875	0.00897193465847522	0.004660082275105613	7.0	2192.4285485744476
215	3231.068	27.374575	3258.1626	3194.0918	1000.0	338.39694	13.661716	345.9934	255.79277	864000	8.165836e-09	66.17925	0.0013604524	-49.93492	-0.03776483	0.01771773	0.24825	0.00871456006076187	0.003480620069433733	2.0	2201.961768388748
216	1925.7822	591.97205	3196.708	1238.3772	561.2857	295.87418	63.912483	342.50916	2.1596642	868000	5.9604645e-08	222.12912	-0.010644397	-99.84609	-0.038380265	0.015391326	0.18375	0.009026563481893391	0.004345721649478276	8.0	2211.678141117096
217	1812.0115	637.41	2691.815	1097.144	525.0	299.42694	67.099434	344.35022	-8.91699	872000	5.400181e-08	1031.2137	-0.005564777	-200.50385	-0.03945518	0.020316478	0.262	0.009390412101056426	0.0038772531043109104	2.0	2221.2273325920105
218	3301.2832	17.122747	3326.0825	3277.78	1000.0	342.52435	13.644709	348.16507	259.1406	876000	-4.1127204e-09	29.166412	0.0007772892	-16.722721	-0.039576214	0.015673505	0.22425	0.008772687877062708	0.0035305266702236634	2.0	2230.6244518756866
219	1884.0746	822.6715	3418.0215	1189.3009	546.8571	296.8177	70.14924	346.5871	-6.2705193	880000	1.4305115e-09	76.316284	-0.015166031	-53.69047	-0.040224753	0.015876358	0.19	0.007980234259739517	0.002475927807326048	18.0	2240.3319096565247
220	3328.2144	4.054314	3331.9958	3321.9282	1000.0	339.85214	13.059636	346.5325	258.1543	884000	-2.026558e-08	7.3588533	-0.00971289	-3.38873	-0.043476623	0.01817765	0.1625	0.0075068006943911315	0.003060333838487204	12.0	2249.8496770858765
221	1658.3151	421.5203	2193.7007	1109.5482	477.2857	296.925	72.3685	347.88867	-6.496852	888000	-5.364418e-08	95.31415	-0.017545123	-63.264694	-0.048038878	0.015302176	0.16575	0.008248344832099973	0.003234699050802271	24.0	2259.3906648159027
222	1698.3026	809.672	3342.0005	974.14825	496.25	302.6421	69.53165	348.40088	-5.956867	892000	-4.684925e-08	97.87427	-0.027210725	-50.733383	-0.05556694	0.010691239	0.17775	0.00926457542926073	0.004008423981082059	79.0	2269.342481613159
223	3296.6694	65.62319	3345.2952	3183.7524	979.0	333.42188	34.66522	347.63373	1.7442374	896000	-7.390976e-09	24.621016	-0.009968454	-14.297976	-0.055347204	0.015292671	0.18475	0.008151201009750366	0.003374938753825931	9.0	2278.8302295207977
224	1718.1267	718.1318	3195.6843	922.34515	493.375	296.25226	71.54285	348.55368	9.646273	900000	-1.6450882e-08	59.645638	-0.00535784	-24.002502	-0.056221213	0.015229472	0.14225	0.008266232605092228	0.0032248590927794123	4.0	2288.7132937908173
225	2244.4536	688.0158	3334.1816	1265.8685	654.3333	314.2283	62.517567	350.3284	6.7941794	904000	2.5987624e-08	45.8694	-0.013518461	-23.39588	-0.05709986	0.015712366	0.1705	0.007662586076185108	0.003195087101735094	14.0	2299.1079387664795
226	2500.8303	845.41626	3427.2275	1295.4171	731.8	319.68158	54.982536	350.1225	10.7863655	908000	-6.198883e-09	78.72136	-0.00756625	-34.802486	-0.055630125	0.015908495	0.193	0.007612391544971615	0.002877049138382182	8.0	2309.2287471294403
227	2448.7559	843.1866	3349.6958	1087.0929	710.8	315.75146	63.569912	350.4455	4.8945985	912000	-2.861023e-09	135.75581	-0.004576837	-123.5714	-0.05734845	0.017000783	0.1875	0.007442751119378954	0.002978475677713003	3.0	2318.473625898361
228	1710.3083	501.20068	2507.745	1037.124	492.0	297.76154	70.7007	350.49133	15.272682	916000	-2.2888184e-08	87.23735	-0.018699331	-45.051716	-0.05736021	0.015348176	0.156	0.007684948642272502	0.0032295159420487477	26.0	2327.9463608264923
229	2109.5723	384.49246	2714.5735	1523.2931	610.3333	309.9384	65.451256	351.0774	2.951941	920000	-2.6702882e-08	100.4445	-0.0013954059	-67.80209	-0.06226782	0.016479738	0.212	0.008750908370129764	0.004191205408000944	2.0	2337.2840251922607
230	3307.0466	8.446119	3315.3425	3292.977	1000.0	342.10974	13.65699	350.6907	259.83905	924000	-4.4107438e-08	23.142622	0.0029704424	-14.962211	-0.062656924	0.01565121	0.206	0.006979887874331325	0.0039123916269233295	2.0	2346.737995147705
231	1892.7369	683.0882	2952.1284	1082.0099	541.8571	296.1158	70.68251	348.80505	5.3727207	928000	-2.1368265e-08	183.778	-0.0029414322	-144.78552	-0.062266786	0.015576611	0.139	0.008751575530041009	0.0030854210507477555	4.0	2355.9690103530884
232	2517.9453	1060.2676	3399.1394	1213.383	737.6	324.45126	47.497578	350.68555	4.9778223	932000	8.106232e-09	26.011892	-0.025232816	-12.130765	-0.06327275	0.013588984	0.186	0.007529272735118866	0.00326702742529266	79.0	2365.774879693985
233	2013.6963	614.9797	2910.24	957.1299	574.6667	310.19968	68.42825	351.5996	6.389631	936000	1.8119811e-08	25.450811	-0.022450244	-12.491672	-0.07077434	0.010841421	0.13725	0.007193668822292238	0.0031067704623515863	79.0	2375.442546606064
234	3043.314	500.98737	3335.9783	2175.5862	905.25	339.04306	31.864143	352.24988	3.9252915	940000	-3.8504602e-08	17.740088	-0.025284281	-9.89019	-0.0789729	0.016264755	0.211	0.007449342363979667	0.002843557279952612	74.0	2385.0240132808685
235	1643.3674	545.4855	2908.5747	995.0172	470.875	297.31073	69.56191	350.49362	13.227196	944000	2.9802323e-09	216.31522	-0.0029471505	-90.313065	-0.10230422	0.016165955	0.284	0.006765674613416195	0.0023912984011592955	3.0	2394.335249900818
236	1353.5768	295.56183	1903.5348	957.423	388.77777	285.8219	78.0027	352.47684	-17.396807	948000	1.04427336e-07	102.09239	-0.003170068	-63.161392	-0.10252189	0.017595885	0.15375	0.0077821820112876595	0.0029092353645991235	2.0	2403.714331150055
237	3356.5728	30.151186	3406.9182	3329.6626	1000.0	340.47498	19.459751	351.02783	179.98047	952000	-2.8371812e-08	11.957492	-0.0022274686	-4.3270016	-0.10266849	0.02609309	0.2445	0.0070635945186950265	0.0023163130523205172	5.0	2412.896100997925
238	1266.1877	244.61049	1781.5006	972.59955	366.4	279.5508	80.30412	350.7453	0.13213491	956000	1.2159347e-08	60.43223	-0.025277242	-36.31952	-0.10239617	0.015158724	0.1755	0.006483761104755103	0.0023995005598939074	59.0	2422.615398168564
239	1130.8329	209.71106	1552.4891	948.4484	332.08334	275.72913	75.990685	349.81393	-1.1617699	960000	-1.0251999e-08	470.57928	-0.018163353	-394.4775	-0.11588738	0.015067421	0.178	0.006678079648409039	0.002678623155012656	20.0	2432.3358960151672
240	1326.8722	272.63666	1760.9968	954.32526	384.1	274.32468	76.36235	349.5841	4.8779764	964000	1.9073486e-08	174.12593	-0.017075196	-72.22416	-0.11082374	0.015741484	0.16025	0.006803306227084249	0.0023722610389537466	24.0	2442.1013684272766
241	1313.7668	343.0875	1836.7123	950.31464	381.0	281.30545	78.88781	351.42725	-9.934824	968000	2.014637e-08	151.49986	-0.023469603	-106.21218	-0.108873956	0.011859213	0.196	0.00829032518202439	0.0038391487080518378	79.0	2452.391738176346
242	1195.0144	216.70543	1520.3633	934.3271	345.9091	276.48868	77.31683	349.91632	5.403221	972000	-4.148483e-08	247.94025	-0.005477796	-78.994934	-0.1301543	0.015603668	0.20425	0.007548077048268169	0.0027640050140996324	3.0	2461.9389951229095
243	1212.5753	199.74171	1584.7947	963.9635	351.36365	270.05344	80.92846	350.40833	-3.9805698	976000	-9.536743e-09	103.61159	-0.007525898	-73.00989	-0.13056213	0.015244671	0.17775	0.00713138637598604	0.0028114422804944948	8.0	2471.548194169998
244	1174.8643	182.50865	1494.3849	950.7372	344.0	275.46124	74.30642	349.1511	-1.4493079	980000	2.8967857e-08	208.94229	-0.004613579	-119.68755	-0.131276	0.021517228	0.25425	0.00769012606004253	0.002979332712809376	3.0	2480.9383759498596
245	1608.003	590.5565	2602.6482	964.267	462.875	284.70648	73.523285	350.96365	5.817323	984000	-1.835823e-08	144.16234	-0.009401564	-118.42539	-0.13144204	0.01750145	0.19725	0.0073360598040744665	0.0034677297458399928	8.0	2490.350879907608
246	2388.2246	907.76404	3373.9172	943.89984	703.0	326.3958	52.847347	352.25955	3.2072034	988000	-2.8014182e-09	36.84569	-0.023595171	-13.922472	-0.12970099	0.015364123	0.16325	0.007885398869402706	0.002927579176516256	42.0	2500.078348875046
247	1756.8365	424.7645	2338.4744	1066.9073	507.2857	300.34726	72.41881	351.31934	-0.26550627	992000	-1.5377998e-08	52.54739	-0.007005838	-15.24181	-0.14525317	0.015137909	0.18425	0.007645756914280355	0.0026241565459344876	7.0	2509.5589191913605
248	2405.5242	615.0785	3364.2026	1721.8052	693.6	318.9137	56.800785	351.4551	10.266179	996000	2.360344e-08	30.803009	-0.005058233	-20.83149	-0.14667997	0.015851716	0.2305	0.00674789983779192	0.0028780024325906466	10.0	2518.9000363349915
249	1174.3817	157.0869	1473.678	939.9174	338.63635	279.92825	79.78455	352.63196	0.6246991	1000000	-2.5749207e-08	105.90783	-0.020928642	-62.854446	-0.15210511	0.015565968	0.168	0.006834661168977618	0.0025682484873388316	39.0	2528.397976875305
250	1299.3944	192.91031	1602.5981	1064.0604	379.2	279.7271	77.06999	351.48587	-2.559989	1004000	1.7642975e-08	68.349754	-0.011779534	-25.621479	-0.15943587	0.01614809	0.166	0.007254140162840486	0.0030647323073561884	12.0	2538.0360391139984
251	2565.0144	607.14197	3203.9255	1621.6927	738.2	310.9369	63.479324	351.3388	-1.0416684	1008000	4.315376e-08	46.501064	-0.0032559468	-25.890457	-0.16095681	0.017461564	0.21825	0.006552381922956556	0.0023334558828509125	3.0	2547.4634113311768
252	1452.1035	196.8896	1794.2001	1211.8296	419.0	286.2455	75.73278	353.211	-2.078226	1012000	-7.2717667e-09	57.011723	-0.0046256287	-20.13353	-0.16167042	0.015387587	0.17525	0.005844071451574564	0.0023215090156978304	3.0	2556.9401066303253
253	1825.1161	261.33786	2365.3264	1516.9757	526.7143	298.8595	71.57945	353.6526	-14.423756	1016000	3.218651e-09	32.391823	-0.013664168	-10.619614	-0.16184942	0.015127821	0.169	0.006081364266574383	0.0025378739629365286	15.0	2566.4265151023865
254	2291.6892	194.5227	2630.3933	2061.2786	658.0	308.75635	69.237816	354.70798	1.3930554	1020000	1.9073487e-09	26.519356	-0.022339376	-4.6899433	-0.16521378	0.015309009	0.15275	0.0061342894635163245	0.0028071821684537168	57.0	2576.1393072605133
255	2040.9072	503.4838	2704.874	1420.4458	585.5	307.74918	67.85966	355.10873	0.06728935	1024000	-1.4066696e-08	39.226143	-0.008217833	-15.484442	-0.1721662	0.017049575	0.17275	0.006622406109236181	0.0022776451445633583	5.0	2585.566083908081
256	3253.4675	11.759187	3263.3777	3233.5627	1000.0	342.4022	14.311919	354.4114	258.237	1028000	4.8577786e-09	81.52081	-0.00071899133	-71.46778	-0.17342807	0.015933888	0.154	0.007975640699733048	0.0031087368910555145	3.0	2595.1667716503143
257	3329.795	7.2604785	3340.6968	3321.0454	1000.0	335.47113	14.241735	351.51263	252.63802	1032000	3.9339067e-08	45.272266	0.00087522675	-37.62623	-0.17384328	0.02476377	0.24	0.006497880700044334	0.002578927253354928	8.0	2604.777811765671
258	2029.4518	622.9084	3360.62	1432.9552	591.0	314.15018	63.16719	353.43597	0.88334703	1036000	-4.887581e-09	60.38408	-0.0054591764	-45.035942	-0.17498323	0.015113809	0.1775	0.00753092719707638	0.0026067325372782844	12.0	2614.623131752014
259	1178.2745	268.53015	1784.7738	949.8388	345.27274	276.98386	81.363754	354.26428	0.8920202	1040000	-1.9073487e-09	149.80475	-0.027005335	-92.75218	-0.17626213	0.0047127516	0.179	0.0072561051812954245	0.0032509604259519324	79.0	2624.2925219535828
260	1358.5852	270.31915	1777.4066	968.83636	397.5	277.37213	77.70575	352.8191	-0.34375572	1044000	3.8146972e-08	87.285675	-0.0048292256	-22.092361	-0.19335699	0.015522205	0.193	0.006502907215617597	0.002943623169572768	7.0	2633.5808939933777
261	2642.8125	582.8418	3410.2163	1701.963	756.0	309.03326	62.78908	353.6965	-2.9153256	1048000	1.502037e-08	99.21309	-0.005400697	-77.42001	-0.19474262	0.016588222	0.157	0.007882817278150468	0.0035484644751151173	9.0	2642.8709332942963
262	3093.7773	486.87744	3410.49	2251.3413	909.75	338.01315	34.350807	354.61743	17.5751	1052000	-1.2874604e-08	15.66713	-0.012617804	-6.703311	-0.19566594	0.015442911	0.2025	0.007436967280227691	0.0031945981422571695	15.0	2652.3192524909973
263	1667.3894	294.0022	2285.3406	1213.6735	479.375	297.42767	76.42008	353.6609	-4.0651903	1056000	-4.3034554e-08	59.746933	-0.024257267	-36.119007	-0.19597887	0.0040040477	0.16125	0.006139550267253071	0.0028130461986821875	79.0	2662.219910621643
264	1665.9956	271.00165	1972.1321	1096.7572	477.375	293.72137	73.66074	354.88647	5.667311	1060000	6.6757204e-09	71.43728	-0.0096071595	-51.15976	-0.19998276	0.016870415	0.15675	0.006402619762811809	0.002437237578847184	14.0	2671.562202692032
265	1286.4473	199.14182	1600.9266	961.0072	372.1	282.11578	78.514786	354.95883	-0.5637779	1064000	3.4451485e-08	44.781277	-0.026408218	-19.41848	-0.19841973	0.013350115	0.18125	0.0057167116599157455	0.002466975691521306	79.0	2681.458966255188
266	1503.0737	258.7605	2047.1448	1200.4663	433.33334	285.7306	75.42034	354.85898	-0.14749098	1068000	4.2915346e-08	49.467842	-0.01596896	-15.598648	-0.21329197	0.015139928	0.15125	0.006412961690220982	0.002655711708028564	35.0	2690.9715163707733
267	974.4781	53.44613	1127.9343	941.1202	285.7143	262.0831	83.91366	355.86542	-4.19139	1072000	-2.503395e-08	141.69414	0.0001595962	-111.048904	-0.21943048	0.018134886	0.213	0.006353934309445321	0.002683837799508772	2.0	2700.203996658325
268	1679.7495	304.67596	2082.2815	1218.3352	481.0	285.16867	68.91962	351.30798	1.4717002	1076000	-4.196167e-08	210.30745	-0.011607158	-184.18758	-0.22010463	0.016499374	0.133	0.005621564730536193	0.0023727661991960374	17.0	2710.7126348018646
269	3328.0303	13.059608	3347.6143	3312.837	1000.0	347.62003	14.641186	355.60236	260.26117	1080000	2.2411346e-08	42.890682	-0.0028127122	-35.20898	-0.22518888	0.02115617	0.195	0.006963281112257391	0.002796662645228866	2.0	2721.022271633148
270	2391.8745	482.3769	3170.5884	1791.7974	685.0	313.00284	63.50023	352.18372	3.7925272	1084000	2.6464463e-08	31.737381	0.0011051358	-20.665901	-0.22606342	0.016276704	0.2335	0.005832457977812737	0.0023180448473360976	2.0	2730.925446987152
271	3326.669	5.6502056	3332.8787	3318.188	1000.0	345.28348	14.556039	354.91135	258.06378	1088000	3.1113625e-08	21.438696	-0.0019191916	-17.209465	-0.22673072	0.018430099	0.1785	0.006116620430257172	0.002341691275707784	2.0	2740.9508488178253
272	1841.6908	209.30644	2192.923	1579.1538	526.7143	301.57574	69.064476	351.8076	5.389755	1092000	5.1498414e-08	56.762733	-0.01622804	-35.50171	-0.22672793	0.015388087	0.17275	0.0069520711363293235	0.002528643685103665	25.0	2751.470093727112
273	1587.4656	169.34973	1872.1288	1295.2999	455.625	294.481	72.24612	355.4525	3.812808	1096000	-3.5762786e-09	26.978352	-0.011626376	-8.942884	-0.23164113	0.016246706	0.14725	0.007828392602968961	0.0031193658989304104	16.0	2761.74884223938
274	3327.5957	84.60185	3392.922	3182.308	976.25	340.68448	33.622143	355.63623	6.8003397	1100000	3.3736228e-08	7.168709	-0.003411859	-3.398871	-0.23649058	0.016236024	0.1885	0.006503556368406862	0.002585217545732904	6.0	2771.718829870224
275	2445.5625	404.32224	2933.1633	1744.6011	697.0	317.63202	61.760376	354.70245	-8.653588	1104000	3.051758e-08	37.96315	-0.004106208	-15.862772	-0.23814586	0.016072365	0.23075	0.007429000744596123	0.003309501682933643	5.0	2781.646431684494
276	3350.1013	7.2816052	3355.1711	3337.6318	1000.0	346.70425	14.646196	355.45364	259.02713	1108000	6.9141386e-09	14.596405	-0.0015726002	-9.235211	-0.23924164	0.015214404	0.204	0.007065919551532716	0.0023405978066496197	5.0	2791.522888660431
277	1286.7229	160.71973	1544.9163	1025.4733	367.1	275.79257	80.14629	354.3129	-25.474808	1112000	-5.7935715e-08	82.00532	-0.016051453	-63.77452	-0.24035627	0.016497197	0.204	0.0068724558735266325	0.0032021690841128113	22.0	2801.622855901718
278	1458.5278	223.94261	1852.6003	1199.4535	416.1111	289.29288	74.229126	353.849	5.686354	1116000	-2.0980835e-08	35.7669	-0.0038288003	-15.825541	-0.24199268	0.016184406	0.1745	0.006359594324603677	0.002443526200526969	4.0	2811.667324066162
279	1331.904	179.68657	1556.1627	1015.38275	378.7	285.46994	77.47332	354.53885	-6.4907074	1120000	-1.4066696e-08	34.675266	-0.02670702	-9.502382	-0.24185294	0.0132894125	0.193	0.007016488339286297	0.0033647108907364377	79.0	2821.7282750606537
280	1770.8958	312.43088	2302.0955	1230.827	502.2857	303.4159	69.46513	354.78622	7.186791	1124000	2.6226044e-08	33.746048	0.006051433	-16.4699	-0.24466977	0.022535877	0.252	0.006062322417274117	0.0025773184950906207	1.0	2831.489501953125
281	3294.845	38.154854	3341.1624	3238.0454	1000.0	344.64926	13.595788	355.70673	262.4497	1128000	2.861023e-09	63.52805	-5.841529e-05	-44.810047	-0.24483024	0.019929891	0.208	0.007578664142638445	0.0031576035990635086	2.0	2841.680262327194
282	1938.8215	545.37585	2442.2244	1101.758	556.1429	305.3395	68.07127	352.9795	-11.206551	1132000	2.7298928e-08	187.91943	-0.007859174	-161.05685	-0.2447478	0.016570352	0.2005	0.007438481554854662	0.00265259469612073	7.0	2851.9784717559814
283	1524.5554	211.99095	1787.8683	1164.3054	433.875	289.0504	77.61358	353.54968	0.13207388	1136000	5.5551528e-08	114.27757	-0.0006008344	-93.97757	-0.24395195	0.01665148	0.173	0.007303433627821505	0.0028807373795437783	2.0	2862.195401906967
284	3358.4204	14.953473	3378.8198	3343.3757	1000.0	346.7205	13.674631	354.7629	262.33914	1140000	-5.00679e-09	12.244058	0.003252674	-6.445834	-0.2436403	0.022658512	0.2825	0.007260973460506648	0.003092913666584487	2.0	2871.8104767799377
285	1152.7177	142.47615	1500.311	944.64435	328.58334	274.27072	79.562325	352.80566	0.4857726	1144000	3.051758e-08	91.43721	-0.01892101	-58.610622	-0.24399595	0.015522358	0.18375	0.0072447399538941686	0.0024917683159998965	54.0	2881.5459978580475
286	1006.0079	93.81272	1275.1941	902.3238	288.6154	264.878	79.843544	350.37778	-9.00735	1148000	1.3768673e-08	60.99464	-0.0016186582	-36.51113	-0.23846167	0.022495111	0.237	0.0073952120053581896	0.004042902368514272	2.0	2890.8393256664276
287	1740.8445	514.718	2468.287	1058.763	496.875	294.0758	68.56077	348.97772	-2.585966	1152000	-5.5551528e-08	205.36787	-0.008135543	-179.4349	-0.23815529	0.015301671	0.17175	0.008143548707012086	0.003181695798310298	5.0	2900.332556962967
288	2581.8564	714.7604	3389.3215	1600.4442	753.6	326.62656	52.62147	353.59482	-0.910131	1156000	4.9829485e-08	44.08022	0.0009548571	-24.235527	-0.23722649	0.017328437	0.24425	0.00709779433440417	0.002423858124457303	2.0	2909.6232867240906
289	1658.7638	516.1548	2527.4832	1080.0865	475.0	294.55325	75.163284	353.23798	-2.1496387	1160000	3.862381e-08	51.92705	0.0012601075	-17.102402	-0.23719771	0.015290624	0.20675	0.007147980991285294	0.003980444864828411	2.0	2919.0996844768524
290	2753.946	934.835	3391.7375	1145.1099	809.0	334.8655	44.44567	354.40784	-4.4316826	1164000	-5.2452087e-09	49.821953	-0.015385973	-29.260546	-0.23741078	0.016252067	0.2145	0.007094991682097315	0.00283511481928259	36.0	2928.8280985355377
291	1354.8586	334.95325	1970.5259	945.2726	390.1	281.1289	78.73857	353.5225	10.140833	1168000	5.5789947e-08	103.15506	-0.01371653	-53.373775	-0.25340092	0.015001775	0.178	0.007797895062249154	0.005084378113395098	23.0	2938.2038774490356
292	1093.8903	154.87361	1497.1649	945.4648	314.33334	266.96045	83.23794	351.00626	-11.512044	1172000	-1.45435335e-08	104.14201	-0.008013384	-72.299866	-0.25716686	0.018227845	0.1775	0.008028198350220919	0.0037470772679354916	7.0	2947.4992327690125
293	986.1029	84.97273	1243.4812	864.8238	283.7857	260.24927	82.12678	348.99994	-3.2397366	1176000	-4.2438508e-08	54.215317	-0.013732897	-26.475876	-0.2584283	0.016469399	0.25175	0.007777474457398057	0.003905508159207093	37.0	2957.0953738689423
294	907.8767	44.49068	963.0681	809.48016	258.33334	253.72864	79.231636	342.6669	7.021805	1180000	-4.386902e-08	59.170746	-0.008012644	-35.249893	-0.26295996	0.015641207	0.14825	0.006356665755156428	0.0029066604800822493	7.0	2966.6269121170044
295	870.7174	27.961231	936.994	819.85547	247.4375	250.18657	79.16667	320.31842	3.428011	1184000	-3.6239623e-08	38.14424	-0.014631117	-21.539606	-0.26447588	0.015331339	0.19925	0.0062825649604201315	0.0028055207781127315	34.0	2976.291330099106
296	951.1829	16.688072	968.80756	902.3606	273.0	258.4409	77.53866	334.22073	-0.39079	1188000	8.34465e-09	71.8343	-0.023507442	-50.686398	-0.27450052	0.015493516	0.18925	0.005126389893703163	0.001635145455258778	38.0	2986.000708580017
297	926.37274	28.9189	965.80634	859.96606	264.33334	256.49503	80.0006	324.2672	-1.140533	1192000	5.6147574e-08	21.714695	-0.024417726	-6.9812174	-0.2766817	0.00961064	0.16425	0.005779612901387736	0.0043505552027800565	79.0	2995.801344394684
298	949.8753	24.661852	988.54614	895.99115	272.7143	257.0465	79.384575	324.7408	-5.3438563	1196000	2.1457673e-08	17.752821	-0.022741772	-5.938245	-0.28694758	0.010886706	0.19225	0.005175860908348113	0.0022069054002856452	79.0	3005.564364671707
299	986.8111	76.20338	1248.129	921.35504	284.5	256.6382	79.67085	333.20554	-4.515265	1200000	5.5968762e-08	36.963184	-0.0037261106	-13.377047	-0.291111	0.018331049	0.23475	0.005122012656647712	0.002001981846718854	3.0	3015.54141163826
