Epoch	AverageEpRet	StdEpRet	MaxEpRet	MinEpRet	EpLen	AverageVVals	StdVVals	MaxVVals	MinVVals	TotalEnvInteracts	LossPi	LossV	DeltaLossPi	DeltaLossV	Entropy	KL	ClipFrac	StopIter	Time
0	17.421808	16.963135	125.72014	3.5656414	24.925	-0.034471437	0.08058696	0.14507815	-0.31703076	4000	1.3113022e-09	289.5173	-0.017938219	-73.52432	0.91893864	0.017319046	0.2015	5.0	1070.2386865615845
1	58.608677	53.2332	227.802	6.8331904	53.41892	4.5281043	1.0172504	5.2971797	-3.4644146	8000	1.9073487e-09	1820.1527	-0.011821719	-270.7976	0.91807306	0.015897043	0.241	9.0	2232.282945394516
2	111.67716	64.297	266.63663	8.885671	69.4386	9.578378	0.042457037	9.608255	8.74844	12000	2.384186e-10	3653.7346	-0.018789468	-404.8496	0.91424024	0.009516969	0.1165	79.0	3462.1087391376495
3	148.6024	61.697136	321.2178	26.577314	86.82609	13.958938	0.007941078	13.965991	13.848488	16000	7.1525574e-10	4339.5107	-0.019914456	-418.38184	0.9113096	0.010469147	0.1575	79.0	4706.090756416321
4	119.42479	56.574154	285.50415	51.148598	65.196724	17.856901	0.0028195425	17.859642	17.818884	20000	-3.9935113e-09	3143.097	-0.009354981	-237.65503	0.9038536	0.016308941	0.16825	9.0	5831.111697912216
5	191.07433	60.00485	311.96988	65.27139	92.93023	20.727297	0.0020384563	20.728662	20.684887	24000	3.9935113e-09	5785.656	-0.01697352	-453.15186	0.9057032	0.0065057334	0.1125	79.0	7049.418840169907
6	166.12402	75.36472	293.88885	57.591816	79.76	24.410097	0.001288959	24.411022	24.397173	28000	-2.384186e-10	5132.739	-0.009577457	-347.21094	0.89399797	0.016740208	0.1935	8.0	8214.381162166595
7	215.11247	50.171368	287.58102	77.68635	99.4	27.592615	0.00094802334	27.593155	27.583538	32000	1.6093255e-09	5870.766	-0.01695045	-412.44678	0.89293414	0.009063595	0.114	79.0	9387.151010990143
8	210.40482	70.026634	334.70535	53.015438	94.47619	30.930244	0.004693504	30.930893	30.739542	36000	4.172325e-09	5963.4697	-0.015890287	-387.2788	0.8934199	0.010558264	0.1025	79.0	10643.755237817764
9	167.03578	68.35827	310.3157	55.556255	79.14	34.1149	0.00072724116	34.11532	34.10526	40000	1.2516975e-09	3869.011	-0.010648671	-211.58276	0.8945573	0.015445987	0.154	5.0	11801.491052627563
10	193.9521	65.40493	290.30722	64.55163	88.77778	36.504253	0.011479788	36.50534	35.964993	44000	-1.5497208e-09	4520.767	-0.019619683	-253.94336	0.8941713	0.012549981	0.12325	79.0	13024.91291308403
11	187.05449	62.907276	278.47604	56.682262	85.695656	39.070297	0.00072492176	39.07064	39.05403	48000	-9.536744e-10	3941.4287	-0.021125589	-215.09106	0.8896139	0.013526869	0.11525	79.0	13997.304075717926
12	154.96307	74.22974	328.80994	63.727436	74.07407	41.467766	0.000709144	41.468094	41.44796	52000	-1.9073487e-09	3279.7947	-0.008406471	-130.45581	0.8975057	0.018137401	0.25225	6.0	14902.619663000107
13	202.99843	82.1369	333.17813	76.7571	89.77273	43.377132	0.0009937033	43.377525	43.353985	56000	1.7881393e-09	4842.102	-0.006356654	-247.71191	0.8956813	0.017348748	0.1735	5.0	15857.945374011993
14	193.46387	99.43738	336.44656	43.904697	85.95652	45.94386	0.0008178238	45.94421	45.925137	60000	5.9604646e-09	4989.554	-0.022291556	-237.37158	0.8941793	0.010594145	0.123	79.0	16814.248940467834
15	203.35841	91.2263	329.17053	79.89493	88.46667	48.504906	0.0005568949	48.505177	48.494003	64000	-3.0994416e-09	4829.662	-0.020893518	-229.87012	0.89396614	0.00816542	0.129	79.0	17823.75154018402
16	192.48476	79.58048	324.71677	73.24453	84.23404	51.027466	0.0004398073	51.027676	51.022697	68000	-2.6226044e-09	3854.9478	-0.005399359	-169.35693	0.8949814	0.017447738	0.17825	5.0	18827.687618494034
17	219.20561	91.44915	328.38925	78.22169	93.45238	53.22479	0.00037067026	53.22497	53.2208	72000	1.0728836e-09	4918.0894	-0.018738113	-233.95068	0.8932742	0.0062665693	0.09425	79.0	20007.043012857437
18	158.98576	91.77809	318.18045	45.100002	72.48148	55.77271	0.00038286217	55.77289	55.767193	76000	3.9935113e-09	3423.647	-0.0063000526	-88.093994	0.88912725	0.015632689	0.20175	5.0	20990.890995264053
19	214.09917	97.342316	363.62726	40.675995	89.318184	57.42449	0.00048006594	57.424686	57.41737	80000	-2.1457671e-09	4663.4663	-0.008990798	-213.41699	0.8871885	0.015246815	0.1485	8.0	21472.641349077225
20	200.99707	81.94425	324.37918	50.530697	85.695656	59.872498	0.00030156807	59.872616	59.869408	84000	2.384186e-10	3533.0947	-0.005826508	-143.18213	0.8847493	0.01611604	0.17775	5.0	21766.2351706028
21	260.69986	64.35543	334.79913	105.26871	103.68421	61.96287	0.000546678	61.963024	61.95129	88000	3.218651e-09	4883.781	-0.02029791	-271.57373	0.8822086	0.010850029	0.135	79.0	21985.138121843338
22	197.44508	74.37053	348.54233	78.97249	85.32609	64.76162	0.00031601088	64.76174	64.75565	92000	2.7418137e-09	2971.9648	-0.005708296	-92.57422	0.8842891	0.017079823	0.20125	4.0	22042.163593053818
23	208.20277	95.54703	342.61038	79.75111	88.17778	66.50297	0.00031535677	66.5031	66.499016	96000	-8.3446505e-10	3875.779	-0.024599938	-117.16284	0.88282233	0.009784057	0.129	79.0	22116.692611694336
24	217.6382	101.11767	348.633	51.780903	88.35555	68.39177	0.00034899893	68.391884	68.381905	100000	1.0728836e-09	4222.7744	-0.021123081	-159.80103	0.87745386	0.009203612	0.12675	79.0	22188.732315540314
25	111.44364	70.79755	340.55078	41.77972	55.069443	70.61773	0.00030064204	70.61787	70.6155	104000	-2.6226044e-09	2076.268	-0.010574936	-3.197998	0.88103515	0.019941438	0.2555	4.0	22248.40180015564
26	238.12772	78.17536	335.34402	66.25778	96.46342	70.40975	0.0003156949	70.409874	70.40378	108000	1.0728836e-09	3751.5146	-0.024373148	-145.28491	0.8796836	0.012005822	0.1325	79.0	22318.919967651367
27	178.19154	84.9264	325.70312	43.65707	77.666664	72.45989	0.00025408415	72.45999	72.45809	112000	-2.861023e-09	2585.3345	-0.008576329	-38.45166	0.8885305	0.018917749	0.2705	5.0	22375.158816814423
28	222.35497	88.858444	355.42947	43.384087	90.47727	73.67681	0.000230649	73.6769	73.674805	116000	2.1457671e-09	3531.5361	-0.011154093	-116.753174	0.886393	0.015313891	0.20225	13.0	22436.68526315689
29	197.39851	92.77755	353.1636	45.190365	83.893616	75.6466	0.00027532713	75.6467	75.64337	120000	-1.9073487e-09	3154.2197	-0.006897454	-56.17871	0.8826523	0.018020108	0.23025	5.0	22493.26088833809
30	234.54236	100.697235	358.34073	48.05005	92.690475	77.10535	0.0004293585	77.10545	77.089966	124000	-8.34465e-09	4184.7217	-0.004208486	-166.24512	0.880634	0.016803758	0.20325	6.0	22549.957731485367
31	220.80397	96.37867	364.00522	48.97458	90.27273	79.50896	0.0002048366	79.50903	79.50698	128000	-3.9339065e-09	3443.973	-0.0052547683	-89.98242	0.8788575	0.01865688	0.17525	6.0	22602.546632289886
32	250.51236	75.91207	348.12167	61.555733	99.125	81.374535	0.00019105982	81.3746	81.372734	132000	-2.861023e-09	3332.0244	-0.019387798	-124.805176	0.8776898	0.013433997	0.112	79.0	22669.32891011238
33	151.1101	84.69592	350.7654	46.284023	68.98245	83.52318	0.00022015255	83.52326	83.52085	136000	2.3841857e-09	2365.8264	-0.0087366	-0.018066406	0.88347816	0.022794528	0.3215	4.0	22726.424705028534
34	241.68927	101.995865	351.19122	41.003918	94.64286	83.517204	0.00018525613	83.517265	83.51548	140000	3.218651e-09	3740.4944	-0.008692586	-123.518555	0.8815934	0.015878247	0.1805	13.0	22777.285140037537
35	276.44492	73.7255	342.42554	85.34021	105.675674	85.598206	0.00018132766	85.59826	85.59602	144000	-4.172325e-09	3767.9746	-0.018758982	-183.96118	0.8758503	0.010855766	0.13125	79.0	22840.84225177765
36	158.15343	97.561676	330.8201	43.257893	69.333336	88.28639	0.00019779976	88.28645	88.28484	148000	-9.6559525e-09	2728.7512	-0.010127284	0.5402832	0.8807139	0.020732675	0.26475	4.0	22907.828679323196
37	256.72253	88.82284	355.82544	76.206665	101.051285	88.47545	0.00028570046	88.475525	88.466545	152000	-1.0728836e-09	3425.373	-0.0059756697	-95.61328	0.8797668	0.01500542	0.18175	7.0	22972.431322574615
38	260.35	62.746017	348.56433	98.831985	103.31579	90.361046	0.00016777262	90.3611	90.35947	156000	6.2584875e-09	2664.643	-0.017836668	-81.96875	0.8780807	0.008123544	0.0955	79.0	23036.06905412674
39	181.36679	74.40703	360.4382	44.225098	80.61224	92.24578	0.00017721718	92.245834	92.24432	160000	3.8146974e-09	2004.1375	-0.00921982	-1.9711914	0.8868645	0.016691113	0.27825	4.0	23089.705544233322
40	202.0867	101.766365	339.35352	46.17981	84.723404	92.04732	0.00017276009	92.047386	92.046036	164000	1.4305115e-09	2845.0483	-0.0057580136	-9.02832	0.8857939	0.018388318	0.242	4.0	23145.581459999084
41	279.8105	71.861855	338.95517	38.575806	106.27027	92.63217	0.00015529725	92.63222	92.63038	168000	-7.2717667e-09	3180.5015	-0.018749055	-138.72925	0.8841852	0.010669401	0.13075	79.0	23215.00401878357
42	220.68614	80.11602	324.66663	41.758003	91.04651	95.074905	0.00016004335	95.07496	95.073456	172000	1.26361845e-08	2278.8318	-0.02425766	-14.784912	0.8859848	0.007580897	0.1575	79.0	23283.645954608917
43	123.22615	57.47014	316.38287	41.245792	61.296875	96.01961	0.00019041359	96.019684	96.018	176000	-1.2516975e-09	2448.3054	-0.010373415	-152.23218	0.8651843	0.0171226	0.24425	3.0	23366.92080450058
44	265.8227	82.929955	348.6193	43.561443	102.63158	93.49716	0.00016599298	93.49722	93.495605	180000	1.4305115e-09	3293.339	-0.01793581	-91.43994	0.86409736	0.006409963	0.09575	79.0	23592.181266784668
45	147.93658	77.78887	337.81958	49.29978	68.59649	95.33686	0.00019403902	95.33692	95.33524	184000	-1.001358e-08	2501.3586	-0.014134623	-38.854004	0.8561205	0.01542845	0.19725	3.0	23872.049449920654
46	271.18637	59.259777	350.1627	136.0694	106.16216	94.15151	0.00017260142	94.151566	94.149895	188000	-4.887581e-09	2694.0776	-0.017993398	-73.56177	0.85510296	0.009559427	0.12075	79.0	24126.71473813057
47	208.22601	62.0653	295.93314	73.226616	90.47727	95.88128	0.00017358219	95.881325	95.87973	192000	5.2452087e-09	1861.741	-0.005062075	-0.018188477	0.854001	0.019441765	0.248	4.0	24447.821774482727
48	259.8585	80.62413	341.98257	38.07834	101.84615	95.874435	0.00016552296	95.87449	95.87301	196000	-6.6757204e-09	2664.6768	-0.019170888	-69.64258	0.85332286	0.009956355	0.112	79.0	24581.101454496384
49	126.32385	69.68144	322.91483	38.775288	61.6875	97.674385	0.00019475856	97.67445	97.67264	200000	4.2915342e-09	2684.5952	-0.0055956086	-142.74341	0.85824543	0.02621933	0.33825	3.0	24635.04979801178
50	190.5277	85.07595	314.77222	42.345013	82.583336	95.18244	0.00020376848	95.18252	95.180244	204000	-8.940697e-09	2227.0505	-0.007834789	-2.387207	0.85747564	0.020695018	0.2765	4.0	24691.674129009247
51	223.90327	83.42122	329.4579	42.68249	92.76744	94.65049	0.00019936974	94.650566	94.64809	208000	0.0	2353.4675	-0.022200352	-13.362305	0.8567168	0.009677523	0.14575	79.0	24757.554552316666
52	132.75632	68.06734	318.74054	40.040306	64.39344	95.45563	0.00021971567	95.45571	95.4539	212000	1.0967255e-08	2463.224	-0.012512669	-118.97583	0.84648895	0.019903814	0.23075	2.0	24816.66730451584
53	268.36105	63.704414	325.34344	42.28449	105.08108	93.051956	0.000272708	93.05206	93.04912	216000	-9.536743e-09	2833.4653	-0.023195408	-102.12378	0.84558105	0.007902243	0.132	79.0	24905.290353775024
54	168.31795	83.62515	343.62427	49.831017	75.41509	95.18011	0.00022380121	95.18021	95.178246	220000	4.2915342e-09	2347.2593	-0.009755293	-15.425049	0.84707713	0.02115098	0.271	3.0	25168.966631412506
55	279.86484	57.210503	337.6512	63.13053	109.5	94.41973	0.0002071657	94.41982	94.41796	224000	2.384186e-10	2645.3052	-0.019498376	-105.16284	0.84651375	0.006889482	0.09925	79.0	25234.951022863388
56	229.77937	82.13056	332.2187	58.356064	94.95238	96.69478	0.00018870406	96.69484	96.69285	228000	2.861023e-09	2335.7205	-0.022135656	-16.038818	0.8564014	0.008966447	0.1495	79.0	25308.06051182747
57	113.18141	61.083538	315.85458	40.695854	56.971016	97.76552	0.00022896346	97.7656	97.763725	232000	-7.7486035e-09	2835.686	-0.011682121	-238.99512	0.8474936	0.019187983	0.21375	2.0	25356.48620557785
58	246.44458	74.5734	325.8223	43.891712	99.975	94.28201	0.003374679	94.28327	94.26474	236000	-6.437302e-09	2357.3352	-0.022096759	-31.905273	0.84653753	0.011918019	0.11275	79.0	25424.566232204437
59	180.43095	67.45175	322.4749	44.526115	82.208336	95.381584	0.00024847302	95.38167	95.37886	240000	-3.8146974e-09	1987.2732	-0.0052252416	-20.748413	0.8435453	0.016336342	0.24625	4.0	25470.003949403763
60	185.28185	72.08981	324.76913	71.15465	82.5625	94.41664	0.00027238653	94.41673	94.413506	244000	2.7418137e-09	1980.6061	-0.012476687	-11.353882	0.8427278	0.015413502	0.2015	2.0	25526.921586990356
61	280.5119	70.01928	346.8021	40.12076	108.861115	93.55655	0.00030424877	93.556656	93.5528	248000	9.059906e-09	3014.0857	-0.0191358	-140.11914	0.8421557	0.009354865	0.10675	79.0	25597.62016391754
62	215.55145	83.94671	323.45706	59.493393	89.931816	96.29723	0.00021823013	96.2973	96.295006	252000	-3.0398368e-09	2241.0588	-0.008132438	-7.5439453	0.83962727	0.016146429	0.2295	4.0	25646.16803097725
63	254.9176	61.303604	318.5515	76.79025	103.57895	97.12898	0.0001879343	97.12904	97.12707	256000	5.9604643e-10	2208.5813	-0.019175302	-34.978027	0.8387198	0.006378133	0.09625	79.0	25714.539745807648
64	157.16705	75.898094	328.53452	44.49533	73.77778	98.5803	0.0002052825	98.58037	98.57847	260000	6.6757204e-09	2469.0503	-0.002836721	-85.98218	0.84352416	0.01937096	0.2745	3.0	25770.46018266678
65	178.18242	66.508545	312.4716	70.99701	81.729164	96.41497	0.00023840985	96.41506	96.412895	264000	1.6689301e-09	1999.4816	-0.0058443933	-41.087524	0.8422571	0.023432918	0.2625	2.0	25832.401208639145
66	285.1691	16.062258	324.13092	254.27881	112.08572	94.71332	0.0002964492	94.71343	94.70955	268000	4.7683715e-09	2323.4443	-0.021212164	-108.19263	0.84089977	0.008883789	0.11425	79.0	25900.724653720856
67	225.00475	66.4604	329.69614	42.346848	94.690475	97.17602	0.00021918565	97.176094	97.173386	272000	7.867813e-09	1868.8574	-0.013814566	-4.5946045	0.8684654	0.015420815	0.1645	21.0	25964.1072101593
68	153.4015	68.21763	277.25546	40.118095	72.4	97.87575	0.00022730221	97.875824	97.87367	276000	-1.6689301e-09	2115.9375	-0.006411057	-103.92871	0.87125456	0.021318184	0.26075	3.0	26024.937118053436
69	223.23105	76.64554	322.9336	42.368057	93.45238	95.3668	0.00031902973	95.36693	95.36432	280000	3.5762787e-10	2077.2446	-0.010524547	-7.307129	0.8708067	0.015814636	0.16875	9.0	26081.191254377365
70	160.56128	79.22288	287.99637	58.450916	73.71698	95.91567	0.00030203364	95.91581	95.91259	284000	-7.212162e-09	2292.9053	-0.011839063	-40.519287	0.8684361	0.016190765	0.17075	2.0	26135.78783774376
71	283.48315	59.635406	342.5152	40.21428	110.916664	94.34809	0.004503887	94.34968	94.32502	288000	1.9669533e-09	2716.7922	-0.019794118	-138.54712	0.86731577	0.0067937113	0.126	79.0	26198.39536190033
72	190.99834	92.49482	337.83218	42.308502	82.5625	97.22976	0.00020703815	97.22982	97.228226	292000	-4.2915342e-09	2357.227	-0.0046352153	0.01171875	0.8710007	0.018121019	0.26975	4.0	26255.95339989662
73	170.61078	80.025986	328.7859	68.92485	78.39216	97.226845	0.00021131735	97.2269	97.22468	296000	3.9339065e-09	2498.7803	-0.0060319123	-53.942627	0.87052613	0.022387195	0.27525	3.0	26319.977388381958
74	261.03888	89.44036	339.23886	40.406643	102.92105	95.31553	0.00022733913	95.315605	95.312485	300000	3.8146974e-09	2932.4883	-0.0187611	-104.67847	0.87016463	0.0028367415	0.10725	79.0	26383.98206138611
75	162.66441	93.2212	320.73508	38.556747	73.5	97.84225	0.00021784246	97.84234	97.84017	304000	5.722046e-09	2726.4363	-0.0084248455	-33.531006	0.86443585	0.015660353	0.155	2.0	26455.892122268677
76	256.71622	63.13553	352.53748	40.496044	102.289474	96.4949	0.00021486047	96.494965	96.49225	308000	-1.4066696e-08	2300.299	-0.006799494	-71.10254	0.86375946	0.017025765	0.232	4.0	26512.456347703934
77	247.68547	70.523994	340.6813	40.293114	100.53846	98.58611	0.00017824105	98.58616	98.584656	312000	5.841255e-09	2192.1248	-0.023421358	-34.28076	0.8617064	0.010328824	0.112	79.0	26579.40908575058
78	175.02557	79.62995	317.68732	59.157837	78.96	100.24925	0.0001852903	100.24932	100.24788	316000	-8.106232e-09	2316.4421	-0.005499852	-48.80249	0.866546	0.020764219	0.26025	3.0	26640.785362958908
79	270.07828	76.30298	354.56943	67.37579	106.35135	98.48424	0.00018522514	98.4843	98.48251	320000	1.9371509e-09	2745.829	-0.020702705	-77.51074	0.8662473	0.0057868147	0.11	79.0	26706.654368162155
80	132.74829	64.13334	291.87137	39.299877	65.08197	100.70338	0.00020541933	100.703445	100.70183	324000	8.5830685e-09	2799.3518	-0.005563786	-244.10132	0.8712864	0.02416821	0.30875	2.0	26768.799268245697
81	244.94481	47.368774	327.20938	54.0161	100.51282	96.821106	0.00038991153	96.82125	96.816666	328000	3.0994416e-09	1793.022	-0.022928325	-13.915405	0.87062687	0.007819291	0.127	79.0	26835.62975859642
82	197.27605	62.43977	309.55942	67.762276	86.391304	97.57303	0.00030702038	97.57314	97.5699	332000	-3.3974648e-09	1715.5037	-0.004146119	-9.487549	0.8707959	0.01959872	0.27275	3.0	26903.895382404327
83	273.5656	36.169067	342.90973	216.07251	108.10811	96.84294	0.00036951635	96.84309	96.83817	336000	-1.6689301e-09	2354.707	-0.020722	-88.004395	0.8696861	0.0020109816	0.1065	79.0	26973.36210823059
84	190.76404	59.160397	324.5443	50.291454	85.73913	99.23609	0.0002388377	99.23617	99.23393	340000	-3.516674e-09	1765.4734	-0.005514438	-29.61206	0.8576466	0.019045876	0.216	3.0	27031.760487794876
85	244.86511	83.343346	332.74652	38.973362	97.414635	97.94375	0.00027519692	97.94385	97.94136	344000	6.198883e-09	2381.0051	-0.022527099	-44.156494	0.8567774	0.009522782	0.13325	79.0	27105.20711374283
86	142.9785	90.16106	346.20346	38.894993	64.83607	99.61188	0.00025399725	99.61197	99.609566	348000	-3.9339065e-09	2782.2512	-0.008388103	-83.41211	0.8612731	0.028191222	0.29825	2.0	27174.478180646896
87	310.70715	27.204638	355.01422	249.86302	117.29412	97.29789	0.000552101	97.29808	97.292175	352000	5.841255e-09	3082.7903	-0.02265148	-194.40894	0.8606158	0.006971034	0.12325	79.0	27246.875487804413
88	235.42897	88.17274	344.60715	41.753403	95.14286	100.77396	0.00020869891	100.77401	100.771385	356000	-1.0728836e-09	2362.1228	-0.00451042	-21.574463	0.8525735	0.016325729	0.12675	3.0	27385.387013673782
89	239.33522	100.19076	359.34515	38.31639	95.2381	102.19903	0.00017497492	102.19907	102.19627	360000	1.0728836e-09	3043.7837	-0.005459713	-35.681396	0.8507568	0.022262141	0.25925	3.0	27579.578431606293
90	305.6572	58.604	357.09515	68.14338	115.70588	103.82042	0.00013500768	103.82046	103.81896	364000	-6.0200693e-09	2947.534	-0.016606038	-136.74585	0.84876174	0.0059384806	0.10375	79.0	27663.174520730972
91	174.13959	79.62645	342.89706	75.179756	79.62	106.96277	0.00013515823	106.962814	106.96171	368000	1.6629697e-08	2912.4246	-0.0051382217	-119.43848	0.84614	0.02058131	0.19525	2.0	27715.85768842697
92	297.38376	46.60623	354.93558	141.54837	113.828575	104.299034	0.0001506519	104.29906	104.297554	372000	-2.1457671e-09	2616.9692	-0.02216481	-74.77368	0.84540176	0.0048766	0.127	79.0	27779.106376886368
93	200.49457	82.18801	328.40894	65.52994	86.95556	106.35848	0.00014576163	106.35852	106.3572	376000	1.8119811e-08	2399.4087	-0.0059140176	-23.180176	0.8447361	0.021653874	0.2165	2.0	27830.885100603104
94	305.74762	42.874523	348.61935	111.258415	116.05882	105.241516	0.00014337066	105.24155	105.23983	380000	-3.9339065e-09	2676.086	-0.021200227	-96.7251	0.8431094	0.007142674	0.095	79.0	27895.666983366013
95	217.96782	96.40011	361.0952	55.392822	90.52273	107.712	0.0001302839	107.71203	107.71095	384000	1.001358e-08	2720.4187	-0.0059867846	-2.4543457	0.85178614	0.022870788	0.2495	3.0	27950.039548158646
96	242.94398	112.61105	354.08463	42.685722	96.80488	107.42258	0.00013325662	107.42261	107.42118	388000	-1.1444092e-08	3000.4321	-0.00331095	-13.796387	0.85182315	0.01656513	0.22675	3.0	28056.079129219055
97	307.79816	82.49641	366.04517	40.606117	115.79412	108.37694	0.000111741785	108.37698	108.37594	392000	9.775162e-09	3032.854	-0.0206885	-125.38452	0.8513215	0.0058137546	0.13475	79.0	28157.317337989807
98	195.52686	115.1601	354.6266	50.462643	82.1875	111.41563	0.00011207928	111.41565	111.41409	396000	1.168251e-08	3250.1267	-0.004705484	-18.341309	0.85985935	0.016989307	0.228	2.0	28212.649103164673
99	292.9238	71.26814	346.98837	67.72639	112.65714	110.420265	0.000104709376	110.4203	110.41934	400000	5.00679e-09	2513.5298	-0.024295762	-46.006104	0.858541	0.008928195	0.152	79.0	28278.23383665085
100	222.85225	96.15224	352.4776	42.19444	92.4186	112.176155	0.00010439691	112.176186	112.175316	404000	4.529953e-09	2586.5942	-0.004816511	-10.351807	0.8423522	0.019023612	0.23925	3.0	28330.94319987297
101	317.6918	34.786606	354.13242	145.91603	119.818184	111.39745	9.589188e-05	111.39749	111.3966	408000	6.0796737e-09	2598.2654	-0.020468106	-77.89966	0.8419775	0.006684734	0.12075	79.0	28404.959635019302
102	205.9144	105.7311	344.31067	52.21716	86.28261	113.7657	9.96717e-05	113.765724	113.76491	412000	-3.516674e-09	3066.644	-0.0027766472	-31.984863	0.84485644	0.020278333	0.26225	2.0	28467.419055223465
103	286.3979	55.186893	360.30704	49.891674	111.42857	112.33595	9.8877805e-05	112.33598	112.335075	416000	-5.841255e-09	2267.777	-0.005579125	-20.67627	0.8444385	0.017634502	0.197	3.0	28521.269776821136
104	274.55142	78.98166	348.84552	67.68854	108.111115	113.51321	9.3736824e-05	113.51324	113.51238	420000	7.629395e-09	2707.381	-0.023358444	-11.286621	0.84323406	0.006329234	0.1315	79.0	28588.69381070137
105	167.08392	88.52905	354.28192	63.54614	76.09615	114.54644	0.00010307126	114.54646	114.54557	424000	-7.629395e-09	3567.1028	-0.005989758	-246.86865	0.83447385	0.017323695	0.2365	3.0	28647.7918612957
106	138.01236	64.03239	343.34348	50.67373	67.86207	110.24366	0.00018945379	110.24372	110.24207	428000	-2.9802323e-09	3517.996	-0.0036417928	-1614.6044	0.8336985	0.017150523	0.23025	2.0	28708.243045806885
107	273.25427	75.755745	346.7882	64.89304	106.5946	78.473854	8.595277	99.07028	56.071495	432000	1.4305115e-09	3974.7737	-0.022055304	-1566.7849	0.8327957	0.0097538605	0.121	79.0	28778.159332990646
108	188.17732	114.10803	348.98148	40.13789	78.36	106.90281	0.17246151	106.97792	106.06476	436000	-9.536744e-10	3013.1123	-0.025366215	-3.7070312	0.8388738	0.0071217907	0.16925	79.0	28855.672194957733
109	100.139694	69.91853	313.81824	39.941032	49.8125	106.46375	0.1724852	106.56337	105.86899	440000	-1.3113022e-09	4095.1553	-0.0027519122	-1526.8989	0.82299244	0.024921287	0.298	2.0	28907.793200969696
110	286.8409	62.311268	357.30743	74.06974	110.52778	86.6424	7.8004527	95.17646	58.42635	444000	-1.9073487e-09	3562.886	-0.003967914	-774.9175	0.82214785	0.017309567	0.2535	3.0	28965.54125213623
111	253.25208	89.2251	365.49838	78.31248	101.48718	99.16142	3.7651703	104.62485	92.05125	448000	-9.715557e-09	2974.6653	-0.004799692	-109.27466	0.82080954	0.017618591	0.22275	3.0	29017.028829574585
112	249.14299	101.20706	379.90787	43.708473	99.075	104.20122	3.7664723	106.011734	93.739624	452000	6.6757204e-09	2984.5867	-0.027281327	-50.420654	0.81920546	0.0074109575	0.13875	79.0	29102.67438840866
113	144.96457	75.79649	374.49133	66.31192	69.75439	106.10221	2.1085675	107.15863	100.60162	456000	1.4305115e-09	3436.371	-0.004250008	-493.052	0.81532454	0.01610849	0.19475	3.0	29161.281942129135
114	196.22247	95.55097	386.52313	57.809845	84.46809	98.18628	3.5422196	103.67703	91.38353	460000	1.0490417e-08	2789.9456	-0.023780929	-14.455811	0.81514806	0.005088366	0.149	79.0	29234.9950902462
115	95.55648	45.42597	309.6738	42.298344	50.468353	95.32694	2.7065022	101.55061	90.81217	464000	-1.001358e-08	3164.1587	-0.00035262035	-1231.8993	0.8035416	0.036233142	0.38025	2.0	29292.19140982628
116	329.79706	31.685514	380.57767	228.00958	121.4375	83.102005	6.866907	93.812416	68.23083	468000	2.1457671e-09	5194.216	-0.02024451	-1528.7561	0.80247325	0.003704065	0.12075	79.0	29365.788487434387
117	190.51141	75.58029	370.6838	53.15417	84.82979	99.830826	5.041794	102.694496	87.03324	472000	9.298325e-09	2352.9485	-0.0037265155	-18.981934	0.7854493	0.015049027	0.213	2.0	29427.508900165558
118	321.37958	68.774826	384.69736	62.621944	118.454544	99.84129	4.32026	101.965996	88.28935	476000	-1.0728836e-09	3844.3633	-0.018311523	-325.13135	0.7843864	0.0039390954	0.14025	79.0	29495.667371988297
119	281.3326	88.85983	386.29742	81.29995	108.0	104.662476	0.95728266	104.9856	99.67868	480000	1.4305115e-09	3269.339	-0.02379097	-76.15576	0.76568156	0.0090520345	0.14025	79.0	29559.29363179207
120	123.51791	76.417564	395.88403	40.06637	60.46154	106.94867	0.04208535	106.96994	105.751816	484000	-2.1457671e-09	3843.9211	-0.0024927352	-394.50024	0.7662344	0.034222517	0.34725	2.0	29618.306486845016
121	316.48807	43.34965	369.69534	163.23317	117.23529	102.36311	2.8326583	103.52368	92.07506	488000	8.34465e-09	3275.5303	-0.02034754	-168.7771	0.7654916	0.0034082457	0.11575	79.0	29696.656928777695
122	223.90463	92.986015	394.98923	51.25559	93.023254	105.398315	0.5855428	105.61957	102.49829	492000	-3.5762786e-09	2857.057	-0.0049188533	0.3959961	0.7597783	0.015138178	0.18925	3.0	29748.920791625977
123	178.46587	90.73221	381.94717	42.70584	79.5102	105.71733	0.20810935	105.80437	103.836624	496000	2.3245812e-09	3099.1904	-0.002884858	-68.25195	0.7589248	0.025078313	0.2925	2.0	29810.93897128105
124	319.07455	83.576065	393.36166	40.362686	116.67647	103.543045	1.9193094	104.32962	97.7726	500000	3.8146974e-09	3825.6323	-0.019881599	-214.5791	0.75838614	0.0037048885	0.11875	79.0	29904.559458732605
125	270.05923	95.962845	405.67896	51.692783	104.60526	107.0963	0.029727027	107.10968	106.76633	504000	-1.26361845e-08	3081.9329	-0.026172677	-37.971924	0.7517627	0.0061066244	0.157	79.0	29966.305903434753
126	134.18826	83.53679	376.64865	40.397663	63.126984	108.65614	0.021501098	108.66875	108.47784	508000	8.8214875e-09	3564.1875	-0.003041586	-215.6272	0.74842185	0.034044214	0.335	2.0	30017.757660865784
127	322.32016	53.958187	400.0785	169.02008	118.69697	105.445	0.17423964	105.504135	104.04411	512000	-3.5762787e-10	3391.6743	-0.021532195	-116.13623	0.7482716	0.0025684198	0.12925	79.0	30091.896560192108
128	218.96133	108.256676	397.4392	51.60183	89.795456	107.66493	0.027877951	107.67816	107.5155	516000	1.4781952e-08	3301.211	0.00030732393	0.3491211	0.7428747	0.022838634	0.26625	2.0	30148.534821271896
129	336.53625	59.68223	441.1414	78.1487	122.1875	107.73915	0.024111275	107.749146	107.52578	520000	3.695488e-09	3714.513	-0.022286875	-161.91382	0.7420605	0.011177241	0.1505	79.0	30221.027868032455
130	318.3267	71.132965	379.673	76.015495	117.02941	110.57256	0.013738759	110.57886	110.38628	524000	-2.384186e-10	3356.0464	-0.024416348	-101.22925	0.7349619	0.011320624	0.139	79.0	30297.958807468414
131	218.02798	92.27248	364.4892	49.55133	90.11364	112.98919	0.011004447	112.99487	112.869675	528000	3.9339065e-09	2726.7385	-0.0013177838	-13.595703	0.7239643	0.020867879	0.2585	2.0	30355.613349199295
132	312.29852	78.02211	388.8676	57.44708	115.617645	112.26762	0.010622409	112.272736	112.17483	532000	-5.722046e-09	3247.201	-0.022409834	-65.781006	0.7235957	0.008858501	0.1475	79.0	30427.316395044327
133	222.99782	116.10685	395.0392	43.51508	89.431816	114.06396	0.009958542	114.06922	113.95028	536000	-1.1086464e-08	3137.7615	-0.009242711	-0.5124512	0.72304434	0.034172356	0.318	2.0	30491.16389465332
134	353.2312	26.54896	384.50378	225.74307	126.935486	113.97464	0.008683732	113.978714	113.89392	540000	-6.437302e-09	3434.346	-0.022400897	-136.23291	0.7222272	0.006193202	0.132	79.0	30555.260407686234
135	320.72144	71.81957	386.77148	134.17477	118.42424	116.671875	0.007344077	116.67543	116.56855	544000	1.1920929e-09	3195.952	-0.0232866	-65.66675	0.7262058	0.006407712	0.1275	79.0	30643.67362165451
136	221.66563	109.59952	406.40912	46.275135	90.545456	118.72436	0.0072966246	118.72808	118.62928	548000	-1.66893e-08	3319.9045	-0.0034420467	-22.847168	0.7225087	0.022329876	0.24525	2.0	30797.3182451725
137	326.43213	72.21917	391.62155	45.634033	119.09091	117.6905	0.0067487145	117.69382	117.59161	552000	-5.841255e-09	3089.8667	-0.0022354154	-64.58374	0.7218762	0.020734662	0.20625	2.0	30852.226319551468
138	352.89856	27.60684	384.05737	213.94748	127.064514	119.53639	0.0060631153	119.53926	119.44502	556000	1.168251e-08	3122.6328	-0.019371415	-98.963135	0.72146094	0.004001067	0.11425	79.0	30925.148675203323
139	255.39777	103.991196	420.1637	40.445087	100.69231	122.03299	0.00573977	122.03587	121.958305	560000	-5.9604646e-09	3030.1526	-0.0017888425	-3.024414	0.7213306	0.024610547	0.2905	2.0	30982.46291923523
140	354.44446	47.724648	429.93112	112.18186	127.80645	121.72069	0.005055871	121.72318	121.6629	564000	1.4781952e-08	3209.7703	-0.022140244	-79.8457	0.7206653	0.0051878137	0.12775	79.0	31057.040812969208
141	339.89972	65.58127	379.2324	70.75294	123.71875	123.869896	0.0049602706	123.87227	123.81055	568000	7.152557e-09	3068.9365	-0.022646176	-51.997314	0.72596544	0.0051852954	0.126	79.0	31118.359204769135
142	161.61511	114.53433	380.0296	41.94538	70.74545	125.7738	0.0059347246	125.777016	125.70969	572000	7.092953e-09	4913.75	-0.0054598306	-215.26514	0.7288731	0.0326865	0.363	2.0	31186.514981746674
143	295.14215	94.25388	386.67307	58.91677	112.51428	122.30311	0.006738432	122.30623	122.23571	576000	-9.298325e-09	3096.417	-0.007617607	-0.7753906	0.7288243	0.016968679	0.17925	7.0	31235.683324098587
144	214.44319	126.939	408.20416	46.113125	87.8	122.39805	0.007817068	122.40195	122.29983	580000	1.9073487e-09	3975.6638	-0.0008677063	-39.37207	0.72898895	0.025356771	0.2565	2.0	31408.348392486572
145	355.85483	26.274794	422.8162	269.28784	129.43333	120.88433	0.0085211415	120.88784	120.74498	584000	-2.5629998e-09	3185.9106	-0.023214126	-91.55469	0.7284804	0.006413663	0.117	79.0	31537.996946573257
146	251.41771	129.65918	386.55362	46.059696	97.36585	123.15988	0.0075255577	123.16347	123.085846	588000	-1.9073487e-09	3399.4907	-0.026736006	0.31982422	0.74611664	0.011342354	0.15325	79.0	31806.342482566833
147	146.69933	101.978165	365.1191	48.21637	66.316666	123.32583	0.009278353	123.33088	123.23225	592000	1.4305115e-09	4785.9707	-0.0025767377	-347.8584	0.74181443	0.017164472	0.265	2.0	32015.31220293045
148	300.4764	80.9004	369.8067	57.967186	113.37143	118.773544	0.051931046	118.79284	118.4097	596000	-1.525879e-08	2733.5715	-0.02437193	-10.114258	0.74131125	0.00792272	0.14925	79.0	32274.632421016693
149	160.57277	95.01183	382.4564	38.875156	72.01852	119.33067	0.034917753	119.34725	119.00945	600000	-9.536744e-10	3802.4226	-0.0020509749	-434.61914	0.74979776	0.027840354	0.3205	2.0	32325.457314491272
150	359.99542	27.815031	405.95584	292.63565	130.03334	112.15269	4.529733	116.19297	96.81928	604000	9.775162e-09	3684.7573	-0.021836469	-380.32324	0.7492603	0.0055524255	0.0945	79.0	32397.382871866226
151	252.05356	114.24883	393.8248	63.379147	98.75	118.74147	0.15931997	118.777435	115.44082	608000	3.0994416e-09	3168.4575	-0.004112052	0.25585938	0.7591158	0.018086135	0.24375	3.0	32549.67333292961
152	298.4291	83.149796	363.82556	73.6338	113.6	119.03893	0.041892473	119.04819	117.575264	612000	9.417534e-09	2846.5698	-0.024506034	-12.224609	0.75828093	0.007936312	0.1325	79.0	32712.071293115616
153	169.79663	101.09492	504.63174	40.71617	76.52941	119.87998	0.038356565	119.890015	118.83606	616000	3.7550927e-09	4086.508	0.00077831035	-226.61694	0.7542464	0.02150391	0.28925	2.0	32772.23466658592
154	307.95135	91.8986	552.73206	54.03316	116.29412	116.09386	1.4953645	116.59779	108.14798	620000	5.722046e-09	3161.1194	-0.027879301	-44.90747	0.7533086	0.013625767	0.15075	79.0	32842.87310528755
155	258.15298	94.56562	393.60568	42.25552	101.74359	117.71195	0.17923878	117.73471	112.22563	624000	-1.5616417e-08	2514.851	-0.0061713206	0.125	0.7642361	0.018676033	0.1655	3.0	32898.839624643326
156	260.41562	109.24406	418.44788	38.623047	102.68421	117.81413	0.22211757	117.83736	110.927864	628000	2.861023e-09	3117.6191	-0.029682217	-0.71313477	0.7640312	0.01015447	0.15375	79.0	32976.96486878395
157	131.25285	90.37721	415.80304	40.110283	62.873016	118.01168	0.20371169	118.03631	111.27374	632000	9.536744e-10	4854.0303	-0.0050220056	-925.38525	0.7617201	0.027212596	0.332	2.0	33026.874349594116
158	294.40317	105.88126	523.3749	68.262245	113.97059	108.125465	6.0543065	113.30566	82.11526	636000	7.1525574e-10	3835.3955	-0.028046211	-202.97144	0.7614174	0.01276614	0.173	79.0	33090.82169985771
159	168.61845	109.036385	389.22897	43.39641	74.90566	112.33241	3.24437	114.713425	101.35557	640000	2.6226044e-09	3791.9727	-0.004913463	-208.47192	0.7504635	0.016114552	0.262	2.0	33151.66298246384
160	312.63367	98.58442	506.48816	49.21162	117.617645	108.33238	4.5806313	112.66055	99.119896	644000	-1.1205673e-08	3610.5088	-0.024019727	-232.5857	0.7496531	0.0094780745	0.1275	79.0	33224.46950721741
161	204.40627	107.41189	392.37347	44.184326	86.95556	112.8683	2.8372648	114.77344	103.860695	648000	5.960465e-11	3093.0537	-0.001890775	-29.333984	0.75369954	0.016672872	0.282	2.0	33279.793884038925
162	328.995	77.88121	430.48947	40.56308	122.625	112.09786	2.8436015	113.84435	103.308846	652000	9.298325e-09	3343.2012	-0.02520382	-140.58643	0.75313574	0.0064665596	0.1255	79.0	33377.94145154953
163	271.07785	100.50136	385.96216	42.18125	107.324326	115.19166	2.2223778	116.15505	108.91499	656000	-2.6226044e-09	2843.3198	-0.030528834	-12.333008	0.7658072	0.01397884	0.16225	79.0	33451.52953720093
164	138.3452	89.669395	363.0116	48.253143	64.934425	116.14718	1.8803362	116.88278	108.2215	660000	-1.9073487e-09	4167.8936	-0.0073189754	-665.70337	0.7653031	0.02356969	0.2935	2.0	33522.60633516312
165	215.87784	115.53028	482.26224	38.515694	90.25581	107.745125	4.55156	112.9375	98.86598	664000	-9.298325e-09	3488.7817	-0.0034881444	-8.973145	0.7643737	0.019037513	0.23425	2.0	33574.00836467743
166	296.15308	104.56991	475.3159	38.507423	114.882355	105.716934	2.706224	112.6621	99.1764	668000	1.168251e-08	3549.7336	-0.0034539015	-248.77563	0.7625869	0.016379604	0.159	2.0	33638.03492832184
167	308.03036	80.09618	400.33362	147.24269	118.84849	112.70386	2.93643	114.59052	101.22878	672000	-3.5762786e-09	3024.2388	-0.023902453	-63.976562	0.7614417	0.0059964578	0.12325	79.0	33694.849769830704
168	244.33702	111.16571	401.73566	72.14632	100.74359	114.73752	2.720785	116.35782	108.79294	676000	3.5762786e-09	3236.603	-0.02719604	-1.4951172	0.77384955	0.011834063	0.14375	79.0	33763.25323653221
169	167.81361	103.67765	396.4768	48.271862	76.03846	113.99924	2.9143612	116.12695	107.323364	680000	-8.34465e-09	3637.6335	-0.001917407	-214.87085	0.7835944	0.016708102	0.23925	2.0	33819.697845458984
170	305.55396	125.64025	484.3919	46.493694	116.29412	110.63953	3.0987437	113.18596	101.1043	684000	-2.861023e-09	3990.5178	-0.027725244	-123.3938	0.78313243	0.011695582	0.15475	79.0	33893.517122507095
171	185.84381	121.81529	409.19495	46.543606	79.938774	112.78773	3.137674	115.332016	107.29773	688000	1.7881394e-10	3798.4197	-0.003546189	-43.920166	0.77553624	0.024796506	0.2595	2.0	33954.33603954315
172	311.34012	130.0684	534.02167	55.31892	116.14706	111.90566	3.0279214	114.07383	106.413994	692000	-1.1324882e-08	4187.479	-0.028765215	-150.76392	0.7748684	0.011057009	0.1765	79.0	34027.9640982151
173	196.44005	142.69562	504.37738	50.01406	82.104164	114.513016	2.9961724	116.6763	108.91159	696000	7.1525574e-10	4661.4004	0.0037664874	-13.620605	0.7696573	0.020688223	0.2835	2.0	34080.4410943985
174	332.70554	74.43945	518.7515	42.90097	123.53125	114.42733	2.750292	116.01256	108.70097	700000	-6.198883e-09	3204.1934	-0.022839252	-127.29956	0.769151	0.0047277887	0.12275	79.0	34141.72191286087
175	248.52881	119.688774	509.64197	41.987732	99.225	117.31753	2.3484905	118.39384	111.53056	704000	4.053116e-09	3294.976	-0.02738501	-0.122802734	0.7817637	0.01035013	0.153	79.0	34209.6877245903
176	195.8538	108.60802	425.4436	44.569347	83.914894	117.45877	2.3363776	118.540535	111.69127	708000	3.9935113e-09	3415.355	-0.0092961965	-114.20972	0.7704199	0.01989122	0.31925	2.0	34263.424716472626
177	261.60638	119.82753	503.67816	71.42587	102.92105	114.42875	2.87588	116.271866	108.64206	712000	4.7683715e-09	3673.733	-0.0040731863	-7.7351074	0.7699485	0.02426607	0.26575	2.0	34322.88478732109
178	392.84048	43.96925	499.3363	340.5632	139.17857	115.51014	2.4901047	116.748856	109.070694	716000	1.3232231e-08	4358.7856	-0.02676259	-368.22803	0.76946735	0.005635108	0.1275	79.0	34401.14618206024
179	257.95822	123.958725	442.46924	48.138493	101.20513	120.92246	0.82574755	121.09899	114.31036	720000	2.0861626e-09	3492.2031	-0.003289097	0.022460938	0.77643776	0.017978406	0.1935	2.0	34461.094089746475
180	383.4482	57.529057	497.986	138.75899	135.68965	121.45142	0.2932504	121.48653	115.17436	724000	-1.525879e-08	3955.1882	-0.029012145	-174.81787	0.7756653	0.0072113858	0.14475	79.0	34525.514701366425
181	304.9577	116.01692	494.26303	59.836853	115.32353	124.79426	0.031815607	124.79857	123.89546	728000	-2.384186e-10	3649.0183	-0.028415767	-14.575195	0.7554654	0.007725339	0.1545	79.0	34683.17795729637
182	192.70525	129.49849	472.4624	48.333103	82.041664	125.9601	0.057303462	125.966	123.27355	732000	1.1920929e-08	4466.0303	0.00075906585	-123.44141	0.7598394	0.026513828	0.26025	2.0	34768.43721246719
183	371.58344	45.72645	498.17978	289.03976	135.10345	123.18905	0.17677528	123.20727	117.556145	736000	7.510185e-09	3292.0698	-0.02879771	-89.15234	0.75979364	0.008990989	0.16925	79.0	35075.3202753067
184	275.2923	114.1197	529.738	62.35902	108.55556	125.41839	0.02682797	125.42239	124.25723	740000	6.556511e-09	3383.0232	-0.030157568	-0.36572266	0.7653769	0.009676981	0.1585	79.0	35212.777185201645
185	206.08817	106.829994	382.56467	41.841133	88.6	125.34758	0.027797773	125.35271	124.80741	744000	-1.34706495e-08	3774.9297	-0.0015756215	-156.8003	0.7633906	0.022091344	0.261	2.0	35464.07183146477
186	385.36874	98.08896	536.8108	201.6865	137.85715	122.13846	0.26395044	122.17528	115.86366	748000	-3.8743018e-09	4712.1626	-0.02868202	-193.79346	0.7631987	0.010270056	0.15975	79.0	35683.89111971855
187	220.85997	130.42252	529.1204	45.668316	91.81396	125.43393	0.108707435	125.44018	119.81403	752000	-1.2159347e-08	4113.8276	1.5286447e-05	-46.096924	0.77133363	0.015266406	0.26125	2.0	35908.67306780815
188	361.29874	98.647285	539.6085	47.416325	132.46666	123.94734	0.17614867	123.95967	116.79012	756000	7.688999e-09	3733.3467	-0.029408123	-81.54932	0.7710013	0.0074675865	0.15625	79.0	36151.19602870941
189	380.9545	99.47572	564.587	140.26718	137.72414	126.076546	0.009693952	126.07844	125.900406	760000	7.152557e-09	4231.8223	-0.02985376	-122.76123	0.7669615	0.010574009	0.134	79.0	36472.58842086792
190	239.29852	155.68059	535.1791	42.143158	93.80488	128.94066	0.010493078	128.94257	128.5669	764000	-1.1444092e-08	4946.562	-0.007064589	0.022949219	0.7764597	0.028212778	0.36625	2.0	36650.33879828453
191	390.46658	79.274284	522.2336	128.21765	139.46428	128.94168	0.0090864925	128.94312	128.58412	768000	1.6093255e-09	3854.4753	-0.02973341	-111.60156	0.7761327	0.0077878954	0.15725	79.0	36844.97020602226
192	277.50378	145.42029	519.7021	53.979744	107.916664	131.56387	0.008988404	131.56538	131.26213	772000	6.7949295e-09	4271.114	-0.0023407463	0.2446289	0.77533454	0.016275035	0.281	2.0	37014.114580869675
193	382.14236	101.56538	547.72974	220.83817	137.3793	131.62315	0.014084399	131.6246	131.05603	776000	1.7881393e-09	4026.8577	-0.02876448	-75.446045	0.775239	0.007957391	0.1595	79.0	37257.74836587906
194	300.99457	131.50548	534.8993	139.78189	116.088234	133.82016	0.022394855	133.82167	132.50218	780000	1.168251e-08	4204.9795	-0.028273903	-2.3623047	0.76673365	0.0050573577	0.1355	79.0	37416.467507362366
195	222.33598	132.31065	549.32306	52.098145	93.309525	133.5289	0.011172344	133.53058	133.18568	784000	-8.34465e-09	4671.198	0.0017368741	-148.13525	0.75897723	0.025646098	0.32775	2.0	37507.92233800888
196	407.53085	107.224434	550.51337	44.14758	142.21428	130.36284	0.02261371	130.36513	129.45058	788000	-1.001358e-08	4536.0615	-0.02766005	-165.12354	0.75852734	0.015177376	0.17775	47.0	37743.02250933647
197	362.70465	119.80636	564.4944	58.901394	130.36667	133.44235	0.006198696	133.4434	133.28836	792000	1.680851e-08	4050.9265	-0.005220813	-59.060547	0.7620406	0.017677614	0.19075	6.0	37797.02251648903
198	350.524	130.65851	529.40765	104.546295	127.129036	135.57559	0.004336229	135.5764	135.435	796000	-1.0490417e-08	4269.266	-0.009495373	-25.569824	0.76039916	0.018609365	0.241	9.0	37855.91814804077
199	324.2624	130.48708	508.89523	57.677647	119.15151	136.96535	0.0038412889	136.96611	136.83891	800000	-6.8545343e-09	3977.1006	-0.005011955	-2.4936523	0.75784695	0.021796001	0.2405	2.0	37914.58732151985
200	433.16342	94.242805	649.4284	231.51355	147.44444	137.44766	0.007834733	137.44843	136.99321	804000	-2.6226044e-09	4688.042	-0.027746616	-181.7251	0.75667673	0.013997874	0.174	79.0	37987.04675769806
201	405.70255	95.494576	517.23505	173.26715	140.75	140.94182	0.010312054	140.94263	140.34778	808000	-2.0086766e-08	4012.376	-0.027515905	-78.102295	0.7554524	0.011049532	0.149	79.0	38059.6327354908
202	183.125	98.31168	507.82053	55.03161	82.770836	143.40318	0.0029286218	143.40393	143.32898	812000	-7.390976e-09	5924.782	0.0022938866	-582.6631	0.75320834	0.0261974	0.2765	2.0	38111.560560941696
203	372.55634	121.93555	516.9926	63.038662	131.23334	137.73228	0.00545983	137.7333	137.59186	816000	1.1920929e-08	4113.332	-0.007296581	-25.172852	0.75210017	0.017640844	0.1965	8.0	38159.08429265022
204	344.9595	109.14751	537.19824	215.4396	127.03226	138.62508	0.0070782867	138.62622	138.4372	820000	-7.152557e-09	3657.943	-0.029593674	-1.8981934	0.75057983	0.0072122156	0.13975	79.0	38226.04089593887
205	255.95934	140.55876	618.1195	46.07403	100.871796	139.05179	0.0052936906	139.05292	138.93533	824000	4.053116e-09	4450.3125	-0.006736961	-60.82129	0.7549213	0.01726572	0.14925	2.0	38286.52395272255
206	319.03912	124.44296	580.423	60.856247	117.617645	137.20938	0.01422387	137.21104	136.606	828000	-1.180172e-08	3893.2876	-0.030526863	0.119628906	0.75400645	0.009152624	0.157	79.0	38353.7859017849
207	217.76736	141.03227	485.66925	49.926727	88.4	137.02866	0.019293321	137.03099	136.15213	832000	-1.3351441e-08	4915.175	-0.0024044653	-128.44482	0.7495082	0.022326572	0.28925	2.0	38409.12757587433
208	308.61148	79.27359	457.85574	145.43683	116.14706	134.26125	0.34678847	134.30762	126.469864	836000	-6.6757204e-09	2846.2295	-0.031047463	-7.1638184	0.7491959	0.00701905	0.148	79.0	38475.99268078804
209	216.70921	105.34734	498.5537	88.41698	92.558136	133.2743	1.0242991	133.50014	125.53329	840000	1.4305115e-09	4421.0205	-0.009724001	-811.5486	0.7384296	0.015461334	0.258	6.0	38534.053797245026
210	239.28227	108.72742	504.00333	67.70503	98.15	113.71588	9.231783	124.13884	95.05494	844000	1.66893e-08	3286.9685	2.371347e-05	-85.82422	0.73800945	0.019151762	0.25475	2.0	38592.793915987015
211	354.30954	66.43867	498.91602	159.33653	129.0	108.67674	2.6358926	114.59322	104.0882	848000	4.7683715e-09	4075.5164	-0.028451135	-784.2031	0.7377838	0.008981271	0.11375	79.0	38661.28194999695
212	284.72034	85.8519	367.32098	115.26887	110.44444	124.167114	2.1011543	124.9016	117.25984	852000	1.192093e-10	2897.7021	-0.0042862156	-1.513916	0.7383659	0.015956778	0.2185	6.0	38721.04004430771
213	357.60388	45.296375	513.1098	320.86026	130.53334	124.63269	0.88122183	124.8491	117.28296	856000	5.6028364e-09	2970.7798	-0.027321873	-68.109375	0.7351876	0.006764085	0.1295	79.0	38787.076345443726
214	337.92	78.452286	502.0494	77.11781	124.09375	126.78137	0.013080969	126.79104	126.41142	860000	-1.6391278e-08	2999.9624	-0.029942755	-34.76587	0.7335758	0.009689819	0.14775	79.0	38860.23973727226
215	170.31866	120.20446	480.48065	46.10454	73.81481	128.39603	0.056228586	128.40529	125.86759	864000	-9.775162e-09	4965.295	-0.010378069	-315.98877	0.7375905	0.02059467	0.288	5.0	38916.76378655434
216	191.80324	133.28471	415.72296	46.633354	78.74	123.31025	2.6605542	124.548904	116.93067	868000	3.5762787e-10	4285.6914	-0.007282561	-138.88867	0.73659706	0.019078331	0.30925	5.0	38974.82885789871
217	331.9245	98.53956	512.33264	57.300533	121.65625	119.29902	3.5664692	122.40416	114.84056	872000	-1.01923945e-08	3647.7134	-0.033232275	-156.8982	0.73384994	0.015476891	0.18825	78.0	39036.36068677902
218	291.18582	100.84913	445.70578	62.03713	110.97222	123.282364	2.638084	124.50803	116.84305	876000	1.1205673e-08	3087.0334	-0.010450292	-8.299072	0.7332733	0.016664669	0.19575	8.0	39094.44636321068
219	154.27464	109.30228	467.5942	45.30046	69.10526	123.78894	2.6980808	125.16138	117.47905	880000	-1.7881393e-09	4844.934	-0.005412502	-552.16943	0.73154396	0.01532009	0.20725	2.0	39147.17957806587
220	175.43332	111.02581	388.28775	46.170296	76.30769	115.57519	3.0903997	121.13077	113.30763	884000	4.768372e-10	3801.5112	-0.008868149	-232.09717	0.73025584	0.02169832	0.23975	5.0	39191.877702474594
221	210.177	119.6964	365.5542	42.32192	86.422226	109.75856	2.4696944	111.761955	102.49939	888000	5.00679e-09	3530.704	-0.009777163	-1.1313477	0.7281897	0.01609741	0.2275	5.0	39211.16628623009
222	287.97983	106.86678	467.33112	42.48191	109.94444	109.76197	2.1147516	111.98599	103.01908	892000	-1.4066696e-08	3393.576	-0.0038755916	-90.9895	0.7260544	0.021786049	0.24275	2.0	39229.54358458519
223	357.32806	48.765335	465.3605	153.34055	129.03226	112.54665	0.36396846	118.347534	112.43886	896000	1.2874604e-08	4006.2244	-0.02437535	-416.75366	0.7244811	0.015023486	0.135	34.0	39249.917942523956
224	239.07043	141.38785	481.63147	40.70495	92.833336	119.872116	3.8718367	130.6164	116.128204	900000	5.6028364e-09	4103.9253	-0.0039367923	-6.9052734	0.72132885	0.018776776	0.2115	2.0	39268.60252428055
225	315.64334	82.26818	470.5577	64.69547	118.242424	121.538315	3.391062	124.582	116.696815	904000	-1.3113022e-08	3037.0828	-0.030726898	-42.67505	0.72041214	0.009992225	0.13775	79.0	39290.04656124115
226	216.67448	93.87479	378.92184	66.856255	92.5	123.1158	3.8416898	132.48975	117.96686	908000	-2.7418137e-09	3500.4512	-0.0036324845	-390.3745	0.72288907	0.017892785	0.20975	2.0	39308.39253139496
227	332.68924	39.505863	383.5216	162.76155	124.09375	103.06165	6.8574014	116.66027	92.89322	912000	1.8835069e-08	3485.741	-0.015224435	-813.7036	0.72237575	0.015534432	0.12825	17.0	39327.0560734272
228	188.30377	109.01322	356.4995	43.712242	80.65306	122.74645	6.081915	133.677	109.60028	916000	-5.9604643e-10	3792.7764	0.002612383	-413.78613	0.7264374	0.021465538	0.3075	2.0	39345.87574195862
229	332.55145	20.302868	373.29706	255.8922	122.9375	112.72125	3.638298	121.057365	100.63768	920000	-1.1324882e-08	2846.2917	-0.028727638	-248.18188	0.7271377	0.007418947	0.14725	79.0	39367.44318175316
230	258.61575	104.26494	388.4493	45.685642	102.13158	119.44804	2.4769695	125.56057	116.94149	924000	4.4107438e-09	3205.999	-0.0042967694	-0.6796875	0.73439944	0.017931424	0.23175	2.0	39385.98909163475
231	319.1206	62.087955	381.65805	66.19744	118.757576	119.65872	2.5016832	125.6757	117.55532	928000	-1.0967255e-08	2737.7495	-0.012995829	-99.62964	0.7332575	0.015877135	0.15675	10.0	39405.166487932205
232	123.32402	78.978195	340.59918	44.40482	59.757576	122.761826	3.6519926	134.26123	119.623505	932000	-3.516674e-09	5203.9175	-0.007990105	-2602.4888	0.7335094	0.017363096	0.16925	1.0	39424.98758339882
233	210.59839	86.44055	372.9143	66.97623	91.093025	81.93619	17.952515	122.24436	63.96471	936000	-9.6559525e-09	3172.3923	-0.0021927343	-485.95605	0.73321086	0.016620673	0.22975	1.0	39442.724665641785
234	322.1652	33.101025	365.33224	224.16208	121.121216	96.93114	8.814734	115.40536	83.86017	940000	-1.1265278e-08	3552.3796	-0.031470582	-992.7219	0.7327181	0.011303163	0.143	79.0	39462.9137969017
235	259.3469	79.0928	365.07462	70.53076	103.8421	116.4406	4.286481	124.82386	102.087906	944000	1.129508e-08	2553.3162	-0.016019072	-13.884766	0.7483015	0.015244629	0.141	15.0	39481.297083854675
236	233.67616	80.512085	375.11133	65.23064	96.92683	116.09028	2.46288	123.86713	107.75027	948000	-8.46386e-09	2476.7957	-0.0073351823	-79.3064	0.74563146	0.021979487	0.199	2.0	39500.699803352356
237	283.9442	80.95827	369.76794	46.154682	110.5	111.68647	3.3354602	118.128136	103.89213	952000	-6.6757204e-09	2640.0725	-0.032340143	-65.0061	0.74463934	0.012615965	0.123	79.0	39521.933180093765
238	150.8001	96.820816	370.00183	51.81492	68.94827	114.82258	3.0515275	122.28121	105.97203	956000	-6.437302e-09	3882.268	-0.0010709675	-729.5791	0.7394089	0.022648381	0.2615	2.0	39541.13848757744
239	256.04062	93.51468	374.4937	46.443604	101.948715	101.81281	5.0224333	113.7014	98.25402	960000	1.2516975e-08	2810.0288	-0.007847528	-96.846436	0.7386682	0.015100128	0.178	6.0	39559.26648235321
240	270.49496	80.090576	348.10355	57.370068	106.91892	106.46564	5.049403	115.13491	99.65963	964000	-1.1324882e-08	2557.8572	-0.032638106	-87.54785	0.739532	0.013808343	0.14675	79.0	39579.33307290077
241	122.57117	73.02391	338.80646	38.944077	60.242424	109.1085	4.141537	119.00963	100.89771	968000	-1.0371208e-08	3804.7063	-0.0072346404	-926.07715	0.7398035	0.020090077	0.23	1.0	39597.45822954178
242	288.48425	75.46437	351.9405	50.061195	110.94444	98.55171	5.326223	112.15039	90.17694	972000	-1.0251999e-08	3047.4983	-0.03224641	-335.11572	0.73916936	0.01298572	0.19375	79.0	39619.40849971771
243	186.07591	105.61188	357.0352	46.12067	79.76	105.26447	6.895898	120.685394	98.507614	976000	2.4914742e-08	2838.2764	0.0036130133	-59.792236	0.7338743	0.031753544	0.31725	2.0	39637.0047416687
244	320.47244	34.09883	436.91583	228.65488	120.90909	104.56778	5.9296494	113.83343	97.95673	980000	1.3351441e-08	3007.5122	-0.033076234	-285.97412	0.7330378	0.00901075	0.13975	79.0	39657.74949288368
245	285.015	85.3186	457.3523	72.986885	109.22222	110.75922	6.3170094	122.68602	100.341064	984000	8.8214875e-09	2889.6758	-0.03302876	-89.37915	0.7434527	0.012132465	0.16925	79.0	39677.80357146263
246	212.81006	100.03688	346.33008	44.53696	89.34091	114.19883	7.120845	124.59429	101.77962	988000	-8.106232e-09	3029.9612	0.00069759774	-86.71484	0.73134774	0.024256036	0.341	5.0	39696.474286556244
247	312.43552	50.831585	349.64578	55.221195	117.64706	112.13988	5.232563	121.63338	100.97959	992000	1.5497208e-09	2805.2163	-0.035270054	-163.00098	0.7304524	0.011961494	0.17	79.0	39718.453654289246
248	248.09633	77.34268	349.40674	66.7976	101.46154	116.2022	2.801513	124.947044	106.90549	996000	2.3841857e-09	2462.3372	-0.010802495	-13.838135	0.71875846	0.021021957	0.175	6.0	39736.61187791824
249	137.57692	92.63623	346.33618	38.62529	64.048386	114.21296	3.118295	121.42826	107.97561	1000000	-4.768372e-10	4059.4617	-0.0070968578	-741.85815	0.718499	0.017102223	0.2595	5.0	39754.7548956871
250	243.84097	102.16016	363.2839	64.497765	97.475	104.03197	5.2650743	113.16354	98.14141	1004000	-5.662441e-09	2941.2527	-0.0023427873	-41.862305	0.7187338	0.015372696	0.16525	2.0	39772.76825380325
251	277.8244	109.05212	377.97476	44.4896	106.324326	106.50401	5.1206846	113.88153	99.078575	1008000	4.1723253e-10	3321.578	-0.0072737955	-179.21484	0.7180333	0.018467186	0.1815	3.0	39790.88912796974
252	208.84242	109.39759	370.76126	40.846386	88.204544	111.43631	5.606965	123.59209	101.40073	1012000	1.9073487e-09	3499.5425	0.002398833	-31.9375	0.71618927	0.022593228	0.25075	2.0	39809.70727968216
253	337.5528	46.91409	467.8824	148.35297	124.15625	110.8263	4.772367	119.4489	101.04223	1016000	-2.2530555e-08	3250.6067	-0.028494107	-283.8401	0.7149649	0.01372586	0.1305	79.0	39830.20462679863
254	204.97163	111.56233	355.609	42.23432	86.652176	116.13302	3.470928	125.51231	110.56366	1020000	-4.0233136e-10	3552.3364	0.0010280483	-77.896484	0.7179049	0.0216431	0.23875	2.0	39849.457087516785
255	310.38495	106.39172	473.31534	41.516376	114.117645	114.12775	3.0415475	120.18756	109.304695	1024000	1.6689301e-09	3641.5488	-0.0330895	-181.41284	0.71749425	0.015269992	0.18475	75.0	39869.44316101074
256	278.41663	101.2993	426.65634	47.66358	106.83784	118.33668	2.9870014	126.28251	111.85794	1028000	3.218651e-09	2962.284	-0.018212702	-26.30127	0.72209764	0.015144871	0.17175	16.0	39888.60966825485
257	268.343	136.09341	510.96646	43.460125	100.23077	122.06615	3.2318363	127.37705	112.961205	1032000	1.9311905e-08	3639.5703	-0.032398727	-59.369385	0.71992147	0.015430123	0.1815	70.0	39909.33786010742
258	174.57968	126.30365	353.60107	40.123756	72.30909	125.832596	2.8895903	128.32	119.479	1036000	-8.225441e-09	4208.0977	0.0065138163	-367.50146	0.72019184	0.024296816	0.33125	2.0	39927.82675886154
259	337.9121	54.572243	474.44543	89.07513	122.34375	116.927155	2.4403853	124.429245	110.96273	1040000	-1.5616417e-08	3168.5925	-0.0318913	-188.81372	0.7190941	0.013139843	0.1775	79.0	39947.95666885376
260	313.01666	64.966125	376.6902	126.672455	116.911766	121.807884	2.5163288	127.866554	120.246	1044000	1.9073487e-09	2778.9263	-0.030669468	-51.628174	0.70278656	0.012517289	0.168	79.0	39967.13222241402
261	133.10625	89.06621	343.37436	40.208263	62.453125	125.10925	3.1487162	129.34912	121.429726	1048000	-8.8214875e-09	5125.206	-0.0077228183	-1363.9402	0.7112959	0.016593555	0.22175	1.0	39985.43533658981
262	293.5938	73.61566	367.23468	129.72551	111.88571	110.5977	4.1555943	122.69757	101.855064	1052000	-8.940697e-09	2932.0627	-0.023778357	-83.44458	0.71124446	0.015133549	0.139	48.0	40004.52192401886
263	213.3891	93.37597	353.33768	42.15519	90.65909	113.04144	3.8848546	124.68659	105.62389	1056000	7.152557e-09	3074.114	-0.026679669	-98.13135	0.7175277	0.010481384	0.1335	79.0	40025.17464995384
264	91.461876	38.45062	321.4534	40.18922	49.28395	107.44667	2.6838834	116.393135	101.7662	1060000	-1.9073486e-08	4618.0356	-0.004980704	-3027.5647	0.7172406	0.026885625	0.315	4.0	40042.88291525841
265	226.79886	82.34392	435.70215	48.230034	93.833336	78.37936	23.478209	112.29926	38.31053	1064000	-3.0994416e-09	3639.8816	-0.0077972845	-983.9673	0.71606797	0.016229765	0.194	6.0	40061.228613853455
266	169.40324	71.86379	346.23776	40.34736	77.56	92.45531	9.727352	112.25048	74.988976	1068000	1.0609627e-08	2313.5452	-0.0023009456	-48.843018	0.7163569	0.020573745	0.2665	2.0	40079.77369427681
267	329.20184	39.868633	361.38358	150.67024	121.125	94.44506	8.921335	111.5259	74.712	1072000	5.1259996e-09	4367.9683	-0.028248994	-1101.1184	0.7161267	0.01563105	0.158	77.0	40101.54099750519
268	277.0915	92.72758	356.58673	42.65502	105.78378	110.14501	7.526256	122.12267	95.904144	1076000	-3.8504602e-08	2955.0627	-0.029625816	-111.13306	0.71810776	0.009586475	0.152	79.0	40121.90531015396
269	244.82573	108.49229	371.43936	48.48085	97.325	113.69646	6.237679	123.48174	101.72915	1080000	-3.3378602e-09	3231.7793	-0.029393025	-15.701904	0.71516603	0.006957742	0.153	79.0	40143.008689165115
270	154.92892	83.363754	336.99417	40.377434	72.34545	113.44315	5.08143	123.68242	102.10822	1084000	-1.26361845e-08	3642.415	-0.0004172268	-754.2971	0.70221883	0.016862834	0.2575	2.0	40162.01169514656
271	223.625	100.87364	342.51074	48.254986	92.5814	101.705795	5.6718593	112.939125	90.75082	1088000	6.0200693e-09	2968.813	-0.007409324	-22.717773	0.70214415	0.01726936	0.1855	5.0	40181.031742334366
272	280.04312	69.3229	331.3407	44.22944	107.888885	102.45496	3.3429105	110.96716	93.02671	1092000	9.6559525e-09	2822.9922	0.00072305015	-189.6687	0.70186794	0.017659957	0.2175	2.0	40199.17069482803
273	301.132	58.406075	411.94055	172.57597	113.91428	107.74922	3.5063403	114.75683	101.16141	1096000	1.5497208e-09	2857.4087	-0.001236862	-206.64844	0.70131	0.018710593	0.202	4.0	40217.79324698448
274	110.92503	37.461063	199.94469	45.07697	57.942028	113.09695	4.4061136	117.391396	102.78331	1100000	-5.722046e-09	4379.9976	0.010766382	-1815.6248	0.7012884	0.036866907	0.40325	2.0	40236.21164560318
275	242.69919	51.658066	357.00946	124.40614	98.9	98.47003	7.0440426	119.09164	90.17001	1104000	1.3351441e-08	1991.0681	-0.026645394	-13.855713	0.7013977	0.005784964	0.15025	79.0	40258.23653841019
276	201.21654	58.605824	354.94455	119.86479	88.0	97.67497	5.315586	113.10354	90.461136	1108000	3.5762786e-09	1873.8596	-0.026803523	-34.552856	0.7007929	0.0090553975	0.14375	79.0	40278.068981170654
277	108.736946	34.296684	205.37488	50.32086	57.376812	94.7472	3.2951157	99.333565	89.92736	1112000	3.8146974e-09	2623.7527	-0.0057211723	-675.0298	0.7077614	0.019639587	0.2435	2.0	40296.67733120918
278	144.59164	45.592773	238.1059	46.075474	70.71429	85.95053	0.70865715	100.95209	85.888	1116000	1.2874604e-08	1402.4775	-0.003387874	-73.55432	0.7073115	0.021348594	0.28375	5.0	40315.07580590248
279	255.09473	76.67403	372.47873	58.987984	101.79487	85.457886	5.055054	107.28727	83.68197	1120000	-1.66893e-08	3202.4932	-0.02980985	-256.9856	0.70740896	0.007908315	0.15375	79.0	40335.250737667084
280	149.06546	60.665863	242.32324	45.39581	70.17544	88.48561	4.6643295	109.82545	86.013794	1124000	-6.6757204e-09	1578.6201	-0.0033498963	-92.15588	0.70769525	0.024739427	0.2445	2.0	40353.30356454849
281	223.56339	84.80598	391.13586	44.113785	93.02381	87.555565	6.637797	111.94189	85.01369	1128000	1.1920929e-09	2802.3145	-0.0028860583	-73.601074	0.7071573	0.019961782	0.21625	5.0	40371.688197135925
282	279.1278	88.21689	380.13336	44.08537	106.83784	92.35662	8.812556	110.14191	86.54965	1132000	-3.8743018e-09	3713.4944	-0.029172799	-487.07983	0.705737	0.015283059	0.143	79.0	40391.871888399124
283	134.34697	81.96193	341.47098	42.25877	63.725807	97.30186	8.111804	119.635574	89.34915	1136000	-3.3736228e-08	3058.507	-0.010519467	-292.28223	0.7101549	0.019349847	0.2485	2.0	40409.933609485626
284	192.61974	103.034195	386.28366	49.492252	82.85107	93.37975	7.6899633	112.45113	87.43341	1140000	3.5762787e-10	3368.3462	-0.030969044	-8.198486	0.7098725	0.010189611	0.16625	79.0	40430.34653377533
285	137.817	89.57529	362.72775	45.4228	64.55738	91.81052	6.22964	110.7363	87.71011	1144000	-4.053116e-09	3011.164	-0.028721891	-137.90234	0.69617677	0.008236087	0.1875	79.0	40451.294053316116
286	81.128555	38.0742	285.63046	39.84159	43.9	86.40765	1.2779874	101.66636	86.20014	1148000	-5.2452087e-09	2636.417	-0.0030681002	-368.88184	0.6879756	0.015734104	0.28775	2.0	40470.31056308746
287	141.64476	63.881123	328.55438	57.22811	68.62069	82.23267	2.553103	98.39775	81.628555	1152000	5.9604646e-09	1932.1951	-0.004480138	-52.64685	0.6872285	0.01719073	0.3505	5.0	40488.53053188324
288	323.5159	57.084602	393.20358	171.30066	118.84849	81.38164	3.4931953	96.83253	75.74754	1156000	6.0796737e-09	5442.7495	-0.004559797	-1361.2754	0.68584824	0.015296651	0.156	4.0	40506.511661052704
289	119.173004	58.870678	353.02148	47.33344	60.454544	91.0262	7.3897257	108.042	83.917854	1160000	-1.5735626e-08	2611.3315	0.0016863996	-421.9099	0.6850267	0.024235955	0.3525	2.0	40524.840431690216
290	275.86948	89.10175	388.1806	107.63116	106.83784	89.31335	8.95177	105.84433	81.764565	1164000	1.3113022e-08	3999.8994	-0.03091515	-361.33862	0.6840586	0.012834929	0.1525	79.0	40545.04418492317
291	254.33163	100.56059	396.0324	67.155045	100.89744	95.79745	9.6151495	111.18119	83.99679	1168000	-1.7762185e-08	3551.6877	-0.03377503	-233.875	0.68578166	0.011944692	0.1645	79.0	40565.420603990555
292	169.46512	75.301155	354.10336	47.459274	78.117645	100.995255	9.08762	116.36599	85.64886	1172000	-1.9550324e-08	2644.6233	-0.03349329	-270.50806	0.68621737	0.013055501	0.16275	79.0	40585.71252465248
293	142.24214	54.734966	322.82764	49.456623	69.63158	92.39577	6.6719093	107.769936	84.34396	1176000	1.1920929e-09	2077.883	0.0043732827	-279.78125	0.6856041	0.019387513	0.28975	2.0	40603.950843811035
294	271.80078	82.467415	371.52673	69.3128	105.72973	90.87317	8.574521	105.81514	82.23927	1180000	7.629395e-09	3584.903	-0.031062001	-229.72437	0.6851979	0.011267659	0.1605	79.0	40624.20862865448
295	259.7012	88.36032	382.16617	60.85667	102.23684	95.147156	8.682633	107.8867	84.54257	1184000	-1.3828277e-08	3408.9324	-0.02892503	-325.86694	0.68581015	0.006824884	0.1475	79.0	40645.41003227234
296	185.48616	88.33986	383.6496	72.5234	82.166664	101.552155	6.7253184	113.06326	88.070984	1188000	3.3140182e-08	2825.526	-0.0034945805	-83.29883	0.6789908	0.017762013	0.20125	2.0	40663.375950336456
297	272.4433	86.32359	354.16312	40.54335	106.297295	100.24933	6.3675504	108.92234	90.76836	1192000	-9.298325e-09	3112.024	-0.030015932	-168.55786	0.6779789	0.00844058	0.135	79.0	40685.42506170273
298	211.60454	104.13916	354.2629	47.9319	88.022224	104.189514	4.966691	111.72938	94.77877	1196000	-6.6757204e-09	3055.7754	-0.0053521665	-8.624512	0.68108493	0.016922541	0.1705	2.0	40703.77194023132
299	275.17868	83.12595	365.61456	56.805534	106.35135	105.33974	3.9895153	110.42032	95.464745	1200000	1.168251e-08	2822.8096	0.0005623195	-94.7522	0.68053657	0.017786957	0.22675	2.0	40721.65523838997
