Epoch	AverageEpRet	StdEpRet	MaxEpRet	MinEpRet	EpLen	AverageVVals	StdVVals	MaxVVals	MinVVals	TotalEnvInteracts	LossPi	LossV	DeltaLossPi	DeltaLossV	Entropy	KL	ClipFrac	StopIter	Time
0	16.603811	16.286789	195.90854	3.820295	17.541851	0.05350144	0.070320636	0.29124877	-0.24111708	4000	7.510185e-08	371.8562	-0.016923623	-86.20563	0.91893864	0.020923954	0.264	4.0	2.2391180992126465
1	28.28051	26.948872	151.26602	5.7148995	24.236364	4.889686	0.4640632	5.1350894	-0.31903175	8000	5.972385e-08	694.6622	-0.013281476	-107.098816	0.91776943	0.015910955	0.23725	5.0	4.6274566650390625
2	55.643696	50.946003	224.90042	5.611001	37.518867	8.806203	0.26396418	8.854929	2.042409	12000	-3.349781e-08	2012.8533	-0.012974103	-249.8778	0.91664463	0.017552841	0.274	7.0	6.96525239944458
3	84.911736	54.16418	228.54721	6.612048	49.949368	13.285424	0.060205553	13.296702	11.408266	16000	1.206398e-07	2400.3457	-0.015812619	-287.44678	0.9154868	0.006215191	0.0815	79.0	9.65093207359314
4	105.46039	53.0972	232.87012	13.475065	58.735294	17.392567	0.017502392	17.39661	16.756023	20000	-8.225441e-08	2594.8096	-0.0132397115	-268.05664	0.91110426	0.0032481127	0.07525	79.0	12.847579002380371
5	135.85149	57.810486	275.07486	28.149265	71.87273	21.05489	0.0057003177	21.056482	20.819542	24000	-7.4148176e-08	3339.6506	-0.014874018	-327.85254	0.90280664	0.007331124	0.0815	79.0	15.498673915863037
6	143.714	60.212128	244.06908	30.434418	75.07692	24.830683	0.009307391	24.832094	24.415308	28000	3.862381e-08	3421.8853	-0.015557604	-299.96777	0.90850204	0.00791065	0.07675	79.0	18.2874436378479
7	168.70653	50.568817	245.44788	49.66845	84.82609	28.305712	0.0022804944	28.306385	28.254465	32000	1.1825561e-07	3713.8745	-0.0141791655	-320.51807	0.9068018	0.00693997	0.07	79.0	20.98974609375
8	174.02356	49.53675	234.82224	56.69751	86.695656	31.761631	0.0032220418	31.76227	31.687128	36000	2.026558e-09	3467.6814	-0.01563098	-273.51367	0.900484	0.011793091	0.08875	79.0	23.70094323158264
9	179.08434	45.09835	231.57283	79.293465	88.84091	34.902775	0.0010493279	34.903107	34.887287	40000	6.067753e-08	3295.8342	-0.0157116	-250.69409	0.899011	0.008632948	0.075	79.0	26.46941590309143
10	189.79713	42.98793	240.24182	49.731304	92.0	37.866993	0.0012196917	37.867256	37.815243	44000	-6.508827e-08	3321.9587	-0.014141531	-246.05103	0.9109489	0.008152445	0.09825	79.0	29.183114051818848
11	188.49098	39.65685	233.31773	54.783432	90.59091	40.774242	0.0017540706	40.77457	40.718754	48000	7.8678134e-08	3027.99	-0.015359832	-212.24536	0.8881941	0.0071271486	0.06925	79.0	31.92972469329834
12	206.33727	17.330349	254.4138	178.46484	96.34146	43.474964	0.0007306777	43.47515	43.466625	52000	5.1259996e-09	3228.4539	-0.013935269	-230.27393	0.8969962	0.008761905	0.09	79.0	34.6579053401947
13	203.37033	27.828333	256.75378	90.44774	94.666664	46.261913	0.00076483557	46.262093	46.239388	56000	1.7881393e-09	3029.1694	-0.016849564	-201.16382	0.8986529	0.008595259	0.09175	79.0	37.413323640823364
14	213.827	24.51263	267.90533	128.33437	97.275	48.8804	0.0033408885	48.88075	48.741158	60000	-4.482269e-08	3324.11	-0.01743822	-232.67725	0.9012299	0.011768587	0.1265	79.0	40.11857485771179
15	227.33168	39.24373	292.81067	94.427986	101.64103	51.050156	3.7557209	51.620327	-4.35949	64000	4.044175e-08	3630.4705	-0.016625222	-344.13354	0.90711856	0.008281167	0.084	79.0	42.70456266403198
16	223.40015	30.331879	276.383	156.49849	100.64103	51.280876	8.681246	54.547935	-4.501667	68000	4.172325e-08	3032.4097	-0.015816772	-267.00952	0.8999767	0.010435021	0.1025	79.0	45.57529616355896
17	233.4209	23.563305	290.25958	184.13574	105.07895	52.27606	12.5419855	57.345547	-1.3462406	72000	-5.0336123e-08	2980.778	-0.013611641	-248.37573	0.89615756	0.0059002545	0.08325	79.0	48.14466404914856
18	239.55319	40.342644	309.73447	58.45084	104.57895	54.23793	13.242444	60.11567	-1.6680901	76000	-1.0833144e-07	3238.343	-0.017157812	-262.09937	0.8913158	0.008377733	0.096	79.0	50.72592377662659
19	239.22038	28.87163	325.32224	201.23495	105.91892	57.147743	14.074415	62.96113	2.5827303	80000	1.7976761e-07	2802.4905	-0.020485865	-226.53613	0.895198	0.013346863	0.11375	79.0	53.32203030586243
20	247.62016	40.918144	330.42563	147.17041	107.21622	60.13134	14.180742	65.62775	3.9855182	84000	3.1590461e-09	3072.2605	-0.019240864	-234.52734	0.9076542	0.010276613	0.10775	79.0	56.536297082901
21	260.131	33.277138	327.9303	196.09006	111.97143	61.715214	15.067808	68.2895	0.52592707	88000	5.6505204e-08	3114.2485	-0.020959215	-246.32056	0.90747005	0.01075362	0.106	79.0	59.31671857833862
22	257.45114	32.56037	329.54858	192.08296	109.55556	65.04038	14.585148	71.02664	-3.7709913	92000	-1.3768673e-08	2827.5315	-0.016603153	-221.96606	0.9080605	0.008185871	0.08125	79.0	62.35464596748352
23	265.15576	31.791086	328.59366	167.66289	112.171425	66.43936	16.661116	73.62869	2.9256365	96000	-6.812811e-08	2840.9785	-0.020806994	-223.34717	0.9057475	0.014589715	0.11525	79.0	65.87659549713135
24	266.4146	46.799534	338.88272	149.68752	111.25714	68.50791	16.990292	76.24229	3.6599765	100000	-2.336502e-08	3005.7424	-0.021320581	-236.26392	0.92259145	0.012392937	0.10075	79.0	68.5782835483551
25	279.44186	40.464474	336.58487	172.00291	116.411766	70.68271	18.823248	78.80879	-39.622765	104000	-1.04427336e-07	2968.2036	-0.020320967	-246.26514	0.93236375	0.014705728	0.114	79.0	71.15919017791748
26	277.52368	33.21385	335.2125	204.59639	115.26471	73.5782	18.455835	81.40869	-0.38806033	108000	1.2874604e-08	2672.9736	-0.01906767	-232.06006	0.93270046	0.015002198	0.11025	64.0	73.7193706035614
27	281.5778	41.61978	351.55325	184.56123	117.545456	75.55677	19.350224	83.911415	1.580178	112000	1.0314584e-07	2690.8586	-0.020117912	-207.04053	0.92812973	0.0086344415	0.11575	79.0	77.35546922683716
28	284.97345	36.146267	357.8422	183.8231	118.181816	76.12345	21.658504	86.34422	-0.6405635	116000	-8.273125e-08	2513.5413	-0.0055313692	-189.59106	0.9312777	0.016646061	0.1375	5.0	80.0229983329773
29	304.99823	41.220848	386.4118	179.35045	122.84375	78.80316	20.813274	88.76318	3.809541	120000	-9.417534e-08	2976.3643	-0.019829411	-232.12256	0.93119335	0.010855829	0.1005	79.0	82.6938202381134
30	295.1371	61.177002	374.09567	125.805664	120.333336	81.34727	21.505136	91.39325	2.6686213	124000	-2.259016e-08	2745.6023	-0.019344486	-207.88135	0.927791	0.012786062	0.116	79.0	85.36329984664917
31	322.64355	24.197924	357.49222	232.47458	127.16129	83.250084	22.492998	93.810974	-3.2949781	128000	-8.690357e-08	2931.9001	-0.018249867	-244.77246	0.934002	0.009628802	0.08825	79.0	88.01146912574768
32	326.56848	29.526228	375.02258	219.49214	127.6129	84.60923	24.13525	96.51498	1.0899527	132000	4.2915342e-09	2864.9336	-0.019177921	-238.12134	0.92494273	0.013448823	0.11375	79.0	91.50876188278198
33	311.34833	39.51776	371.1176	213.12903	124.46875	89.11722	23.011248	99.232506	0.21029735	136000	4.8935412e-08	2380.5515	-0.0046893433	-205.573	0.9159691	0.015064929	0.18825	5.0	93.99542450904846
34	332.97324	33.67468	386.4651	232.49052	131.8	88.38564	25.366577	101.53769	1.4701045	140000	-1.8417834e-08	2570.3843	-0.02057035	-208.61377	0.9161225	0.010523763	0.116	79.0	96.62859845161438
35	329.04733	37.430054	393.31482	236.38203	132.33333	91.19578	26.161816	104.02674	-0.51001906	144000	-3.349781e-08	2290.8542	-0.020278359	-217.6399	0.89964914	0.012051777	0.096	79.0	99.33450651168823
36	345.64383	24.858654	384.69382	263.78424	134.89655	91.9245	27.717426	106.326965	-0.70734286	148000	-2.503395e-09	2511.3904	-0.017382117	-233.37817	0.897387	0.011960127	0.08725	79.0	102.32530117034912
37	354.18353	32.342876	409.12393	261.41678	138.96428	94.774216	27.2267	108.885025	1.1468663	152000	-2.0623206e-08	2408.925	-0.018248685	-200.76978	0.89632547	0.011743729	0.11475	79.0	104.92391657829285
38	346.05774	34.37159	391.81705	201.70462	133.89655	97.292625	27.87224	111.41406	1.8005319	156000	1.6570091e-08	2290.0308	-0.020073645	-193.09985	0.90139705	0.009783165	0.11875	79.0	108.14911818504333
39	342.59915	52.73037	392.38718	81.12546	133.55173	98.2559	29.746174	113.81216	0.8423879	160000	2.5749207e-08	2088.238	-0.0160038	-163.05139	0.8957477	0.015093017	0.10875	58.0	110.8253333568573
40	367.5962	23.902952	440.34775	321.53036	138.85715	101.02208	29.443142	116.09058	1.4319215	164000	6.467104e-08	2350.0605	-0.017303223	-192.05054	0.9034843	0.011109223	0.093	79.0	114.01268911361694
41	360.65503	77.70404	588.3354	183.17273	137.75	105.456955	28.424017	118.63217	2.0290506	168000	4.8279762e-08	2588.6218	-0.019565994	-304.66968	0.9021667	0.010201123	0.10425	79.0	116.98926424980164
42	366.99628	62.2075	606.3209	240.63997	141.42857	103.59007	32.3435	120.98838	-14.037105	172000	-4.005432e-08	2399.3396	-0.008703623	-428.47412	0.91244346	0.015658274	0.19725	6.0	119.27822184562683
43	391.9294	40.728558	540.4367	337.39746	148.34616	106.48513	31.25663	123.20961	2.9848135	176000	-1.8179417e-08	2391.4124	-0.019312438	-349.13855	0.9118788	0.0111721875	0.11075	79.0	122.46325755119324
44	398.33203	59.683674	666.52246	328.11337	148.23077	109.24615	31.942167	125.67222	2.6469934	180000	7.6293944e-08	2580.274	-0.019726485	-218.49365	0.8934082	0.0105051175	0.127	79.0	125.59948563575745
45	426.25702	81.81293	664.2899	321.746	157.36	112.31131	32.477108	128.26328	1.0707426	184000	2.5391579e-08	2969.8662	-0.02050471	-229.771	0.88154566	0.008541354	0.10975	79.0	128.6296408176422
46	411.7868	57.47925	622.75964	335.73932	153.42308	114.23138	33.32616	131.06905	2.5433433	188000	-1.2516975e-09	2222.856	-0.020172441	-192.00781	0.8808522	0.010302203	0.12025	79.0	131.56729936599731
47	438.4111	68.533714	645.92004	358.61462	161.875	116.678925	34.025852	133.57193	2.1453624	192000	8.837879e-08	2542.5999	-0.016849149	-211.18237	0.87796515	0.00960151	0.091	79.0	136.4704668521881
48	437.6847	64.49788	674.9163	346.53036	157.2	119.76728	33.55024	136.24507	2.277138	196000	-9.0807674e-08	2588.9775	-0.018493617	-206.7959	0.8853191	0.01003587	0.102	79.0	141.64285254478455
49	460.91525	82.52958	692.7913	373.78912	164.45833	121.464836	35.20659	138.91801	2.8063254	200000	-1.14381315e-07	2905.2253	-0.021229506	-233.89941	0.8876777	0.0115124015	0.121	79.0	147.21941542625427
50	446.01315	119.92454	677.9825	233.91528	159.16	125.55846	34.233994	141.74477	3.5768242	204000	1.5735626e-08	3308.4827	-0.02112529	-230.66089	0.88578004	0.012986197	0.136	79.0	151.32345509529114
51	411.7722	126.30914	704.7806	67.54998	151.1923	127.48592	35.58231	144.30432	0.03994322	208000	1.001358e-08	2616.6584	-0.021536663	-195.48926	0.8814452	0.014365775	0.1335	79.0	154.43614792823792
52	475.4009	128.64046	773.9913	178.34288	167.91304	127.22297	36.807625	146.31976	1.9702973	212000	8.34465e-09	3128.4297	-0.02149397	-274.95898	0.8850657	0.010288739	0.14575	79.0	157.97502183914185
53	510.9	121.63605	886.6928	374.68445	177.18182	131.26013	37.40842	148.98814	0.29550028	216000	-6.324053e-08	3504.1423	-0.020506013	-273.33545	0.8774322	0.01013135	0.10725	79.0	161.05938482284546
54	546.3317	157.85162	934.2843	373.39514	186.4762	134.5557	36.967793	152.05104	1.7920122	220000	-7.9989434e-08	4082.0037	-0.020648433	-320.71875	0.8656416	0.0064703207	0.10125	79.0	163.97853446006775
55	622.74774	150.18993	944.65564	419.88022	206.78947	140.789	34.6013	155.35454	2.2510037	224000	-8.809567e-08	5203.466	-0.026470987	-436.05762	0.8605059	0.0133516705	0.135	79.0	167.0536754131317
56	587.9286	246.63257	1524.9915	389.2595	203.6842	143.7574	36.365856	159.06554	0.2898302	228000	4.374981e-08	4038.3894	-0.02082973	-284.73877	0.86866707	0.0081879515	0.1145	79.0	170.17365217208862
57	613.40063	176.27179	1059.1305	400.3598	207.83333	144.81029	38.41602	162.10464	2.4864602	232000	5.4121017e-08	4585.3936	-0.02119372	-387.27637	0.86222523	0.009920533	0.105	79.0	173.24772381782532
58	689.1752	185.24127	1143.8741	401.0107	228.23529	149.80095	37.219086	165.3488	0.70485973	236000	-1.3029576e-07	5152.058	-0.025699599	-416.57715	0.8574381	0.009366273	0.135	79.0	176.23553490638733
59	614.90045	165.20082	938.31854	201.74684	202.42105	151.55826	39.673553	168.83797	0.9843292	240000	-5.7697296e-08	4263.1094	-0.021586288	-292.8186	0.8544044	0.009126168	0.1185	79.0	179.47195506095886
60	633.22253	150.12915	1002.57086	407.26254	206.78947	153.10345	41.002327	171.80232	-1.8958087	244000	-8.904934e-08	3922.3384	-0.025205335	-285.61768	0.8547219	0.011595317	0.132	79.0	182.59677839279175
61	730.6994	187.39323	1218.9354	481.54507	234.94118	158.08586	38.91181	174.70566	1.8203936	248000	2.1994113e-08	5229.783	-0.024298443	-428.99072	0.8332229	0.008008459	0.116	79.0	186.52610301971436
62	824.2804	432.8354	1988.1365	349.496	275.35715	164.52025	36.12797	178.03934	2.888083	252000	1.8715859e-08	5577.516	-0.021781772	-500.47852	0.81799966	0.008242739	0.121	79.0	192.21722412109375
63	932.1226	631.2105	2889.188	500.21454	315.58334	167.1815	37.524155	181.29991	6.850654	256000	1.4305114e-08	5281.512	-0.012204899	-428.37598	0.8236837	0.015059767	0.13975	15.0	194.669912815094
64	746.8164	416.74573	2169.0132	416.78818	254.06667	166.53075	42.34014	184.5084	-0.97856045	260000	3.1769275e-08	3277.4126	-0.022169178	-237.89502	0.82320744	0.010635192	0.112	79.0	198.07907509803772
65	751.8344	141.6387	988.2286	487.1777	238.1875	167.31941	43.128395	187.04141	3.5494757	264000	-8.97646e-08	4272.8525	-0.020748055	-325.51367	0.8175383	0.015024624	0.10525	47.0	201.28615546226501
66	719.49036	322.45685	1800.4995	347.2471	235.625	171.20453	43.510105	189.92339	-1.7468185	268000	-2.4408102e-08	3985.048	-0.023646047	-322.79858	0.82548404	0.010622292	0.12625	79.0	205.7231321334839
67	670.5954	211.45963	1175.2567	355.78223	218.77777	170.1459	45.20434	192.47351	-1.0078907	272000	-2.0503998e-08	3060.8357	-0.024363939	-229.77148	0.812555	0.010234133	0.13025	79.0	211.74972891807556
68	812.7109	255.76305	1551.1626	490.01288	261.26666	175.47894	45.024155	194.52834	-2.0850601	276000	5.8114527e-09	3826.7668	-0.025693946	-276.7019	0.8066367	0.011962963	0.14	79.0	216.88244771957397
69	644.6521	116.965775	863.3233	407.31097	204.38889	172.7103	48.59685	197.21204	1.4779439	280000	-7.033348e-09	2604.4695	-0.010615609	-187.3916	0.79523015	0.01658562	0.13725	11.0	219.8598358631134
70	804.2531	262.8484	1593.5859	558.7961	259.06668	179.02841	46.71998	199.44843	2.8052464	284000	-7.7426435e-08	3113.5396	-0.02370167	-223.13501	0.7916184	0.008636162	0.113	79.0	226.5103781223297
71	810.95306	470.48056	2501.8794	403.01248	262.6	180.88763	46.252094	201.95116	3.6459665	288000	2.6971101e-08	2982.9148	-0.022234242	-227.40186	0.7889037	0.0085151065	0.11625	79.0	229.26564192771912
72	672.262	295.99582	1847.5078	395.05145	215.11111	179.0781	51.264904	204.386	3.128121	292000	-7.629395e-09	2319.5579	-0.026832452	-177.65527	0.7943584	0.011265048	0.127	79.0	231.94240498542786
73	752.6368	275.29413	1429.796	395.40353	239.0	182.9996	50.143925	206.33632	1.7761378	296000	-2.026558e-08	3127.3389	-0.021869516	-211.5747	0.7901647	0.01446475	0.1215	79.0	236.57964825630188
74	767.1333	521.63184	2635.8506	383.4259	246.125	182.08406	50.95764	208.6895	-2.4630208	300000	-2.2530555e-08	3036.9978	-0.025678819	-274.9287	0.79064965	0.011110379	0.13475	79.0	240.4770839214325
75	804.35913	289.5093	1368.487	400.74847	256.8	190.85727	47.04508	210.981	1.7405648	304000	1.9848347e-08	2983.561	-0.02541823	-321.43652	0.7836162	0.009605284	0.14275	79.0	243.63677072525024
76	1034.8623	372.11594	1939.7883	617.55817	324.66666	193.64641	47.058346	213.30177	-2.9107046	308000	-2.1040439e-08	3971.7153	-0.010817033	-357.7798	0.77831054	0.015044056	0.1245	11.0	245.89654898643494
77	561.7763	130.12025	865.2593	352.87387	181.5	180.24751	58.166607	216.2781	4.14487	312000	-2.4080277e-08	835.35535	-0.022261748	-71.43982	0.7754613	0.014871997	0.134	79.0	248.54588294029236
78	707.2259	157.0991	1008.0059	411.0248	224.52942	192.7537	52.72744	217.34348	2.9979963	316000	9.596348e-09	2020.2178	-0.023901315	-208.23022	0.76653314	0.014395671	0.14025	79.0	251.32292699813843
79	781.01654	282.14572	1361.2946	400.29666	246.625	190.21893	53.7071	218.89993	0.27717257	320000	1.2516975e-08	2462.363	-0.025973871	-250.31152	0.7655501	0.012393644	0.14875	79.0	254.09700870513916
80	894.0722	409.7788	1876.3995	360.42245	280.2857	198.45622	49.387497	220.96555	2.0855699	324000	-3.0994416e-09	3143.7305	-0.024330657	-256.38232	0.76530534	0.012882699	0.14325	79.0	257.3390772342682
81	776.01013	198.90056	1375.9658	553.5307	245.75	199.62703	51.14017	223.43286	1.4333053	328000	-1.2218952e-08	2306.5762	-0.020427868	-107.3811	0.77163273	0.013319103	0.1195	79.0	260.50817108154297
82	776.63696	127.095436	981.80206	565.94366	241.625	194.5047	57.899746	225.0197	2.7114153	332000	2.7358531e-08	1658.6302	-0.023985596	-168.9679	0.77282846	0.010404295	0.14275	79.0	264.99835419654846
83	922.8149	346.75372	1630.719	301.18738	285.5	204.13129	51.737476	226.93729	2.663289	336000	-8.46386e-09	3486.7495	-0.013663051	-202.1272	0.7687148	0.015038334	0.1475	19.0	267.7358663082123
84	806.7741	264.42285	1541.3881	388.87103	251.66667	202.29977	55.636986	229.47794	2.029849	340000	-1.3649464e-08	1956.5846	-0.022665413	-145.65173	0.77093303	0.009846605	0.13275	79.0	270.99389362335205
85	797.25616	261.49863	1644.4849	416.77795	249.5625	203.77415	55.57816	231.56584	2.1536512	344000	4.708767e-09	1947.6506	-0.022302339	-135.94507	0.76706845	0.0143403215	0.1285	79.0	275.17910861968994
86	794.5177	263.19638	1531.6945	350.2107	249.26666	207.95721	53.793198	233.23663	4.965542	348000	2.3782253e-08	1835.6102	-0.022627633	-215.23376	0.76657265	0.010494762	0.11525	79.0	280.7588109970093
87	766.9481	242.01387	1550.3466	444.18686	239.0625	200.27344	60.567463	234.97888	0.78062296	352000	-2.0861625e-08	1281.6272	-0.024796868	-147.51562	0.76928914	0.009317103	0.12725	79.0	284.1005063056946
88	1244.5227	511.8213	2493.4878	753.77185	389.1	217.02145	49.46611	236.62964	1.8536329	356000	7.867813e-09	2585.3904	-0.02429155	-242.95654	0.7634622	0.011656961	0.12675	79.0	288.82755398750305
89	775.4974	294.63525	1490.2258	383.7039	244.75	211.18077	57.777016	239.48756	-7.0299716	360000	-8.3446505e-10	2347.328	-0.022685528	-58.384277	0.76305044	0.011464065	0.13775	79.0	291.8471779823303
90	926.45856	299.15002	1598.115	605.08234	288.84616	213.57956	57.57793	240.78722	-5.5399203	364000	-4.720688e-08	1660.9802	-0.022443902	-143.84436	0.7541504	0.012512537	0.12175	79.0	294.6101403236389
91	848.7889	179.03525	1293.3624	648.06274	261.2	211.66	60.366817	242.80107	3.0675068	368000	-7.867813e-09	1304.7662	-0.025923185	-114.25061	0.7522545	0.011719267	0.153	79.0	297.75554895401
92	922.2861	298.92084	1647.6267	493.86087	287.07693	214.31613	59.293743	244.60333	-2.7886953	372000	5.4836273e-09	1582.4645	-0.020794166	-138.30835	0.73762184	0.009988794	0.12925	79.0	300.78094696998596
93	961.30084	431.05603	2143.716	182.06297	294.76923	219.54222	57.02575	246.5543	1.9481993	376000	1.7881393e-09	2407.3196	-0.021602381	-253.46924	0.72860295	0.012778458	0.161	79.0	303.4976372718811
94	949.19006	188.65726	1282.9586	677.00323	288.07693	219.98686	59.818592	248.83144	4.4367113	380000	3.7789345e-08	1601.2245	-0.023369567	-172.64148	0.7289636	0.0151193775	0.1375	58.0	306.1321077346802
95	808.18494	234.52292	1278.1552	400.76532	249.0	219.95337	61.41093	251.12834	-1.3758373	384000	-8.46386e-09	1160.8429	-0.024093129	-106.19214	0.72176987	0.013046561	0.16125	79.0	309.8667998313904
96	1176.9751	553.7756	2673.0981	637.4252	361.18182	225.46088	59.45228	252.8289	0.4504404	388000	1.5616417e-08	1776.8933	-0.023798736	-188.15295	0.71182555	0.0070307595	0.13325	79.0	315.77544927597046
97	1090.043	533.3632	2524.861	607.8134	332.0	228.76747	57.493988	255.31854	2.8534274	392000	1.9073486e-08	1785.4738	-0.025774356	-203.4143	0.7054147	0.012695168	0.13925	79.0	318.5191743373871
98	1068.163	555.31244	2672.4287	386.3756	331.0	228.43546	60.104477	257.7644	0.43787622	396000	3.2901763e-08	1315.825	-0.025476735	-126.541626	0.70774716	0.010253984	0.1435	79.0	321.2457172870636
99	1231.9165	348.35648	2080.9868	738.31213	380.2	233.04944	58.41471	259.7402	-6.8122325	400000	8.225441e-09	1318.0524	-0.024525728	-128.8789	0.7041933	0.011598198	0.142	79.0	324.379145860672
100	992.7005	254.64809	1507.6533	630.70917	307.0	228.90904	63.62575	261.89697	-4.697281	404000	-2.3514032e-08	976.48987	-0.027302617	-149.00513	0.69965494	0.012073508	0.167	79.0	327.5252413749695
101	859.8432	344.93555	1944.5568	293.1011	266.0	227.27788	65.96776	263.4346	-5.0373664	408000	-3.9339065e-09	1523.5875	-0.022947045	-167.53955	0.7018206	0.010047009	0.131	79.0	330.59914803504944
102	1111.1821	444.41525	2152.8984	467.82367	340.27274	233.36267	62.529476	264.336	4.073778	412000	-2.169609e-08	1297.1011	-0.024116712	-190.70068	0.69765115	0.0074181804	0.13225	79.0	333.6848464012146
103	1112.6349	271.8214	1654.1466	758.389	331.36365	238.0371	60.507282	266.30542	6.841694	416000	-2.7418137e-09	1379.0347	-0.026511844	-146.50745	0.68843937	0.014402131	0.16575	79.0	336.6341118812561
104	908.87146	248.08957	1383.95	408.80106	272.2857	232.26587	66.34876	268.69595	3.8997188	420000	-1.26361845e-08	909.90784	-0.023303743	-88.47626	0.68720907	0.006717996	0.141	79.0	339.4923176765442
105	990.4339	207.53961	1307.213	696.5604	299.07693	238.77795	63.745564	270.2701	6.6630373	424000	2.861023e-09	1014.96466	-0.025398014	-173.74445	0.6748886	0.01087437	0.13775	79.0	342.63251280784607
106	959.97784	579.50824	2878.2373	596.77673	298.6154	234.31468	66.10522	271.66132	3.5104342	428000	1.192093e-10	640.9512	-0.026560558	-155.06439	0.67406875	0.00693706	0.15425	79.0	345.4935760498047
107	1149.644	406.23083	2009.9177	677.0439	346.0909	244.14552	61.225986	272.7324	0.09121227	432000	1.2993812e-08	836.0661	-0.0221717	-86.03729	0.6736093	0.007247482	0.1315	79.0	348.71196365356445
108	1231.676	606.5271	2917.1255	679.16205	378.3	251.45091	56.80891	274.56668	0.2786436	436000	2.3543835e-08	851.3077	-0.025221711	-108.3374	0.6551383	0.010952666	0.164	79.0	351.58871603012085
109	1427.4697	618.99115	2660.268	806.0444	428.1111	250.41937	59.032623	276.4645	-0.32871914	440000	5.3644182e-09	1139.2881	-0.022613507	-156.0575	0.64606476	0.008793973	0.137	79.0	354.7284343242645
110	1204.8945	351.15656	1962.2314	851.8096	358.54544	249.13097	63.00082	278.8802	6.114955	444000	2.5510788e-08	931.8096	-0.025660213	-114.87146	0.64526075	0.012269736	0.1505	79.0	360.49599504470825
111	975.42957	325.59265	1870.6841	614.6281	293.53845	242.07532	68.11654	280.89264	1.0933275	448000	-2.9802323e-09	533.3723	-0.022334578	-57.969513	0.6300322	0.008673156	0.122	79.0	363.18510031700134
112	983.8041	192.35507	1282.7488	682.2074	288.30768	245.21675	69.73914	281.8784	-1.3651533	452000	5.1259996e-09	613.19586	-0.023573672	-65.0755	0.62224555	0.008174589	0.13275	79.0	365.9068624973297
113	1248.7722	615.77844	2377.0356	647.78357	371.3	254.70975	62.45021	283.29453	-3.9710913	456000	2.8133393e-08	1083.7667	-0.023571802	-116.55054	0.61768323	0.008053683	0.12975	79.0	369.1342761516571
114	1467.969	808.65643	3023.5352	698.8257	449.625	266.90793	50.049976	285.45212	8.802019	460000	-2.3424626e-08	1215.6097	-0.027087694	-304.4071	0.6195039	0.010079609	0.144	79.0	371.8404438495636
115	1077.9421	583.7786	2772.141	740.32715	322.81818	251.04735	65.52868	287.10922	-17.14601	464000	-2.1040439e-08	1048.6807	-0.025090495	-267.04858	0.6173447	0.010827627	0.1645	79.0	375.109427690506
116	1189.7078	410.023	2033.1521	693.2513	355.3	256.78815	63.56416	288.18213	-9.558481	468000	-9.536744e-10	655.20386	-0.01191806	-149.96866	0.61668456	0.015895454	0.1625	12.0	377.277126789093
117	1626.4319	619.7548	2996.8203	964.50806	478.625	264.99997	58.681683	289.6491	8.978118	472000	3.218651e-09	1019.89703	-0.02456174	-158.44684	0.6143099	0.014730965	0.14425	79.0	379.92660450935364
118	1000.22894	721.50305	3104.1694	146.71057	305.84616	259.10355	67.57003	292.10443	9.507958	476000	-6.3180923e-09	1759.353	-0.021674441	-180.50415	0.6125993	0.0073244716	0.1515	79.0	382.7669816017151
119	999.7518	372.21115	1991.4685	613.6265	291.0	254.73218	69.74307	292.88187	4.650402	480000	7.56979e-09	836.7204	-0.024408571	-136.96155	0.59496087	0.006901644	0.15075	79.0	385.39055824279785
120	884.51874	304.79578	1857.7029	590.18396	262.6	247.48787	75.03446	294.2556	2.9424696	484000	-1.2814999e-09	439.5896	-0.022850614	-52.963226	0.5826527	0.0058096675	0.11925	79.0	388.1057097911835
121	798.84436	237.57072	1306.4485	507.93344	236.25	241.74855	76.85695	294.30185	8.678248	488000	2.4080277e-08	662.12866	-0.025441024	-85.49426	0.5764947	0.009119291	0.17825	79.0	397.08786249160767
122	1078.6459	630.7164	2993.0789	647.5816	325.58334	259.7672	67.21172	293.99286	2.295826	492000	-9.298325e-09	508.02008	-0.02763163	-51.016663	0.5634228	0.009757951	0.14775	79.0	403.1292579174042
123	1920.4164	861.7457	2989.539	934.2996	614.5	282.60876	43.7905	294.4891	-3.8762217	496000	1.8239021e-08	394.56088	-0.023753094	-34.818268	0.5678991	0.011652503	0.1465	79.0	408.80759620666504
124	984.8058	417.46127	2203.6768	624.67786	290.0	250.64647	74.38428	295.4514	13.634758	500000	1.1920929e-09	805.3288	-0.027642412	-97.93054	0.54864395	0.012742583	0.1635	79.0	412.2998251914978
125	1465.5748	759.62933	3067.9722	809.70715	437.33334	268.98837	62.352024	295.89557	-11.874195	504000	-1.9073487e-09	835.9259	-0.026204765	-81.97522	0.54905987	0.010196176	0.1475	79.0	415.42545986175537
126	1425.6732	700.08105	3238.3682	901.82874	415.44446	271.90018	58.5947	297.2638	6.684787	508000	-6.6757204e-09	774.0885	-0.025559403	-115.54254	0.5533763	0.011281837	0.15625	79.0	418.84275007247925
127	1362.9247	884.5999	3002.5718	632.8609	430.1111	277.98624	56.874306	299.63943	3.176012	512000	-1.5377998e-08	886.8244	-0.023494802	-143.28241	0.53212863	0.008136013	0.14075	79.0	422.1332290172577
128	1230.5662	773.02026	3082.8088	606.3353	374.5	268.03305	66.9629	299.32336	5.2842655	516000	4.4107438e-09	613.2988	-0.027166232	-72.72565	0.5443961	0.010609375	0.1715	79.0	425.37415885925293
129	1209.1637	794.72473	3035.7695	525.24805	368.3	266.42606	67.40762	300.0512	2.1126614	520000	-8.5830685e-09	715.0729	-0.026089022	-152.60419	0.53550744	0.008951142	0.156	79.0	428.35307908058167
130	1066.2238	208.84427	1479.9551	766.8667	309.81818	263.5208	69.8513	300.26746	7.719121	524000	1.0490417e-08	685.9442	-0.029928759	-187.46783	0.5196549	0.012750194	0.1735	79.0	431.7535960674286
131	1404.6909	752.29095	2822.8438	551.66656	430.33334	271.31824	60.427246	301.79822	-3.1095448	528000	1.513958e-08	512.4143	-0.024705103	-88.885376	0.5130874	0.015156908	0.15375	46.0	434.19168400764465
132	1666.1605	1001.9109	3140.9807	872.337	514.3333	281.83182	45.496517	303.3674	11.193423	532000	4.2676927e-08	251.17839	-0.026620215	-66.9928	0.50737345	0.015036037	0.17525	53.0	437.75265288352966
133	1486.4629	795.6149	3195.3164	656.004	429.44446	271.7403	63.402157	304.58527	-2.064972	536000	-1.1444092e-08	570.67065	-0.02311841	-92.0582	0.50162596	0.013460789	0.14925	79.0	440.41312980651855
134	1238.1619	687.3819	3013.266	488.9104	373.8	274.26938	65.31603	307.21713	5.850439	540000	2.9802323e-09	529.63074	-0.026476253	-126.32739	0.4859498	0.013908841	0.1505	79.0	443.4729206562042
135	2515.9976	710.773	3293.419	1230.5732	769.6	290.93176	43.43454	308.55374	5.700449	544000	1.9073486e-08	413.3243	-0.019707713	-91.38074	0.4918553	0.015793823	0.1525	22.0	445.8315517902374
136	1298.6035	807.10486	3211.6929	84.9585	389.6	278.9071	62.373173	310.6048	6.1863756	548000	2.4437905e-09	1039.0052	-0.009438138	-256.53766	0.49100396	0.015865538	0.193	7.0	448.1016275882721
137	1088.2501	425.42294	1838.0594	185.0703	309.63635	269.25668	68.26036	312.05005	-0.8488312	552000	1.07288365e-08	1410.9937	-0.01972842	-125.00183	0.4899977	0.010626576	0.157	79.0	451.08013916015625
138	1331.428	645.0672	3188.5344	689.71954	385.2	277.09915	65.45068	313.2879	6.0018377	556000	-3.141165e-08	359.81543	-0.026882442	-103.232025	0.49042162	0.012938859	0.15775	79.0	454.03914308547974
139	1646.6594	887.40094	3198.281	814.2519	485.25	288.23477	61.363483	315.22894	1.9231682	560000	-1.66893e-08	371.40994	-0.026412942	-85.39407	0.4843232	0.012085943	0.1625	79.0	457.2130992412567
140	1196.1451	682.4027	3219.8923	608.50275	348.0909	273.8095	69.735245	317.31592	5.3369884	564000	-3.4809112e-08	346.3947	-0.023618927	-87.94168	0.48543864	0.01509815	0.14475	58.0	460.83000779151917
141	1149.8438	299.04974	1633.5381	662.10864	328.91666	269.05176	75.61876	318.742	-2.12883	568000	-3.3378602e-09	202.69781	-0.026004601	-55.30919	0.4779294	0.009579606	0.1575	79.0	466.12364196777344
142	1523.7604	749.06323	3191.2295	976.0567	446.375	289.9199	61.810413	319.8539	-1.5288076	572000	1.0490417e-08	263.34344	-0.025332876	-53.797073	0.46078938	0.015021375	0.17625	57.0	469.14610266685486
143	1420.2657	690.6161	3159.3423	806.03326	417.0	287.4492	65.49357	321.38373	0.22001934	576000	-1.5735626e-08	220.39671	-0.026481373	-48.14673	0.45438388	0.011955709	0.15825	79.0	472.48716402053833
144	1350.7135	824.33813	2976.397	680.9856	390.2	277.99908	72.01084	322.47894	0.8644676	580000	2.0384789e-08	265.02887	-0.011666195	-86.76988	0.45474377	0.01710651	0.1525	13.0	474.7897698879242
145	1400.195	1169.6993	3262.0776	107.40447	417.8889	297.25885	56.0216	323.66653	2.6914263	584000	4.768372e-10	3321.0615	-0.0070288912	-1542.7347	0.4558451	0.015769614	0.23	3.0	477.05207109451294
146	1253.5782	302.0322	2001.7957	889.03235	356.0	265.3098	76.560196	324.415	5.506608	588000	-1.1324882e-09	1007.45874	-0.018921148	-882.2059	0.45624545	0.015186453	0.16	44.0	479.5830771923065
147	1252.55	451.3216	2038.4967	694.1623	358.9091	279.51566	72.37927	325.5815	0.0038137436	592000	-1.2874604e-08	366.2411	-0.028126864	-155.32695	0.45356402	0.013356354	0.19175	79.0	482.67236733436584
148	1555.5647	496.60452	2500.5747	930.6924	442.77777	285.32455	68.21064	326.55273	6.0797977	596000	-4.053116e-09	255.70682	-0.028314045	-75.89136	0.43297848	0.014460157	0.1695	79.0	485.4986720085144
149	1738.8329	358.37915	2297.5913	1115.3245	498.875	294.3614	66.890434	328.29285	5.3753576	600000	-7.629395e-09	195.19666	-0.025428077	-51.100677	0.43062863	0.012223793	0.14275	79.0	488.16672253608704
150	1676.0953	750.93	3327.1255	1007.9736	480.7143	297.13638	65.9837	329.7	-2.0479088	604000	-3.3378602e-09	184.35455	-0.011045454	-29.650314	0.43011197	0.015159782	0.1965	10.0	490.4971880912781
151	1820.806	600.6875	3134.5818	1298.1855	536.0	301.93576	59.896713	330.70782	3.5861406	608000	5.722046e-09	167.9868	-0.014449112	-48.015724	0.43057394	0.015941134	0.126	17.0	493.0093803405762
152	1773.7994	420.88113	2705.4355	1397.7306	518.2857	296.28912	67.85974	331.21658	-1.305193	612000	1.40070915e-08	247.67223	-0.025880678	-107.05954	0.43104264	0.013417893	0.16625	79.0	496.7362656593323
153	1432.0874	775.06244	3092.073	568.91614	407.33334	283.9245	70.22225	331.64578	5.040223	616000	3.1471252e-08	359.21637	-0.024976715	-141.5916	0.42218462	0.0151248835	0.16525	72.0	500.3448791503906
154	1347.5095	365.75763	2185.918	801.6438	385.2	285.9987	72.340355	333.4572	-7.6259537	620000	1.0251999e-08	165.83063	-0.025075903	-79.005806	0.4297864	0.010013408	0.14175	79.0	503.39486503601074
155	1692.4846	508.07016	2872.7168	1044.9835	484.375	295.0857	69.19915	334.00293	0.3372898	624000	-7.390976e-09	189.49364	-0.0253165	-49.070663	0.41755757	0.012484435	0.16475	79.0	506.7764232158661
156	1995.9847	617.2757	3265.222	1226.9589	582.8333	308.42706	58.992027	335.0181	-1.1661224	628000	7.56979e-09	151.69809	-0.023535587	-28.928474	0.41138655	0.008930363	0.14725	79.0	509.4933910369873
157	1805.5009	593.7339	3170.975	1265.6681	518.2857	300.30875	67.12726	336.1045	-7.158039	632000	6.2584875e-09	134.21686	-0.028041344	-45.395027	0.40657586	0.013290216	0.184	79.0	515.2186894416809
158	1500.1941	695.65295	3317.0486	964.208	428.55554	292.1804	71.500755	336.80582	-2.734458	636000	7.390976e-09	180.1124	-0.007903801	-100.53321	0.40496293	0.015191919	0.13625	8.0	517.4379267692566
159	1268.3447	282.83548	1718.5178	727.6191	356.72726	283.97214	74.90347	337.30286	6.157115	640000	-3.3378602e-09	161.86304	-0.0045660078	-82.52387	0.4046357	0.016999269	0.20525	3.0	519.772575378418
160	1255.0383	489.2691	2577.5461	786.2064	354.54544	281.61728	77.04305	338.12567	-1.3506737	644000	2.2649765e-08	118.504814	-0.027540488	-26.141792	0.40417835	0.012607231	0.146	79.0	522.9663124084473
161	1144.73	302.02106	1788.4147	738.0165	322.0	277.74182	78.58808	338.81473	-8.3514805	648000	1.0490417e-08	107.73981	-0.025525479	-30.44416	0.40174624	0.012265798	0.15725	79.0	526.1936092376709
162	1774.3239	824.7172	3282.694	903.19086	508.57144	302.48254	65.939445	339.36395	-2.7272825	652000	-1.502037e-08	92.122055	-0.028824203	-25.075287	0.39546582	0.012354824	0.18125	79.0	528.8759808540344
163	1700.2252	554.39294	2454.628	722.72235	485.0	297.47708	70.990715	339.72192	-1.1176949	656000	-1.4066696e-08	248.19293	-0.0251744	-103.62462	0.38884878	0.008670504	0.16575	79.0	531.4572286605835
164	2515.4785	805.4392	3445.522	1280.872	718.0	311.89236	57.44427	340.99274	9.217945	660000	3.3378602e-09	116.175934	-0.024747135	-66.710434	0.38593912	0.012956564	0.1505	79.0	536.4842014312744
165	1504.0021	377.7669	2323.5964	1013.1613	424.77777	297.38113	73.045845	342.53955	0.03809738	664000	3.0994414e-08	159.40846	-0.0046592588	-27.11792	0.37609085	0.015942642	0.17275	4.0	538.6504917144775
166	1889.8362	556.5732	2883.9724	1062.7164	539.5714	304.51965	68.04051	342.5679	6.7871695	668000	2.384186e-10	85.60787	-0.028181074	-38.398457	0.37594646	0.01031436	0.16325	79.0	541.4326045513153
167	1547.0575	712.4973	3120.7295	848.73145	436.8889	293.91513	72.614365	342.59256	7.62502	672000	2.270937e-08	121.85575	-0.01845605	-52.061028	0.36861345	0.01503154	0.15625	31.0	543.8636429309845
168	1354.456	351.29916	1920.4337	921.99493	381.8	289.7162	75.84554	342.95685	-1.8163195	676000	-9.298325e-09	107.57693	-0.02478956	-34.49427	0.3631361	0.008670209	0.1545	79.0	546.6435406208038
169	2175.908	784.0676	3375.0613	1213.2227	630.6667	311.63815	61.815098	343.01978	1.2028561	680000	2.2649764e-09	235.1425	-0.023660937	-56.92563	0.3455293	0.012098199	0.158	79.0	550.0626890659332
170	1302.9937	325.2734	2124.0627	1002.1582	363.55554	295.55432	71.83087	343.24878	4.56011	684000	8.940697e-09	119.40665	-0.0047367564	-39.00202	0.3343859	0.019057317	0.23125	3.0	552.3789365291595
171	1761.3392	753.5211	3014.3987	998.381	498.14285	306.2556	69.15031	343.92352	-2.691948	688000	-1.1920929e-09	51.924545	-0.0282043	-14.348366	0.3340998	0.011196261	0.1615	79.0	556.2546048164368
172	2222.4553	977.9066	3450.8262	841.4631	633.0	314.68292	58.56443	344.65982	-2.101819	692000	-1.2874604e-08	273.8396	-0.0037044294	-86.35927	0.31756887	0.015590803	0.16925	3.0	558.9238119125366
173	1695.8369	803.9649	3373.891	830.05347	484.57144	311.43213	64.71327	345.57877	7.3533897	696000	1.4901161e-08	110.62674	-0.025844287	-41.668083	0.31767434	0.009318047	0.14325	79.0	562.0303907394409
174	1776.391	909.9835	3370.068	1038.4363	506.2857	310.13696	64.75548	346.2055	6.0045004	700000	2.1457671e-09	110.40736	-0.028416684	-52.980015	0.30932844	0.00893101	0.1835	79.0	569.0854294300079
175	1754.6488	940.2962	3384.6987	993.0632	499.125	309.3528	67.62808	346.92218	0.062921524	704000	1.6570091e-08	128.00204	-0.024266854	-66.36267	0.30100277	0.011290372	0.14175	79.0	575.1432659626007
176	1527.3398	364.19885	2229.2073	1175.0704	419.75	297.15622	71.94582	347.34283	4.4111633	708000	1.3589859e-08	160.77206	-0.022408947	-117.75519	0.29447526	0.015111452	0.16425	60.0	578.4912724494934
177	1719.4076	850.7144	3256.1863	995.06354	500.2857	315.57208	65.409676	348.64185	0.98303604	712000	-8.34465e-09	228.6734	-0.027058551	-146.17398	0.2776868	0.007540438	0.171	79.0	581.9470438957214
178	1547.4387	554.3433	2549.531	685.6486	435.8889	291.05438	74.59025	347.65536	11.798513	716000	-2.503395e-08	176.55695	-0.005062098	-122.28215	0.26955763	0.015045517	0.1895	4.0	584.0970830917358
179	1714.7289	859.855	3434.7935	880.6906	483.875	301.80743	70.55141	348.3717	8.358727	720000	-1.7881394e-08	44.2102	-0.024459234	-12.448353	0.26896957	0.009477311	0.159	79.0	588.3811311721802
180	1792.6278	907.3941	3421.8972	886.7724	510.57144	309.078	65.140274	348.54413	-3.8049612	724000	-3.4332274e-08	86.60264	-0.027270826	-24.700714	0.26253465	0.00994122	0.15675	79.0	591.2113039493561
181	1550.6366	358.03116	2188.4565	1147.9589	434.25	305.29938	70.711525	349.31067	5.0505056	728000	-1.192093e-10	83.03699	-0.03090068	-32.042057	0.2556652	0.011588786	0.18125	79.0	594.7202756404877
182	1573.9615	360.32617	2096.9106	991.2807	440.5	302.27643	74.09899	349.318	2.2958612	732000	-9.1195105e-09	78.253586	-0.02609375	-34.451393	0.25203264	0.011908374	0.15875	79.0	597.8039801120758
183	1992.6451	773.388	3336.9956	1131.3116	565.1429	312.18536	65.08566	349.29684	0.6773739	736000	9.536744e-10	109.517845	-0.0044134203	-40.331215	0.238809	0.01760859	0.1485	3.0	600.0046091079712
184	1993.9103	759.32776	3265.1936	1130.7612	554.1429	309.90762	66.98106	349.2218	8.868859	740000	-1.9550324e-08	81.20753	-0.028626783	-38.62798	0.23875621	0.012528183	0.19725	79.0	602.6990456581116
185	2135.626	766.14417	3326.586	1016.6874	612.3333	319.6577	62.258667	350.62918	-3.4481726	744000	1.0728836e-09	198.69325	-0.025689363	-76.37952	0.21384653	0.0075591574	0.1765	79.0	605.5232663154602
186	1707.2107	675.2645	3271.5632	1049.6732	476.625	300.65814	71.18393	350.36224	10.335385	748000	1.1444092e-08	101.17816	-0.015101368	-52.195477	0.20877297	0.015089	0.13575	19.0	607.8993830680847
187	1641.2003	695.2146	3194.8542	925.70593	456.25	303.4491	72.99931	350.93536	4.2229843	752000	1.4305114e-08	71.033356	-0.018308673	-23.695934	0.20380631	0.015321916	0.13575	32.0	610.304615020752
188	1577.5724	448.86548	2563.4763	1146.1794	438.85715	312.44226	68.580505	351.4501	5.0219927	756000	9.298325e-09	92.0037	-0.025706083	-44.09014	0.19602571	0.013643917	0.161	79.0	613.2550945281982
189	2610.3318	927.4862	3388.0974	1288.6848	764.8	334.0704	42.187984	351.69067	-0.19883728	760000	8.106232e-09	47.16157	-0.006349941	-19.0112	0.20116496	0.016384961	0.1935	4.0	615.5681693553925
190	2293.281	846.769	3464.3132	1406.9661	640.3333	314.1164	66.34689	352.42365	14.600043	764000	3.8146974e-09	95.57581	-0.024235599	-49.506626	0.20072998	0.015295658	0.18875	67.0	618.1900823116302
191	2088.894	661.1028	3386.2236	1263.8529	590.3333	321.5735	61.144966	353.35837	5.684003	768000	-2.002716e-08	45.55768	-0.02909505	-19.722404	0.18105282	0.014395123	0.193	79.0	620.7834548950195
192	1795.2637	785.82184	3372.4954	1000.8919	505.42856	315.43442	67.25124	354.55475	6.856761	772000	-7.152557e-09	71.52482	-0.027327908	-19.591537	0.16428791	0.011041205	0.169	79.0	623.5177533626556
193	2451.2517	926.71106	3481.0552	1110.3502	697.8	333.05728	48.478607	354.98703	1.2795906	776000	-1.5974045e-08	58.003716	-0.026160715	-21.70713	0.14752685	0.009269532	0.15125	79.0	626.3972272872925
194	2520.3	869.70044	3433.6545	1263.8091	720.0	334.69424	49.78804	356.18958	11.389261	780000	-2.8133393e-08	40.097027	-0.027503768	-14.18306	0.14717917	0.015069426	0.17375	59.0	628.8678097724915
195	1607.2832	513.98914	2764.9902	1006.5247	444.75	308.51328	72.91076	357.03857	-0.9224596	784000	8.8214875e-09	74.36515	-0.025356146	-38.145824	0.15037157	0.012154119	0.16625	79.0	632.0606310367584
196	1578.4841	631.43713	3027.4333	888.744	436.44446	301.67242	76.22932	356.94385	2.231594	788000	7.1525574e-10	69.698135	-0.018973159	-27.482067	0.14253904	0.0152144935	0.172	24.0	634.5088918209076
197	1658.7118	737.97235	3373.2195	965.5711	463.0	311.3645	69.74557	357.24603	5.741189	792000	1.5676022e-08	99.66135	-0.021617435	-53.835686	0.14552815	0.015509612	0.1645	50.0	637.3424475193024
198	1856.2472	878.5725	3340.0073	940.2785	513.5714	312.6946	71.33474	357.3363	-5.481106	796000	-2.5510788e-08	109.221695	-0.0227383	-72.17038	0.15078826	0.0075537562	0.14275	79.0	641.4002821445465
199	1280.7031	455.5455	2662.5317	949.96747	358.0909	296.60498	76.34467	357.9597	2.2796593	800000	2.5749207e-08	1333.8529	-0.004788975	-487.63202	0.15455867	0.015504639	0.219	3.0	643.6544525623322
200	1353.4014	410.1155	2223.1343	884.95703	373.6	283.29834	75.72362	355.83258	4.124425	804000	-2.5272369e-08	353.52423	-0.005386577	-301.10986	0.1542072	0.016205445	0.15475	4.0	645.7608876228333
201	1648.4175	734.30316	3361.625	1009.7158	462.625	311.2189	70.19842	357.0483	-0.42442322	808000	-2.861023e-09	126.4738	-0.024677582	-46.263824	0.15314479	0.01523535	0.175	67.0	648.5498692989349
202	1862.1979	935.6136	3384.0176	1008.6451	527.0	317.25058	66.82261	356.89386	2.3530655	812000	1.9073486e-08	52.933758	-0.010084673	-26.570446	0.14363779	0.015066375	0.161	8.0	650.6291017532349
203	1258.6085	689.3411	3399.441	900.4878	352.81818	292.27563	76.974464	357.07446	4.8776865	816000	1.9788741e-08	61.524853	-0.0012686453	-27.937332	0.1437842	0.016962547	0.21825	2.0	652.69992852211
204	2014.2086	1084.8529	3302.4316	700.7098	566.8571	312.8792	68.981865	356.46432	3.1536598	820000	2.9325486e-08	195.13454	-0.02722053	-96.85399	0.14373761	0.015255862	0.178	79.0	655.7705187797546
205	2171.7275	950.15857	3450.6282	1010.9483	624.1667	324.84534	57.275833	357.09677	2.7180996	824000	-3.8504602e-08	132.74606	-0.024590936	-38.619232	0.13233356	0.009504258	0.15075	79.0	659.0913741588593
206	1940.547	811.10535	3433.5544	971.0913	544.0	314.9435	66.622574	356.88297	4.3420124	828000	8.34465e-09	127.57922	-0.023243623	-53.50422	0.120617114	0.012491041	0.176	79.0	662.0973882675171
207	2775.2146	873.24347	3492.4812	1303.2437	792.8	336.4536	47.971336	357.7287	7.135665	832000	-1.1205673e-08	164.90936	-0.004524076	-77.75976	0.1127216	0.016156657	0.17725	4.0	664.367556810379
208	2248.7078	808.2918	3080.2793	1048.8284	634.0	328.48355	57.943317	358.02872	7.247451	836000	-5.00679e-09	690.9515	-0.021210432	-344.2348	0.112734124	0.008955913	0.154	79.0	668.8833448886871
209	2599.2573	835.042	3419.0803	1192.4224	729.8	322.10095	57.238827	357.6694	11.666891	840000	5.1617622e-08	220.8987	-0.025759682	-154.16678	0.10740685	0.015014738	0.1625	62.0	671.9364340305328
210	1760.761	606.29095	2891.989	952.804	489.14285	317.22504	68.07716	359.38177	0.7906256	844000	9.775162e-09	1186.5193	-0.019811066	-258.10687	0.09579293	0.0150554385	0.16375	50.0	674.6090683937073
211	1972.4257	796.9126	2932.6917	1073.6238	539.5	315.9999	67.291595	357.3332	3.7133675	848000	2.2888184e-08	180.30902	-0.018428983	-131.31049	0.09473593	0.016466856	0.16125	28.0	677.2771947383881
212	2514.3496	983.2025	3460.017	1054.3585	719.2	338.21512	45.840805	359.4016	8.280295	852000	1.0967255e-08	780.8839	-0.0058129467	-410.55487	0.09563721	0.019428918	0.2	3.0	679.426148891449
213	1787.8206	717.1965	3467.2795	1159.2638	496.25	307.60458	75.3101	359.22665	0.66921234	856000	7.867813e-09	311.34058	-0.020377494	-245.09988	0.09534107	0.015335125	0.16625	44.0	681.9062354564667
214	1912.1788	357.5109	2425.193	1388.6075	527.0	313.05243	70.55284	358.7841	8.762592	860000	-1.37090685e-08	119.20431	-0.00887021	-63.957653	0.09338587	0.015063119	0.17325	9.0	684.5533695220947
215	3321.3093	304.13916	3589.3674	2808.444	945.0	341.36334	44.08792	359.9572	-5.090769	864000	-9.536743e-09	53.529263	-0.026398672	-26.44278	0.09374456	0.012252197	0.154	79.0	687.630110502243
216	2352.2026	591.6042	3435.435	1834.638	654.2	327.3232	59.423622	358.56863	4.9898624	868000	4.7683715e-09	134.19704	-0.023681594	-89.23736	0.07525456	0.015138321	0.17375	53.0	690.4471850395203
217	1599.9794	784.04565	3499.262	915.8819	440.8889	314.2776	72.77661	360.85855	9.211421	872000	-5.1259996e-09	128.64699	-0.027946634	-71.09289	0.0702808	0.011406445	0.17475	79.0	693.0529954433441
218	2947.4749	608.3401	3508.56	1937.7155	822.0	342.81082	49.96524	362.8636	-12.605524	876000	4.2915342e-09	131.08383	-0.024310784	-87.91697	0.07698127	0.01423656	0.15125	79.0	696.3410060405731
219	2097.6597	811.61725	3262.1304	1003.2064	576.3333	317.75745	73.49814	363.4477	-2.4334888	880000	1.1920929e-09	228.08865	-0.014253206	-189.08418	0.092324466	0.0155976135	0.12975	19.0	698.7742953300476
220	1855.6368	896.4082	3613.3672	934.97327	511.42856	319.38663	68.9934	363.42017	5.730589	884000	1.7881394e-08	73.87049	-0.027749466	-32.422733	0.08585002	0.007907461	0.1765	79.0	701.7221040725708
221	1835.1315	470.0542	2351.7388	1169.8809	506.0	324.94162	67.42048	364.48544	9.09266	888000	-7.987023e-09	231.41946	-0.024225844	-103.28897	0.07374788	0.01136779	0.18075	79.0	704.7296268939972
222	2783.3735	943.09045	3471.7432	1001.5743	781.0	336.71613	52.12639	363.46628	18.318104	892000	-3.0755995e-08	74.44156	-0.009856991	-51.234055	0.057686284	0.016150031	0.14975	9.0	707.0118148326874
223	1903.283	1012.8161	3518.5159	1171.8876	530.4286	327.58783	62.644024	364.2762	-1.6229849	896000	2.2649764e-09	46.579655	-0.0026561236	-21.772799	0.056566756	0.015601301	0.17275	3.0	709.1452131271362
224	1912.6014	993.92126	3472.4053	976.03345	531.7143	323.12326	67.89455	364.4736	-1.6454573	900000	-2.026558e-08	63.961735	-0.008518066	-28.717976	0.056088332	0.015034039	0.1565	7.0	711.2502205371857
225	2353.8547	615.4977	3457.1147	1758.1558	654.8	333.92743	57.679226	364.6172	3.5409021	904000	1.1920929e-08	54.609478	-0.009148005	-26.890202	0.054940898	0.01624791	0.13575	13.0	713.8477935791016
226	1508.1873	762.17	3346.7231	817.9978	414.77777	304.75217	80.60533	364.68594	2.6949682	908000	2.861023e-09	108.43272	-0.02544654	-64.04091	0.051822707	0.014471855	0.171	79.0	716.7703881263733
227	2202.1072	1027.9504	3500.4233	885.3721	620.1667	332.97556	58.007057	364.60205	11.116315	912000	-7.510185e-09	95.21581	-0.02842691	-46.102783	0.046073243	0.009716814	0.1805	79.0	719.565925359726
228	1753.9713	974.5523	3473.6943	1044.2794	486.875	315.15018	73.392715	364.71545	-3.016077	916000	1.5377998e-08	64.49146	-0.0058415653	-36.252415	0.046308435	0.016399102	0.2395	4.0	721.7821052074432
229	2138.1353	1104.7001	3520.79	1162.8287	600.6	336.1173	53.096592	365.03674	7.2694426	920000	1.8417834e-08	56.446007	-0.023662712	-38.85884	0.04640178	0.01083068	0.158	79.0	724.8340997695923
230	3428.102	48.270954	3470.0522	3347.2969	982.0	349.24533	34.145977	364.20816	-4.3245296	924000	1.7881393e-09	24.255117	-0.02353518	-7.145897	0.03779435	0.013159409	0.1515	79.0	727.8887197971344
231	2299.0413	788.87683	3452.413	1255.8427	643.6667	330.78577	59.029037	364.04315	5.1203012	928000	-1.013279e-08	639.0965	-0.0065047266	-221.56961	0.026761653	0.020054637	0.25175	3.0	730.1491680145264
232	1564.5933	414.3246	2133.8047	989.6617	428.77777	295.37686	77.78503	363.4271	-13.559849	932000	-1.6689301e-09	353.62943	-0.009091689	-314.59244	0.026144266	0.016719632	0.14225	7.0	733.0445518493652
233	1466.3376	781.40955	3492.285	965.89276	405.33334	308.71475	74.852264	362.84897	-4.019678	936000	-2.5629998e-08	52.096867	-0.025369136	-20.408655	0.024944346	0.015305393	0.1915	61.0	735.6815745830536
234	1855.8037	1205.8385	3595.7358	838.08435	516.3333	327.126	62.503487	363.9326	2.0944662	940000	1.192093e-10	53.67701	-0.019545486	-26.41852	0.016109664	0.015046838	0.15775	20.0	738.0889337062836
235	1504.6488	417.52432	2271.4475	1131.7397	410.125	310.51102	74.388374	363.76648	0.27597713	944000	-3.5405158e-08	49.228447	-0.025565948	-24.72334	0.017816938	0.010767011	0.1575	79.0	740.9813714027405
236	2156.4607	760.53076	3476.3591	1128.3328	597.1667	328.0118	63.4186	363.52625	-9.194085	948000	2.3841858e-08	65.1614	-0.022745023	-17.849869	0.006553332	0.015770843	0.199	38.0	744.0853495597839
237	2963.4404	1039.5037	3641.172	1165.4729	827.5	343.8849	42.869473	363.2752	15.059345	952000	-9.536744e-10	22.539505	-0.025916815	-6.3463097	-0.0023200114	0.015067154	0.17325	56.0	746.5275504589081
238	1946.4574	1101.1832	3505.2102	997.9805	540.1667	330.028	62.483593	364.59595	-0.9892025	956000	-8.702278e-09	40.564365	-0.026745552	-14.863037	-0.010421634	0.01511649	0.17	76.0	749.5864672660828
239	1596.4683	734.3167	3534.9717	1008.90234	437.8889	309.90613	74.04129	365.32666	6.7761908	960000	1.5497208e-09	35.7545	-0.029298143	-10.975573	-0.011125127	0.00763077	0.18	79.0	753.392828464508
240	1548.4739	440.78955	2182.2424	1062.965	421.55554	308.4689	77.51018	365.15417	-2.7646427	964000	-9.059906e-09	53.527103	-0.026452051	-21.726208	-0.01447948	0.008457202	0.164	79.0	759.3268103599548
241	1534.0609	726.8806	3499.3389	951.73535	421.8889	310.42288	74.20969	365.53107	2.3580103	968000	-9.9241735e-09	69.07884	-0.028817607	-27.454796	-0.017128468	0.015012431	0.222	73.0	762.6942980289459
242	2181.0652	696.00757	3393.9995	1094.7006	596.8333	326.35358	70.080795	366.10992	-7.239852	972000	-4.9114227e-08	76.30164	-0.025181388	-40.441685	-0.034863196	0.012841428	0.15625	79.0	765.4183175563812
243	1885.9794	312.55173	2233.2231	1322.9902	508.7143	320.34714	71.095535	366.05728	2.880083	976000	-9.775162e-09	30.11043	-0.024329484	-16.134232	-0.040409245	0.014632542	0.1765	79.0	768.5571208000183
244	2178.7354	876.2163	3550.0874	982.09564	599.1667	331.9034	63.118343	366.59995	-0.21782303	980000	-1.4185906e-08	32.286064	-0.025391795	-13.401779	-0.049566858	0.012312767	0.1675	79.0	771.3763980865479
245	2272.3167	576.6869	2825.7969	1328.214	620.5	325.35992	68.92938	367.16855	3.193345	984000	-8.8214875e-09	28.015875	-0.003477021	-11.593536	-0.04264565	0.015278851	0.21175	2.0	773.6300933361053
246	1912.8971	843.08124	3630.5754	993.4885	523.0	317.83014	72.45095	367.90378	1.344368	988000	1.40070915e-08	113.78914	-0.024760947	-58.598267	-0.04263743	0.014612063	0.183	79.0	776.3236265182495
247	2133.139	874.2692	3581.989	1003.6582	586.1667	325.7603	66.36367	366.98572	6.4682217	992000	-3.3289194e-08	52.21731	-0.022411864	-23.41239	-0.04431279	0.015598708	0.16475	61.0	779.8414556980133
248	2361.0427	736.03424	3362.0588	1296.3478	643.0	322.91138	68.44543	366.94638	-0.47504616	996000	-1.6331672e-08	145.46982	-0.007383333	-62.915016	-0.050487556	0.016192442	0.212	7.0	782.0784809589386
249	2426.422	882.9803	3498.8486	1281.4951	671.8	337.58618	56.834023	366.49072	5.0212517	1000000	-3.218651e-09	50.840317	-0.028538117	-31.393362	-0.050541956	0.010808993	0.17925	79.0	785.0714244842529
250	1583.7622	506.7219	2732.223	1115.3997	432.1111	307.2412	80.06996	366.34286	-5.818434	1004000	-2.861023e-09	94.479355	-0.002708258	-44.038773	-0.060096934	0.017219493	0.2065	2.0	787.3733286857605
251	2019.0763	828.03906	3506.793	1282.2662	555.4286	323.29382	67.86334	365.84827	2.5890741	1008000	-1.013279e-08	37.074146	-0.026897838	-18.837093	-0.06014669	0.011081331	0.18625	79.0	790.4081511497498
252	2031.0059	757.38873	3605.4636	1309.0009	554.5714	320.3635	70.704315	366.767	-2.387723	1012000	3.3140182e-08	37.47074	-0.0046092095	-10.220297	-0.072253056	0.015449028	0.14025	3.0	792.6071953773499
253	2061.1497	840.552	3479.4739	1049.0046	569.7143	326.19855	68.65638	366.83316	1.6132727	1016000	-4.4107438e-09	114.25993	-0.0034320145	-31.24231	-0.072564445	0.015118664	0.17525	2.0	794.7283182144165
254	1307.5181	279.08847	1888.5658	997.5898	355.0	293.88495	81.033325	366.1135	2.4940605	1020000	1.9311905e-08	53.84373	-0.02641936	-37.108147	-0.07266895	0.0117155975	0.19775	79.0	797.6182346343994
255	2144.6506	984.5404	3556.957	948.38983	582.0	325.346	67.846725	366.9912	3.4299688	1024000	1.7285346e-08	43.553123	-0.026500208	-15.628691	-0.07983172	0.007891151	0.168	79.0	800.376743555069
256	1925.5531	822.15814	3543.061	1026.8074	527.8571	321.45438	70.72434	368.42596	4.6515684	1028000	-5.7816507e-08	69.27404	-0.023958134	-40.39353	-0.09103507	0.010171373	0.159	79.0	803.2505159378052
257	1477.2462	304.58853	2046.762	1057.2711	403.66666	310.75992	74.83194	368.47684	1.630887	1032000	-8.106232e-09	1238.8118	-0.005047924	-234.13477	-0.088892184	0.020720378	0.2195	4.0	805.4366669654846
258	1662.592	511.9626	2330.771	1026.3268	451.125	306.18964	72.65097	366.2142	0.09028721	1036000	-5.2452087e-09	151.03957	-0.02038294	-113.79939	-0.088809885	0.015629776	0.1615	31.0	808.1153392791748
259	2409.5017	822.65674	3524.1387	1118.1	659.0	330.49335	63.329483	367.73407	5.208211	1040000	-2.1457673e-08	51.594875	-0.0030153699	-29.340944	-0.094283134	0.020143243	0.21375	2.0	810.4220561981201
260	1548.5708	343.491	2187.2231	985.6585	420.55554	311.2234	79.237144	369.31802	1.5328865	1044000	-3.385544e-08	81.47218	-0.030399743	-45.84077	-0.09490498	0.014197303	0.19825	79.0	813.4326996803284
261	2067.6326	871.46136	3558.6152	1144.7563	566.2857	323.02338	68.82757	368.72748	-0.43821907	1048000	-3.671646e-08	33.901016	-0.02376258	-11.042452	-0.1046254	0.015121289	0.173	44.0	815.9442582130432
262	1476.1812	293.70712	1860.6887	1048.4507	399.3	303.42697	80.005325	368.49097	-17.388485	1052000	8.5830685e-09	45.367664	-0.028118514	-13.94779	-0.11600856	0.013148164	0.18625	79.0	818.5527787208557
263	2365.2795	803.6766	3410.4749	1246.9025	642.6667	325.68835	68.45108	368.89926	-0.007170677	1056000	-9.298325e-09	27.838627	-0.02651343	-13.5254135	-0.12597305	0.012379589	0.1935	79.0	821.3813421726227
264	2172.8064	882.83405	3518.773	1013.78094	599.5	327.41122	68.09671	369.8892	1.786027	1060000	-4.7445297e-08	28.965075	-0.023650138	-9.111231	-0.14005242	0.015116079	0.167	64.0	824.0520164966583
265	2216.114	1084.318	3498.2815	776.3627	620.5	336.22858	59.515156	368.87686	5.0797462	1064000	-1.26361845e-08	45.57634	-0.0039264113	-20.95913	-0.14991724	0.0150361955	0.225	3.0	826.3065457344055
266	1956.9203	860.4841	3549.0525	1041.1125	536.8571	325.10068	68.77724	368.7661	-6.4383717	1068000	-2.7298928e-08	36.75876	-0.020762231	-17.407925	-0.15005477	0.0151033895	0.15625	44.0	829.0318603515625
267	1784.3684	551.67444	2766.6924	1197.1293	483.625	313.6328	75.015656	369.47113	0.62502193	1072000	-8.5830685e-09	41.36015	-0.028133951	-17.186785	-0.15078792	0.015125424	0.19175	70.0	832.1693577766418
268	1347.8632	247.60953	1898.1567	866.2579	362.18182	297.90497	80.77854	367.97894	3.2997026	1076000	-4.2915342e-09	40.049053	-0.011931495	-15.063534	-0.15745239	0.016644716	0.15875	11.0	834.3564720153809
269	1497.883	322.34235	2127.0974	1182.5973	404.5	315.0135	75.825035	369.65964	-2.5719757	1080000	-1.6450882e-08	40.032986	-0.025924208	-20.876133	-0.15971884	0.007845586	0.1465	79.0	837.4297869205475
270	1430.1631	421.25305	2178.978	957.2441	387.25	315.20193	74.530876	369.15146	3.645997	1084000	-4.768372e-10	40.49131	-0.00960927	-10.360893	-0.16283162	0.01508888	0.1865	7.0	840.5320644378662
271	2387.1047	829.847	3517.3716	1041.5906	656.1667	331.71576	64.83559	369.5951	4.700506	1088000	-6.6757204e-09	41.71904	-0.0067072203	-15.816771	-0.16368702	0.015062456	0.1345	6.0	842.7075312137604
272	2360.4863	983.97015	3516.2307	1109.7699	648.3333	331.4898	63.92171	369.64572	-10.11348	1092000	-1.3113022e-08	32.823	-0.025310092	-21.373352	-0.16532236	0.015108029	0.18075	55.0	845.8942334651947
273	2593.0815	825.05414	3499.709	1455.5475	723.2	344.18573	51.519493	368.97113	7.3937435	1096000	-2.4795533e-08	22.622288	-0.028443903	-8.773017	-0.16863678	0.011902785	0.16275	79.0	848.6284396648407
274	2390.4978	914.6529	3531.9768	984.624	662.5	336.8616	60.128128	368.5131	-8.016596	1100000	-2.5272369e-08	41.322742	-0.023480522	-22.1105	-0.17981836	0.015028999	0.1845	54.0	851.5155367851257
275	3350.6301	324.19028	3557.214	2789.5183	939.75	353.64343	34.109344	369.62415	7.761571	1104000	2.938509e-08	31.394543	-0.013567404	-14.3722725	-0.185212	0.01533133	0.149	16.0	853.8281683921814
276	2316.4336	758.478	3528.6047	1516.8903	634.0	340.61658	60.211056	371.02084	5.060256	1108000	-4.768372e-10	26.009056	-0.025712712	-13.893825	-0.18821047	0.0104567865	0.18075	79.0	856.6496412754059
277	2230.998	514.24084	3178.749	1488.7064	604.6667	329.5467	69.04955	370.7825	2.3223047	1112000	2.8610229e-08	53.56397	-0.025882002	-32.84164	-0.20075911	0.013015809	0.1875	79.0	860.0868875980377
278	1896.9426	805.9692	3350.496	1021.94543	510.57144	321.1487	71.67946	371.08035	-2.772252	1116000	-7.426739e-08	48.46894	-0.0006388371	-35.477554	-0.19510761	0.015324141	0.264	2.0	862.1966862678528
279	2393.0007	858.93695	3515.5442	1146.6676	656.6	341.73032	57.950428	371.22812	8.215007	1120000	1.9550324e-08	21.502825	-0.012983113	-12.359446	-0.1952396	0.016377809	0.20825	14.0	864.8031151294708
280	2722.3123	815.87805	3534.3198	1608.6719	746.6	338.10342	59.42194	369.80917	-3.3622217	1124000	2.8252602e-08	23.475853	-0.023470083	-7.0708656	-0.19729295	0.015226795	0.16025	61.0	867.4144327640533
281	2071.2854	835.3511	3633.07	1117.5514	562.8571	325.24652	70.35855	369.79706	-6.001034	1128000	2.4199485e-08	83.704185	-0.024890874	-26.832077	-0.2060488	0.0062272185	0.2255	79.0	870.5011940002441
282	2463.4849	604.60034	3498.3618	1648.1976	679.2	338.12042	58.937416	369.9405	0.84370136	1132000	-1.859665e-08	31.016878	-0.026047865	-17.906218	-0.21469304	0.013802565	0.16025	79.0	873.4233710765839
283	1821.4011	672.45123	3241.5823	1148.0604	490.375	314.53082	76.20531	368.89307	3.9515247	1136000	-5.9604646e-09	36.725563	-0.026617646	-17.319685	-0.2054832	0.012677616	0.18125	79.0	876.6917819976807
284	1909.1947	616.34674	2885.6929	1075.4358	512.0	322.45993	72.88596	369.94522	6.0679407	1140000	5.066395e-09	32.410755	-0.019370286	-16.549858	-0.21277213	0.015115302	0.17125	21.0	879.2591907978058
285	2059.7122	731.2005	3475.0093	1293.6088	558.4286	326.25302	74.391716	372.2148	0.2940197	1144000	-5.8650972e-08	117.06357	-0.0025051031	-72.53339	-0.21444361	0.018655851	0.25125	3.0	881.4116938114166
286	2331.2893	870.19586	3658.297	1322.3335	627.3333	328.47833	65.43767	369.89645	3.737342	1148000	-7.4625014e-08	57.12006	-0.016475603	-45.573364	-0.21489374	0.015667249	0.1885	22.0	883.6547853946686
287	2374.6924	847.833	3554.0571	1332.0801	647.1667	336.24863	64.54156	371.50208	8.263654	1152000	1.5616417e-08	38.963375	-0.007018564	-22.890152	-0.21847263	0.015028014	0.1605	7.0	885.7658257484436
288	1950.5634	606.78143	2896.7422	1172.1693	524.2857	322.2643	73.906525	372.3049	-2.2534618	1156000	-3.862381e-08	57.49966	-0.019021532	-33.348732	-0.21866684	0.015068499	0.1865	23.0	887.9608390331268
289	1865.1089	880.02094	3540.0925	1187.2003	505.16666	336.0012	63.37649	371.29825	6.94915	1160000	-2.6226044e-09	22.061083	-0.025958346	-10.381189	-0.2187814	0.011336514	0.16875	79.0	890.9746267795563
290	2038.4318	703.6166	3525.2664	1334.6863	554.4286	330.17593	68.21059	370.80695	0.90801907	1164000	-8.34465e-09	62.169254	-0.025178673	-21.778488	-0.22728328	0.010312727	0.17825	79.0	893.6234765052795
291	2085.0054	969.0665	3613.096	1158.4052	565.5714	326.49017	68.750404	370.68375	-6.605358	1168000	2.360344e-08	50.98386	-0.011581377	-23.254253	-0.22664243	0.015203404	0.17925	11.0	895.8328597545624
292	2331.1843	1008.0321	3560.9814	1282.6042	646.4	343.76355	53.850445	371.03506	-0.8899603	1172000	4.768372e-10	45.370262	-0.025142178	-16.892551	-0.2283799	0.015171489	0.16025	75.0	898.6558842658997
293	1388.9929	683.8916	3171.2722	996.69336	375.2	305.16364	81.252846	371.2734	-1.3289442	1176000	1.2278557e-08	100.12656	-0.02868352	-74.72958	-0.21988577	0.012339466	0.193	79.0	901.5302836894989
294	1253.3419	181.74965	1478.069	976.6155	336.27274	296.02777	81.34189	371.73456	1.9076529	1180000	-4.9948692e-08	53.742584	-0.028132142	-32.590492	-0.2180661	0.013815252	0.21	79.0	904.2443587779999
295	2299.7283	952.47705	3546.7478	1144.2356	634.1667	338.4524	59.3317	371.24887	5.8017387	1184000	4.172325e-09	24.524258	-0.026724545	-9.599069	-0.22982666	0.013672372	0.176	79.0	907.5184600353241
296	1833.05	1008.0878	3600.8079	1002.27673	493.875	320.87222	74.06683	372.2454	-1.8168592	1188000	2.3841858e-08	49.395077	-0.021072838	-29.381468	-0.23472296	0.017263472	0.2005	51.0	910.3501446247101
297	2403.2834	930.78973	3555.389	1340.5477	662.0	343.85275	58.80759	372.84937	2.2741976	1192000	-3.5762786e-09	60.930195	-0.027035056	-27.40496	-0.23721191	0.007035548	0.19175	79.0	912.9824101924896
298	2810.0352	857.4054	3595.218	1393.0947	773.2	344.31924	54.39359	371.6824	2.8529482	1196000	8.2850455e-09	63.437664	-0.0239639	-36.17523	-0.25551987	0.011841951	0.18375	79.0	915.8451948165894
299	2144.2507	1007.5715	3536.7769	1122.2683	590.1667	338.62982	58.361034	371.32614	5.562421	1200000	1.0967255e-08	86.10458	-0.019835535	-56.09236	-0.2712248	0.015057561	0.209	47.0	918.2751288414001
