Epoch	AverageEpRet	StdEpRet	MaxEpRet	MinEpRet	EpLen	AverageVVals	StdVVals	MaxVVals	MinVVals	TotalEnvInteracts	LossPi	LossV	DeltaLossPi	DeltaLossV	Entropy	KL	ClipFrac	StopIter	Time
0	11.775701	7.1834083	51.91872	2.3757992	19.019047	0.088484	0.1561434	0.57962346	-0.47559857	4000	-1.8835069e-08	68.71016	-0.017937306	-30.550842	0.91893864	0.017018003	0.2685	8.0	2.1878669261932373
1	15.323518	9.99901	99.23612	1.3769342	21.98895	3.7269726	2.320808	5.2380495	-4.5511985	8000	-4.482269e-08	79.970795	-0.020952264	-20.315632	0.9165607	0.018354448	0.209	7.0	4.5950703620910645
2	28.341389	29.232807	185.4498	3.22054	27.430555	6.6760507	2.6271365	8.450786	-6.9037457	12000	-4.2915342e-09	648.8456	-0.020414889	-113.15582	0.9148528	0.017325042	0.24525	7.0	6.919418096542358
3	47.67828	45.9647	203.38658	5.2684846	39.425743	11.426147	4.184626	13.43609	-11.020851	16000	-5.8174134e-08	1219.4182	-0.013160448	-178.11731	0.9131864	0.016895335	0.212	8.0	9.121343612670898
4	80.01764	47.764076	238.33139	8.577902	49.8	17.63664	2.8605149	18.276516	-7.568956	20000	1.0430813e-07	1646.8888	-0.017338064	-261.28003	0.91127855	0.0092253415	0.11475	79.0	12.15529990196228
5	98.201904	43.488758	186.40771	12.212254	58.74627	23.03625	0.9072211	23.129751	1.5612364	24000	7.724762e-08	1628.1279	-0.016615838	-222.85669	0.9067005	0.01197052	0.10075	79.0	14.943296670913696
6	111.886284	37.510777	202.19539	25.858875	62.11111	27.213593	0.076544486	27.21818	23.242424	28000	3.576279e-08	1693.3942	-0.016182192	-205.18701	0.904312	0.009553876	0.10625	79.0	17.75512981414795
7	152.29662	50.606606	254.5554	27.281189	79.42	30.62722	1.3526638	30.89861	10.240479	32000	-4.1246413e-08	2889.4456	-0.016239364	-336.625	0.9075289	0.011299932	0.109	79.0	20.471782445907593
8	167.5857	52.18735	254.75029	70.540215	87.22222	35.079247	0.9213465	35.22889	15.391985	36000	-7.402897e-08	3011.1992	-0.0126699265	-331.48633	0.8929942	0.010177493	0.08375	79.0	23.18223547935486
9	175.73438	56.087322	268.24918	58.77514	89.52273	38.371067	2.8536203	39.234596	16.975685	40000	5.00679e-09	3000.2192	-0.015269044	-308.98267	0.8973269	0.0039464952	0.0845	79.0	25.942051649093628
10	208.75787	35.98813	273.81247	97.11979	102.25641	40.1295	7.5165095	42.91907	-8.811151	44000	-7.593632e-08	3404.2322	-0.014244076	-356.7517	0.8987354	0.008905725	0.0915	79.0	28.66154718399048
11	200.8458	52.906887	288.07376	33.365505	98.275	43.82928	8.78231	46.762074	2.0036833	48000	-1.8179417e-08	3064.1416	-0.017951483	-286.81104	0.88964844	0.008659317	0.089	79.0	31.414785861968994
12	219.1955	42.512646	290.36374	72.05887	103.97369	45.551655	10.88754	50.159973	3.3466105	52000	1.2218952e-07	3226.2332	-0.015963959	-312.58545	0.8836728	0.0074130013	0.10475	79.0	34.15337252616882
13	224.9854	36.16171	291.96182	133.50587	107.13513	49.91949	10.160559	53.557384	0.23155987	56000	-2.4557114e-08	2975.1401	-0.0049766903	-269.73096	0.8842045	0.016353218	0.2	5.0	36.48211455345154
14	214.47618	54.18798	297.69775	67.40847	104.52631	52.798763	10.783893	56.705223	2.0569098	60000	-8.34465e-09	2680.8867	-0.019096106	-225.84937	0.8843783	0.0113270385	0.09875	79.0	39.23377323150635
15	249.45439	35.480183	305.17227	150.08109	114.35294	54.55756	12.387561	59.43423	2.6016145	64000	-6.0379506e-08	3317.4985	-0.014992664	-295.88672	0.8677054	0.007904581	0.078	79.0	42.0021870136261
16	257.45325	40.513283	319.92587	126.19922	117.64706	57.220585	13.537811	62.628597	-6.6014175	68000	-1.1205673e-07	3315.2666	-0.018027566	-294.66675	0.86496353	0.010882345	0.098	79.0	44.66084575653076
17	273.10504	40.681717	329.01913	133.68631	121.181816	59.868282	14.719617	65.779106	2.7135053	72000	-9.1195105e-08	3607.9275	-0.019866943	-309.01758	0.8670511	0.010275903	0.13175	79.0	47.44310641288757
18	272.307	39.163948	324.46295	158.88593	120.78125	62.778893	15.366892	68.98748	2.0155396	76000	-5.6028366e-08	3262.1707	-0.01799777	-268.69092	0.8652493	0.011263746	0.1275	79.0	50.21370530128479
19	275.7251	63.29552	341.66803	66.60024	120.878784	65.78256	15.778474	72.004654	2.63202	80000	1.3232231e-08	3450.1875	-0.0054342197	-262.36475	0.8566467	0.016255649	0.15075	5.0	52.59830951690674
20	307.7143	28.805557	365.80832	233.13593	132.9	68.37659	16.302011	74.942444	3.2699358	84000	-4.1604043e-08	3666.7153	-0.019528441	-305.13965	0.8562929	0.012834627	0.1165	79.0	55.3833281993866
21	312.1255	61.86566	531.804	168.444	132.83333	71.06991	17.252392	78.06323	3.450552	88000	-4.6253206e-08	3920.6106	-0.016608559	-301.9756	0.85652417	0.010556991	0.08125	79.0	58.07433223724365
22	324.441	35.74155	371.19897	171.6775	135.48276	73.99967	18.070282	81.15517	2.853745	92000	-1.5318394e-08	3809.3523	-0.01957508	-299.64624	0.8605193	0.009102235	0.1155	79.0	60.767725706100464
23	339.8416	64.6102	526.55817	129.90385	139.28572	76.467125	18.888447	84.21581	3.1006584	96000	-3.1262637e-08	4321.691	-0.01755645	-335.25195	0.8620902	0.0063612633	0.0935	79.0	64.83301520347595
24	327.91406	32.786293	369.5045	218.98433	133.72414	79.8122	19.138123	87.408646	2.7584047	100000	-3.8534402e-08	3555.2786	-0.019694053	-273.5857	0.8582298	0.008909561	0.10375	79.0	67.68866753578186
25	329.0267	34.70758	383.24017	201.31876	133.68965	81.303856	21.062254	90.28288	4.7484317	104000	3.8564206e-08	3321.323	-0.012179882	-263.52588	0.8527085	0.01502885	0.144	16.0	70.06319332122803
26	335.52606	32.341938	371.4759	193.91034	135.55173	82.736145	22.626905	93.01639	1.9043734	108000	5.4240226e-09	3213.2651	-0.018330522	-242.29004	0.84985447	0.012490262	0.089	79.0	73.28775143623352
27	349.02618	18.836573	388.9106	296.28696	139.71428	84.941376	23.288597	95.70541	0.9385021	112000	1.6629697e-08	3247.564	-0.018822277	-252.80762	0.85393775	0.014059539	0.10625	79.0	76.90281677246094
28	353.1747	59.76617	583.89764	235.23958	141.39285	89.12366	22.095566	98.449104	3.2487876	116000	-1.2826919e-07	3427.2778	-0.020211032	-275.06958	0.8612109	0.010183218	0.0915	79.0	81.00628447532654
29	357.00195	23.13616	388.06943	296.17764	138.35715	90.303375	23.599339	101.10948	4.6639524	120000	6.270409e-08	3260.927	-0.019693725	-258.42407	0.85008824	0.011311689	0.11625	79.0	84.21785473823547
30	364.2495	44.75338	581.4241	320.68335	140.28572	91.560905	25.85022	103.822014	3.8500018	124000	-7.3313714e-08	3272.549	-0.018616447	-250.6836	0.83710146	0.0077819126	0.10725	79.0	87.37454891204834
31	364.10568	22.199427	405.65298	315.5605	139.71428	94.58177	26.103525	106.53696	0.53483653	128000	5.7816507e-09	2994.8003	-0.01761144	-232.4148	0.834249	0.010073374	0.10575	79.0	91.11153078079224
32	380.37805	21.256567	435.2595	335.38358	142.92592	97.20447	26.065329	109.141075	3.2243793	132000	-3.5583973e-08	3295.4568	-0.01737529	-252.00537	0.8333825	0.009782372	0.0935	79.0	95.04670643806458
33	374.68463	20.200888	410.92734	334.84927	140.32143	98.96908	27.812294	111.87744	1.3218305	136000	-2.9802322e-08	2917.5957	-0.0037719803	-227.9104	0.83613795	0.015876194	0.15825	5.0	97.22389316558838
34	372.15823	52.126163	555.19025	222.94958	141.67857	102.6195	26.623985	114.46904	-0.18747067	140000	-5.4597855e-08	2878.944	-0.022105856	-244.2456	0.83607745	0.012179472	0.12275	79.0	100.5517315864563
35	387.9032	81.45875	620.45953	175.70319	146.2963	102.76877	29.225273	116.84892	-0.6824968	144000	9.536744e-10	3354.6152	-0.018958673	-239.29712	0.82875717	0.012684859	0.1085	79.0	103.32496953010559
36	400.61737	57.881977	620.84045	338.14908	150.07692	104.90861	29.876219	119.32144	4.4880342	148000	-1.3113022e-09	2970.015	-0.017538019	-228.7749	0.8239882	0.011672945	0.0855	79.0	106.02766847610474
37	402.18472	31.46238	515.70667	347.3548	150.53847	107.38684	30.079117	121.905655	4.41191	152000	-8.845329e-08	2653.4622	-0.0214968	-210.06177	0.82316935	0.013505949	0.1285	79.0	109.03080487251282
38	402.87155	84.43221	611.1684	145.71806	150.1923	110.61928	30.077066	124.394615	-1.1127536	156000	-4.5716764e-08	3070.4644	-0.020105094	-206.07593	0.81537205	0.010902776	0.111	79.0	111.80566167831421
39	439.71475	114.55779	854.4325	355.57593	159.8	111.83794	31.269554	126.82658	2.3450637	160000	8.434057e-08	3819.7173	-0.017948417	-269.19043	0.8145322	0.0059292954	0.1145	79.0	114.72078108787537
40	454.6735	133.63486	847.16833	172.50798	163.58333	115.392555	31.161087	129.6493	2.7919374	164000	-2.783537e-08	4325.5737	-0.024199843	-278.68262	0.79886484	0.01377928	0.1285	79.0	117.94139432907104
41	430.21918	61.70729	598.30786	362.31903	155.4	116.49823	32.99178	132.54971	1.8797481	168000	-7.5817105e-08	2819.5042	-0.02007358	-229.64551	0.7889415	0.012317414	0.09925	79.0	120.52608370780945
42	471.55893	110.41631	837.33704	370.73724	169.56522	120.821075	32.008163	135.05875	1.2259455	172000	8.389354e-08	3467.98	-0.022989213	-267.43335	0.79398966	0.010286381	0.12225	79.0	123.43325662612915
43	455.20337	82.409515	636.3235	381.73367	162.125	120.63063	34.85753	137.79732	-0.2114563	176000	-1.1390448e-07	3086.0054	-0.022843162	-241.63037	0.7852475	0.01220737	0.1205	79.0	126.56317281723022
44	464.12793	139.65453	897.04315	378.16153	164.875	123.367935	34.76785	140.36723	1.8633552	180000	1.01923945e-08	3456.513	-0.018820489	-229.48413	0.77817255	0.012134546	0.0945	79.0	129.46761465072632
45	472.14432	101.60125	686.59314	329.76572	167.04347	126.172066	34.989437	142.97575	1.2199652	184000	-8.732081e-09	3312.0796	-0.022700178	-249.27808	0.77693707	0.012172139	0.117	79.0	132.41262793540955
46	450.4868	73.50027	631.09973	359.5424	159.8	126.79214	36.830593	145.60246	1.6071086	188000	-3.570318e-08	2417.2798	-0.020929363	-179.09473	0.7732832	0.011752411	0.1185	79.0	137.12268567085266
47	481.32944	94.794624	673.639	386.83856	167.60869	129.41548	37.479893	147.84692	1.2835069	192000	-6.854534e-08	3004.5972	-0.021896355	-228.73242	0.76521313	0.015121567	0.12025	75.0	142.3200888633728
48	490.6776	80.952225	631.861	406.59723	168.65218	131.90779	36.88049	150.31876	1.3436849	196000	-1.2427568e-08	3079.1384	-0.02280547	-295.94556	0.7567366	0.011995562	0.11825	79.0	147.07231330871582
49	484.39322	84.85569	668.7544	396.22586	168.43478	134.59438	38.284912	152.87804	-0.17225075	200000	-9.536743e-09	2509.579	-0.022774523	-191.81445	0.7414912	0.010660171	0.11425	79.0	150.08954501152039
50	492.4797	95.46517	672.5446	329.1615	168.91304	136.47862	38.46052	155.228	3.3153903	204000	3.33786e-08	2797.1187	-0.021355532	-200.14404	0.7386888	0.015043684	0.1395	67.0	152.6775302886963
51	513.0727	90.83728	689.352	338.46445	172.43478	138.80629	38.249332	157.59857	0.42693043	208000	-1.3411045e-08	3062.8054	-0.020361578	-227.09253	0.73284775	0.01177204	0.12375	79.0	155.49687123298645
52	488.94638	76.96718	644.5083	394.46674	166.66667	139.17146	41.53833	160.14978	2.8176484	212000	8.0764295e-08	2274.1345	-0.00927774	-165.89722	0.7158151	0.015555902	0.1445	13.0	157.6733055114746
53	556.77313	75.401306	685.6736	399.61905	185.57143	144.12318	39.217926	162.39207	4.1241784	216000	-4.4852495e-09	3106.312	-0.02180713	-242.85645	0.71344167	0.013055479	0.112	79.0	160.781396150589
54	543.4307	76.126305	657.5906	404.08856	180.54546	146.03581	40.79103	165.05304	2.4736595	220000	-9.7393986e-08	2843.971	-0.018040026	-214.99951	0.71382356	0.015022654	0.1015	54.0	163.47069382667542
55	586.0155	75.999084	840.7569	455.9488	191.6	148.90634	40.421467	167.62236	2.6419253	224000	2.2292138e-08	3361.9207	-0.020005865	-272.44604	0.71125066	0.015039163	0.11575	53.0	166.15099215507507
56	551.0577	76.9538	767.26874	384.54343	181.22728	151.35847	41.62393	170.42905	0.5164218	228000	-4.851818e-08	2628.626	-0.020949334	-211.40088	0.7021976	0.011453737	0.11725	79.0	169.02729082107544
57	564.7857	70.07714	662.4783	383.15134	185.38095	152.89818	42.33167	172.87642	-3.3128018	232000	3.7550926e-08	2591.9624	-0.024020296	-200.78687	0.6876807	0.011531045	0.1285	79.0	171.65690660476685
58	556.8151	72.64294	632.3042	388.4916	182.14285	154.06744	43.21521	175.33403	-1.2033324	236000	1.5735626e-08	2452.3396	-0.01717309	-190.77954	0.69332355	0.015130506	0.108	40.0	174.03330445289612
59	601.7843	69.59846	811.5739	434.8451	195.95	156.1343	44.13773	177.68971	-0.40549612	240000	-3.9219856e-08	2737.7483	-0.022298198	-238.06348	0.685705	0.015005639	0.11925	66.0	177.11827087402344
60	586.03485	55.640427	662.47504	421.76035	189.57143	159.35022	44.020863	180.21828	-1.3438406	244000	-7.05719e-08	2517.6829	-0.022134688	-209.27539	0.6720964	0.011521791	0.1245	79.0	180.05181860923767
61	614.8015	84.54823	895.76886	431.0001	197.8	160.4762	45.213276	182.61826	-2.7102203	248000	3.6776065e-08	2690.6797	-0.0221092	-222.02686	0.67506	0.012568194	0.131	79.0	183.25698256492615
62	614.2137	36.26769	675.52185	548.1894	198.45	162.83647	45.996235	185.16785	-0.74555635	252000	1.9729137e-08	2297.2778	-0.021663042	-193.6748	0.6624369	0.015037296	0.1195	77.0	185.80053877830505
63	597.0285	63.02357	752.04865	414.16235	193.35	165.72404	45.174206	187.58669	2.2112608	256000	1.7762185e-08	2121.0876	-0.01149967	-202.93884	0.6647091	0.015890282	0.1165	11.0	187.97025895118713
64	658.3825	110.83493	1045.266	559.4995	212.94444	165.8922	47.45057	189.84033	1.1478276	260000	2.8610229e-08	2465.3135	-0.023238182	-240.03003	0.6641836	0.01227797	0.1315	79.0	193.0722622871399
65	666.133	75.96798	882.28876	562.01263	212.83333	169.8453	46.594807	192.34384	0.699152	264000	-1.8537044e-08	2532.7908	-0.021682074	-224.72119	0.6686328	0.012308169	0.12625	79.0	195.68940925598145
66	647.68884	45.354874	814.6385	598.81995	207.47368	170.79372	49.097553	194.90894	-0.4802456	268000	-3.7267803e-08	2015.0717	-0.02083732	-162.401	0.64594114	0.0150040025	0.11975	56.0	198.55831789970398
67	638.1703	96.84632	920.7061	403.76523	206.73685	171.56212	49.89224	197.23549	-3.5523944	272000	-1.525879e-08	1831.3328	-0.022417719	-149.59814	0.6482851	0.011854111	0.1075	79.0	202.22543954849243
68	655.2951	101.90568	913.5196	426.0587	210.21053	173.6047	50.38755	199.35583	-2.3632565	276000	1.5556813e-08	2046.3469	-0.023035811	-164.3667	0.6486211	0.012568645	0.1205	79.0	206.4643383026123
69	669.0513	91.46373	916.683	524.28375	216.05556	176.64816	49.849888	201.61255	-1.7521329	280000	6.777048e-08	1728.8147	-0.02096909	-147.38916	0.64204526	0.015035704	0.1105	56.0	211.76388716697693
70	746.3116	180.67906	1179.3356	539.0218	242.0	181.06093	49.27429	203.75879	0.36572218	284000	3.4481285e-08	2184.7346	-0.023278667	-203.50867	0.643102	0.0112138465	0.11975	79.0	217.37455129623413
71	641.58484	112.28223	941.6951	409.4036	206.3158	178.86334	52.797367	206.22961	-0.8371005	288000	8.9406965e-10	1469.5645	-0.022324467	-120.10571	0.6416185	0.009131801	0.1305	79.0	221.1122546195984
72	668.361	90.72379	829.5199	410.04425	214.72223	184.18788	50.243988	208.18164	-1.0088549	292000	-7.987023e-09	1907.7268	-0.020523528	-274.47168	0.6292564	0.009376574	0.125	79.0	227.41154265403748
73	647.4839	61.200806	839.1643	523.6447	206.52632	179.45941	54.844654	210.09563	-6.2664285	296000	9.75132e-08	1284.5745	-0.019789258	-170.6549	0.61672235	0.015007272	0.11	61.0	230.6683704853058
74	605.673	53.69487	688.3383	482.6273	195.95	181.02356	55.09847	211.94293	4.4186416	300000	1.45435335e-08	814.2648	-0.021193067	-72.53998	0.61686224	0.013490397	0.1225	79.0	233.5394082069397
75	656.3201	99.23372	866.7147	423.46918	210.21053	183.87984	55.136765	213.38097	0.300282	304000	-2.9444694e-08	1387.4106	-0.020997284	-140.65027	0.60682005	0.0150476	0.12825	68.0	237.6783344745636
76	657.87427	65.67129	826.3963	519.0957	209.73685	183.9	56.66253	215.18492	-2.4515824	308000	-3.695488e-09	1061.5245	-0.022417935	-108.22333	0.59542763	0.0150663415	0.1385	74.0	241.51164293289185
77	701.7637	214.93173	1545.5852	544.40796	226.23529	188.17172	54.750904	217.00684	3.153916	312000	-9.831786e-08	1042.4324	-0.022170976	-97.634705	0.59169734	0.015073937	0.12625	67.0	245.12199759483337
78	673.9464	139.9664	1213.4761	559.7127	213.66667	188.55037	57.0398	218.92409	3.1742296	316000	1.07288365e-08	1126.979	-0.023617791	-100.8385	0.57833016	0.015048619	0.13825	56.0	247.9060890674591
79	663.7542	94.05715	930.89355	564.9634	211.55556	189.40288	57.190746	220.81374	-0.9462743	320000	-2.1874905e-08	863.1824	-0.016643662	-73.626526	0.58456993	0.015375074	0.13025	37.0	250.30600953102112
80	679.84766	115.867195	960.37463	467.28036	217.22223	190.0484	57.96098	222.53575	0.12111235	324000	-2.5987624e-08	1000.1943	-0.02259123	-82.708984	0.5754159	0.011835882	0.13	79.0	252.858957529068
81	797.8627	292.86307	1393.0225	573.0585	256.0	198.16806	53.336506	224.29715	-0.6357379	328000	2.6106834e-08	1525.6234	-0.022018947	-141.6643	0.57207817	0.0155071085	0.12825	35.0	255.3001570701599
82	706.0785	103.474014	959.54065	562.58466	223.52942	195.41951	57.624657	226.58943	2.8112345	332000	-2.515316e-08	1070.4039	-0.023929736	-121.163635	0.57228017	0.012874132	0.13325	79.0	258.30662655830383
83	708.9569	134.97322	975.1968	493.26215	226.47058	194.03363	59.72205	228.58188	-2.5427604	336000	-2.5212765e-08	905.84674	-0.023936821	-81.54498	0.5674319	0.014960573	0.12325	79.0	261.2696280479431
84	637.9282	139.52487	922.17816	408.64188	207.3158	195.15631	59.86629	230.28711	-0.69965506	340000	3.8146972e-08	739.35077	-0.009960089	-65.22485	0.57585186	0.015294901	0.167	13.0	264.549635887146
85	660.6036	156.77182	1098.8835	422.21103	213.77777	195.21025	61.0201	231.3451	-3.674563	344000	2.515316e-08	773.9686	-0.024167739	-52.051147	0.5758115	0.015079903	0.136	59.0	267.0795304775238
86	739.51056	211.82857	1500.8912	573.6315	235.23529	199.6626	59.63238	232.63528	-2.1742659	348000	-6.437302e-09	1034.0771	-0.024536114	-81.81305	0.5654929	0.012825355	0.14425	79.0	269.6287362575531
87	689.77167	158.35696	1189.1453	444.93927	221.05556	196.65605	62.467476	234.48282	-0.23964643	352000	1.5199184e-08	719.4365	-0.021507183	-63.726257	0.5590417	0.010370584	0.13225	79.0	272.2369451522827
88	692.3203	256.14905	1443.7645	450.64786	222.52942	200.205	61.444805	235.95576	2.314983	356000	1.9073486e-08	960.4409	-0.0038839204	-53.633972	0.55505306	0.01675712	0.185	4.0	275.1702628135681
89	745.94385	139.49632	1054.5717	573.0471	239.1875	204.92079	60.068302	237.50049	-1.7539272	360000	7.838011e-09	692.22986	-0.022588883	-64.638245	0.55511194	0.013608233	0.1515	79.0	280.0584170818329
90	745.74817	249.40916	1514.9644	541.3078	241.4375	205.81027	59.819157	239.1303	3.1572032	364000	-1.0520219e-08	886.7507	-0.022711145	-115.99231	0.5506315	0.012226258	0.141	79.0	282.59262228012085
91	775.24414	197.62753	1210.5134	585.57025	249.75	205.44904	61.481045	240.62273	2.1391711	368000	-4.196167e-08	803.26654	-0.003994362	-86.70166	0.54497653	0.015046827	0.1575	3.0	284.72655296325684
92	1455.0817	636.834	2647.2122	626.51434	494.5	227.0155	44.747334	242.27194	-2.073484	372000	8.3446505e-10	1410.9661	-0.024561146	-154.95605	0.54465055	0.012893989	0.13	79.0	289.30931305885315
93	977.4624	586.947	2645.959	447.3923	320.41666	217.56465	56.931007	245.12079	0.8261552	376000	-3.218651e-09	944.47565	-0.010577781	-80.27081	0.54941046	0.0153205525	0.1435	11.0	291.4541132450104
94	745.14136	187.60225	1383.9689	602.6061	238.625	211.05255	63.499798	247.13397	1.1575241	380000	1.5497208e-09	367.15833	-0.022033518	-33.697205	0.54806936	0.012795162	0.12875	79.0	294.0744960308075
95	815.81036	451.44238	2405.8835	514.3351	270.35715	214.65814	60.891205	248.30017	-3.959525	384000	1.2040139e-08	431.97144	-0.024252953	-46.681152	0.54864234	0.015069596	0.154	65.0	297.0592701435089
96	692.41833	122.59971	948.6705	535.7088	221.83333	205.91093	66.782524	249.31711	-7.2491746	388000	-2.0623206e-08	378.91498	-0.027034776	-34.802734	0.55746746	0.011966954	0.1735	79.0	300.2705979347229
97	731.6229	118.27878	993.39606	630.9688	230.35294	209.9345	65.63045	250.11523	0.52129793	392000	6.0796737e-09	387.54245	-0.022272153	-48.31848	0.54937214	0.015080792	0.153	77.0	302.95965933799744
98	725.6336	123.83817	1032.0883	575.376	228.82353	207.56522	67.01414	251.34862	1.9516459	396000	3.004074e-08	392.66916	-0.025324108	-71.08896	0.5362957	0.015143936	0.14375	73.0	305.6784164905548
99	668.32153	76.68391	909.06104	522.13745	213.38889	207.34827	67.02216	252.56592	-3.5881877	400000	3.5762787e-10	176.20346	-0.019683408	-36.675247	0.5421839	0.015117239	0.1315	47.0	308.0256316661835
100	731.98376	111.093765	970.4651	561.0164	233.75	213.21446	62.89273	253.26593	-1.1644845	404000	-1.9073487e-09	536.7066	-0.0041940305	-101.695984	0.53671646	0.016541095	0.16775	3.0	310.3202688694
101	730.9794	127.963326	909.64465	410.7141	231.8125	208.73335	67.167984	254.4426	-1.3258195	408000	3.1471252e-08	451.757	-0.025348641	-79.34787	0.5364886	0.012020052	0.15825	79.0	316.194650888443
102	776.1403	224.9854	1469.2781	592.8515	245.75	216.52048	64.08945	255.76253	-2.2177753	412000	1.2040139e-08	731.51013	-0.022147758	-163.95923	0.5297184	0.011756764	0.15325	79.0	319.4223232269287
103	763.1008	168.91914	1315.7252	642.7779	239.4375	210.75063	68.2638	257.17984	-5.9621463	416000	2.5689602e-08	443.8747	-0.023623805	-120.93085	0.52289194	0.008313118	0.13675	79.0	322.17532444000244
104	721.2496	201.9208	1143.4365	278.47873	229.82353	217.8671	66.03396	258.55328	-0.48113394	420000	2.0980835e-08	1737.3196	-0.0038594075	-356.0027	0.5209512	0.019661577	0.239	3.0	324.37576937675476
105	757.2261	136.43065	1164.8557	617.2172	240.625	213.64937	65.522484	259.0332	0.9868312	424000	2.861023e-09	341.22876	-0.012806365	-158.98416	0.5206032	0.016453622	0.1685	16.0	326.54392290115356
106	711.5413	82.15407	883.133	559.2443	224.88235	212.1542	68.53725	259.95572	-1.1174812	428000	-6.7949295e-09	161.6598	-0.026611542	-22.78569	0.51859283	0.015018654	0.1615	74.0	329.3901152610779
107	762.2803	284.8293	1780.3723	461.94254	241.75	214.8486	67.48859	260.74234	-0.73202705	432000	8.9406965e-10	315.3465	-0.027013404	-44.79178	0.5128438	0.013794756	0.15425	79.0	331.9802393913269
108	718.53925	118.36606	1049.8676	581.1491	226.17647	214.18265	68.24451	261.92807	-1.6375513	436000	7.629395e-09	243.60927	-0.02305229	-35.528915	0.49174312	0.01427658	0.142	79.0	334.6218457221985
109	776.67175	116.69185	1063.1816	630.96124	242.125	215.98047	69.06265	262.91797	0.13213158	440000	-2.4318695e-08	259.17996	-0.023011435	-54.455536	0.47841442	0.009195582	0.1325	79.0	337.55338168144226
110	802.9517	110.60974	1008.33795	601.05304	250.73334	220.85568	66.86422	264.3044	4.3393555	444000	-3.3706428e-08	247.09554	-0.023239462	-34.6082	0.4729353	0.009555444	0.139	79.0	340.40744829177856
111	806.4476	135.86494	1128.3552	656.54425	252.53334	222.782	67.92535	265.8598	2.413435	448000	-1.3768673e-08	241.11948	-0.023892405	-35.557617	0.4651305	0.011957732	0.135	79.0	343.27411794662476
112	891.85266	208.3687	1429.1559	653.45245	280.2143	225.91031	67.4117	267.37302	1.800107	452000	-1.4901161e-08	281.30435	-0.023293447	-39.99539	0.4565055	0.010751862	0.1535	79.0	346.42803382873535
113	864.0044	197.86227	1461.0652	667.4242	268.42856	224.51172	67.67818	269.15915	0.80463123	456000	-6.7949295e-09	309.47565	-0.027311966	-78.17407	0.44457525	0.0136892665	0.15775	79.0	350.4312970638275
114	879.0483	196.91551	1414.463	652.9546	274.2857	229.91302	66.55084	271.0095	-0.09904766	460000	-1.8119811e-08	274.63422	-0.025067113	-43.85736	0.4215555	0.013703311	0.1545	79.0	353.181547164917
115	761.2826	238.84468	1199.3917	300.76926	241.0625	228.99461	65.85533	272.68634	-1.9628439	464000	2.384186e-10	1868.8214	-0.020016383	-243.67664	0.4230213	0.008460003	0.182	79.0	361.12812185287476
116	855.62555	171.0959	1174.003	598.0182	265.33334	221.66573	68.18338	272.93356	-1.3232937	468000	8.8214875e-09	443.26654	-0.0096370485	-226.43594	0.414623	0.015981881	0.14875	15.0	363.737744808197
117	839.44617	192.4024	1353.1919	595.6218	261.13333	227.59834	69.327156	274.53085	4.5297146	472000	2.8371812e-08	396.65704	-0.022611586	-47.843933	0.4118249	0.009457024	0.15125	79.0	366.9271697998047
118	902.6001	292.24286	1458.173	290.59628	283.85715	233.91109	67.24807	275.90042	-0.6835184	476000	7.510185e-09	1120.9095	-0.0035864494	-47.462402	0.40173373	0.019310126	0.21425	3.0	368.962509393692
119	947.0996	191.12434	1335.4891	643.3646	294.3846	233.74646	67.86579	277.02194	1.1106396	480000	1.9073486e-08	299.228	-0.022159778	-63.976547	0.40154496	0.015230417	0.11975	54.0	371.33637833595276
120	955.6155	243.75497	1523.5922	638.05176	295.15384	233.444	68.39327	278.99698	-2.1522694	484000	1.013279e-09	281.99814	-0.025391502	-67.62521	0.39525464	0.010156825	0.14775	79.0	374.004807472229
121	925.2221	380.80765	1685.367	146.73476	297.08334	242.48491	64.55791	280.97382	-0.18582344	488000	8.940697e-09	1182.1403	-0.023130463	-420.51947	0.38179854	0.010540844	0.18375	79.0	376.6174261569977
122	999.6101	187.74904	1328.2054	754.9961	307.0	237.81241	68.61607	282.31927	-14.812722	492000	1.9073487e-09	306.77252	-0.024078704	-79.08884	0.38159436	0.0105864545	0.1505	79.0	379.2157847881317
123	1030.1372	234.96489	1641.3878	765.5576	314.75	242.53226	67.36113	284.45956	0.29983234	496000	-3.194809e-08	302.0162	-0.024482155	-65.24806	0.36053056	0.011395136	0.136	79.0	382.25034976005554
124	1194.7009	403.859	1993.3752	723.0495	372.8	254.00247	61.775013	286.7925	1.2611656	500000	6.6757204e-09	486.92227	-0.011350523	-109.376465	0.3475656	0.015323551	0.1495	11.0	384.35579919815063
125	898.5921	236.3492	1463.6371	673.2307	276.0	235.69171	72.52306	288.68353	3.516451	504000	-1.1205673e-08	203.29042	-0.028392613	-54.131546	0.3473701	0.0136594195	0.17675	79.0	387.48481273651123
126	1033.286	558.48474	2824.5693	732.748	320.91666	244.06194	67.834465	289.7945	-0.4175768	508000	-1.5735626e-08	183.68687	-0.028424224	-43.216293	0.33357617	0.0127789145	0.1795	79.0	390.4760682582855
127	1345.7152	650.16125	3007.4255	918.4878	424.125	258.88925	59.80454	290.91428	1.2735624	512000	-1.2874604e-08	242.18462	-0.028841864	-70.54753	0.33405468	0.01164622	0.15575	79.0	397.8880500793457
128	1136.6577	358.37302	1878.7285	719.4009	353.8	254.6665	64.33479	292.1867	4.0361223	516000	-8.702278e-09	1092.2389	-0.02011664	-319.95013	0.32712457	0.009830042	0.15925	79.0	403.9567723274231
129	1100.8442	495.60443	2346.296	640.0533	338.9091	247.02866	66.91629	293.46762	-10.157802	520000	-2.002716e-08	453.03802	-0.018879214	-256.82446	0.32375264	0.015079721	0.156	46.0	408.7790422439575
130	1092.5156	194.01653	1404.8378	757.6442	332.66666	249.32576	70.80273	295.11505	-2.0302753	524000	-1.7881393e-09	164.24103	-0.023923457	-36.01097	0.31301403	0.006645092	0.1495	79.0	411.7082211971283
131	1058.8795	288.77383	1660.1494	768.2552	328.18182	254.54988	69.14161	296.84317	1.7687702	528000	4.887581e-09	222.22057	-0.023171429	-82.38989	0.30264646	0.009365552	0.15875	79.0	414.28698539733887
132	1490.5682	798.6401	3164.337	806.18854	472.57144	266.27048	54.765987	297.52	0.28252983	532000	1.1324882e-08	307.43076	-0.026684275	-121.756424	0.29745492	0.009870814	0.17025	79.0	416.9313521385193
133	1161.5549	273.26013	1777.2587	785.9648	359.45456	252.96365	67.01954	299.21948	6.8108397	536000	1.2397766e-08	333.14447	-0.005340907	-98.274216	0.29927284	0.015426072	0.15575	3.0	419.29213666915894
134	1365.9775	608.4129	2593.6555	741.2534	425.1111	259.80103	64.10199	300.18683	1.9596186	540000	5.722046e-09	357.72208	-0.010666404	-116.19559	0.2991346	0.015425547	0.12625	11.0	421.5647358894348
135	1965.9618	728.535	2902.943	1033.1304	638.1667	273.5305	53.70887	301.50134	5.6542006	544000	-5.9604646e-09	549.24304	-0.02559451	-238.46075	0.29679066	0.009334406	0.17275	79.0	424.8170464038849
136	1337.004	288.1259	1831.6096	1000.37964	412.44446	259.92456	65.271255	302.52658	0.9106531	548000	2.4974346e-08	259.6713	-0.024594361	-151.31308	0.2864971	0.013878389	0.154	79.0	427.59303164482117
137	1897.4747	649.0775	2765.6453	1034.3306	594.1667	275.41516	57.483463	303.81357	-3.7878313	552000	-3.051758e-08	167.0772	-0.027079647	-62.234146	0.2747251	0.011460229	0.1575	79.0	430.44526386260986
138	1944.2433	827.0871	2994.3594	919.14575	608.6667	282.29297	51.540047	304.8317	6.308873	556000	2.002716e-08	225.00644	-0.02487944	-93.7074	0.26538762	0.009422834	0.13875	79.0	433.2214426994324
139	1966.6957	468.9321	2706.4312	1483.8302	615.1667	279.40576	58.35447	307.36172	3.5207539	560000	-2.1457671e-09	143.67278	-0.026216604	-37.43627	0.26939747	0.013378038	0.1715	79.0	436.07626843452454
140	1348.7026	395.7557	2256.8708	923.8592	431.66666	266.21045	65.10086	308.8812	4.378869	564000	6.437302e-09	268.4682	-0.024722524	-158.51987	0.2670355	0.013725547	0.20225	79.0	439.3057074546814
141	1539.2288	728.3109	3011.1504	770.44916	488.875	269.25967	57.804283	308.69382	-0.8803129	568000	-1.0251999e-08	139.20923	-0.025232723	-61.70038	0.25155655	0.012988159	0.155	79.0	442.10146975517273
142	1154.574	273.8182	1725.5559	815.8893	349.81818	255.08841	70.366486	309.30737	2.55649	572000	-3.3974647e-08	194.0964	-0.02140575	-96.91512	0.24519539	0.015556048	0.14725	30.0	444.421639919281
143	1102.8699	402.5765	1635.9318	155.06671	336.18182	262.66138	71.55518	310.2025	1.0320368	576000	1.8179417e-08	939.4311	-0.016723018	-205.67639	0.23494972	0.0047984226	0.152	79.0	446.9617130756378
144	1229.6674	276.4457	1629.5702	814.5475	369.7	263.53336	67.90419	310.86276	5.1803226	580000	-1.4305114e-08	198.38959	-0.023151258	-114.46784	0.23629604	0.015091304	0.14875	77.0	449.54480385780334
145	1429.1094	586.6022	2181.904	143.48299	434.33334	275.4375	64.93099	312.20044	4.6873245	584000	2.9206275e-09	977.3793	-0.020481205	-207.14081	0.22786067	0.008097794	0.18175	79.0	452.1255621910095
146	1211.6049	271.53055	1687.4342	823.9867	368.2	262.19247	71.82627	313.94043	-1.208211	588000	-1.0728836e-09	194.16891	-0.021533899	-118.35491	0.21881577	0.016048415	0.157	67.0	454.861456155777
147	1176.7595	276.6664	1945.3738	861.69745	355.81818	263.29382	69.64532	314.581	2.406681	592000	3.8146974e-09	186.39015	-0.024697248	-56.289536	0.20454037	0.011538861	0.174	79.0	457.8027443885803
148	1221.8813	179.75336	1632.1218	1047.62	364.2	266.25797	70.67627	314.97372	0.048906326	596000	-2.1219254e-08	88.043236	-0.023770152	-37.499397	0.19907317	0.011662751	0.1505	79.0	461.52405977249146
149	1196.1743	236.4809	1669.6177	978.61725	356.45456	265.48495	71.82489	315.95197	-3.5042152	600000	9.059906e-09	68.637085	-0.018485894	-21.324879	0.19010414	0.015337849	0.14625	20.0	465.7456419467926
150	1143.4735	275.1225	1627.4125	835.1574	342.27274	267.59393	71.34579	316.66782	0.25147247	604000	8.3446505e-10	131.89093	-0.00489252	-60.03459	0.18602759	0.016404355	0.16	3.0	467.8414328098297
151	1039.6307	227.45952	1520.1338	758.2369	310.91666	257.38556	73.209915	317.50677	2.5885305	608000	-1.2397766e-08	148.48193	-0.021900823	-53.13189	0.18541667	0.015213993	0.1685	55.0	470.3063304424286
152	1096.3002	223.35175	1654.0538	820.69806	332.08334	260.21243	74.2658	317.77768	-0.8959074	612000	-1.0967255e-08	146.61627	-0.026750386	-58.800385	0.18172976	0.008184145	0.1785	79.0	473.6450729370117
153	1091.4929	354.72635	1585.1497	91.51042	326.5	260.1436	71.075745	317.4588	1.6947784	616000	1.66893e-08	860.49475	-0.0053389804	-172.51001	0.17663875	0.017510263	0.25625	4.0	475.7631788253784
154	1172.308	164.84196	1627.4054	1059.9803	350.81818	264.87302	73.541466	317.84518	0.5994711	620000	1.2040139e-08	209.2244	-0.017692959	-158.0177	0.17652108	0.013730992	0.1425	79.0	478.2893352508545
155	1552.6693	459.78262	2391.8486	1034.9805	470.0	275.44547	63.581608	318.12656	0.56845856	624000	1.3351441e-08	160.1065	-0.010428964	-62.87101	0.17422801	0.016473379	0.17725	9.0	480.39126467704773
156	1345.9038	343.72025	2199.2031	1042.4587	403.66666	274.3686	67.07334	318.7865	2.3128624	628000	-1.704693e-08	77.91994	-0.022718474	-32.683018	0.17274347	0.015057019	0.1625	68.0	483.1994094848633
157	1255.9269	275.63733	1696.2645	808.426	376.4	269.2086	72.31485	319.32718	-7.107381	632000	-1.1444092e-08	85.573654	-0.025437132	-41.01168	0.16007023	0.010796435	0.173	79.0	486.41311979293823
158	1393.2201	373.54303	1950.9202	830.6887	416.66666	271.59744	70.12629	320.20633	2.7924404	636000	1.847744e-08	72.63278	-0.025152337	-25.346687	0.15621142	0.014328878	0.15025	79.0	489.1036870479584
159	1128.5034	215.49689	1579.747	819.8562	336.45456	265.87762	72.596405	321.50848	-2.6573505	640000	-4.7683715e-09	143.25708	-0.00275914	-27.69271	0.14452823	0.015619246	0.18375	3.0	491.16188192367554
160	1605.52	348.0512	2171.175	1126.594	485.625	281.1696	66.68456	321.80646	-0.91255856	644000	3.8146974e-09	118.876076	-0.026025819	-48.02558	0.14435245	0.01122261	0.16875	79.0	494.2938401699066
161	1502.2483	340.3594	2146.534	860.5876	449.25	276.25714	70.70093	322.38358	-4.2041254	648000	-4.2676927e-08	82.08466	-0.028207194	-30.8609	0.12979993	0.012866375	0.17425	79.0	497.68146991729736
162	1258.751	245.65904	1648.7155	829.31903	370.4	272.76273	71.27833	324.24005	-5.7605314	652000	-5.0544738e-08	80.448784	-0.028063491	-32.51261	0.12514222	0.013881994	0.1765	79.0	500.3068826198578
163	1149.6694	495.9806	2490.867	583.64325	343.9091	272.4839	72.63141	325.33478	-3.6830912	656000	4.529953e-09	377.8092	-0.025217129	-196.12534	0.09960921	0.0081305755	0.193	79.0	503.0293004512787
164	1348.4683	489.53784	2458.568	806.9812	398.9	270.19315	73.00254	325.05933	-2.1152487	660000	3.015995e-08	129.25792	-0.022501022	-73.68385	0.08454648	0.015351588	0.181	31.0	505.3049786090851
165	1343.9171	557.03644	2462.9285	850.1855	402.0	279.89426	70.59842	326.3466	-3.3924208	664000	-1.9788741e-08	51.42309	-0.0254553	-23.287832	0.07312317	0.013119216	0.167	79.0	508.0197730064392
166	1601.9187	349.6447	2221.5276	1149.3335	477.75	282.71387	68.55042	326.37357	1.4943256	668000	3.3378602e-09	94.57294	-0.0241329	-29.51474	0.06996647	0.015200748	0.1705	44.0	510.6786835193634
167	1334.8301	335.6111	1921.5746	881.88104	396.9	273.17706	74.75248	327.8252	0.6642046	672000	9.059906e-09	77.060356	-0.026066327	-36.673145	0.0718702	0.008100603	0.17175	79.0	516.1999537944794
168	1183.2189	304.42563	1920.8225	822.61536	351.63635	268.28564	73.87946	329.14566	4.847207	676000	-1.9788741e-08	71.48243	-0.01897665	-21.883343	0.056457035	0.015162792	0.133	23.0	518.440527677536
169	1218.1124	196.13055	1435.2609	761.11847	358.54544	268.51337	74.77186	328.78003	-1.7170868	680000	9.536744e-10	50.32585	-0.024836726	-16.825428	0.051996466	0.015013402	0.167	69.0	520.8892338275909
170	1504.3485	287.58517	2225.7102	1157.7354	443.33334	279.21402	72.35329	328.78534	1.7062893	684000	2.8133393e-08	49.68321	-0.024960583	-23.11031	0.03646322	0.014674701	0.14175	79.0	523.8988811969757
171	1217.0565	302.23694	1967.8052	865.402	358.27274	272.5353	76.3528	330.28082	-3.7807417	688000	5.00679e-09	65.50828	-0.024730684	-30.202248	0.031352006	0.013004385	0.1455	79.0	526.7330484390259
172	1102.3593	239.74048	1634.5916	715.69446	326.0	265.72916	76.57722	330.99954	0.4854784	692000	4.887581e-09	64.02825	-0.024741368	-19.5554	0.022291025	0.004982277	0.17625	79.0	529.6322019100189
173	1165.8198	175.82002	1424.2703	867.46893	342.63635	266.98288	74.99236	330.897	-0.52621365	696000	2.4914742e-08	40.043926	-0.025151866	-18.273752	0.016954225	0.015062945	0.17925	64.0	532.2784447669983
174	1220.6886	300.53766	1861.7244	865.60065	358.45456	270.75916	75.50711	331.1552	-0.026634216	700000	4.7683715e-09	42.990036	-0.025329724	-10.749859	0.0062692165	0.015322976	0.17475	65.0	537.1367931365967
175	1529.7812	252.57655	1935.18	1149.961	452.0	285.63055	71.49432	331.89526	-3.506919	704000	2.861023e-09	47.25974	0.00055446627	-19.258785	0.0033100843	0.018913738	0.21725	2.0	539.2440183162689
176	1174.8228	182.81924	1451.5681	827.20685	348.72726	271.1735	75.115234	332.2345	3.2801027	708000	-6.7949295e-09	127.077156	-0.00022869182	-61.544235	0.0031644504	0.015929207	0.2325	2.0	541.8684961795807
177	1173.1143	192.04839	1431.5049	877.1901	345.54544	264.81296	74.597664	331.80786	4.3727036	712000	-1.7285346e-08	139.84918	-0.009063491	-82.94473	0.003021558	0.015656877	0.2015	9.0	544.3518691062927
178	1375.4038	164.8655	1668.4211	1084.3422	404.33334	281.64642	70.8272	331.7876	-3.8561783	716000	8.106232e-09	88.419685	-0.027205817	-32.4877	0.0014862618	0.010506406	0.18325	79.0	547.5623016357422
179	1041.5078	335.81863	1457.2966	106.98426	310.91666	269.6519	77.818214	331.63052	3.2317476	720000	-1.6450882e-08	899.9087	-0.018813968	-219.68243	0.00074164075	0.009337807	0.1865	79.0	550.8841247558594
180	1201.259	179.66798	1436.8319	896.06445	351.0909	264.3813	74.38949	331.18234	-2.9510107	724000	9.059906e-09	221.41997	-0.019042755	-178.1049	0.0033626158	0.01592973	0.18675	59.0	553.6500706672668
181	1439.6978	375.9906	2244.2979	1105.2415	426.33334	283.10513	71.93804	332.3791	7.2036495	728000	-2.4080277e-08	136.07161	-0.0110152345	-56.1352	0.010743657	0.016322864	0.169	9.0	556.7161741256714
182	1448.1464	386.8277	2188.4521	1142.6039	430.55554	280.43655	70.88544	331.99417	5.3976336	732000	4.529953e-09	141.95839	-0.02429613	-36.058937	0.0101344995	0.011016534	0.17425	79.0	560.2588469982147
183	1242.2115	261.51016	1723.721	836.37573	367.6	275.09375	76.55422	331.7016	3.2806654	736000	-2.5629998e-09	198.79704	-0.0022923052	-107.513275	0.011428712	0.015262412	0.202	3.0	563.0559468269348
184	1404.613	241.5684	1951.5156	1110.4371	410.77777	279.34238	72.15007	332.71375	6.9781275	740000	2.6226044e-09	95.08895	-0.025834734	-67.30178	0.011446992	0.010991941	0.17225	79.0	569.9371519088745
185	1547.6415	229.18607	2012.012	1222.8026	457.625	283.67636	74.296616	333.3439	2.5910254	744000	-3.3378602e-09	41.478218	-0.027351443	-22.911316	-4.351139e-05	0.015124088	0.17775	67.0	575.9387528896332
186	1278.925	138.03935	1456.1456	1096.8287	376.2	278.7893	71.60326	333.2271	1.2568617	748000	3.7670137e-08	132.30728	-0.027946087	-61.711212	-0.008810322	0.013112878	0.1905	79.0	579.9844477176666
187	1227.0034	246.34818	1717.8497	773.5664	360.27274	270.39825	74.99971	333.00916	-2.1901646	752000	1.3113022e-08	134.19067	-0.024606138	-30.845856	-0.0103286505	0.015017479	0.15225	39.0	583.0975749492645
188	1272.6332	195.15749	1665.0327	914.72156	371.4	275.80356	74.614975	333.35236	-1.0727415	756000	2.1100044e-08	58.677742	-0.025703413	-20.753593	-0.018968385	0.015342251	0.186	67.0	585.8363287448883
189	1260.2834	205.64783	1460.94	883.5938	368.8	277.08582	74.56713	334.09454	-1.1869373	760000	-4.053116e-09	52.952084	-0.028948346	-15.825451	-0.03659475	0.015070282	0.18625	69.0	589.3525114059448
190	1731.6565	369.74234	2523.5435	1347.9368	510.57144	290.59772	69.0984	334.44107	-2.694439	764000	1.1205673e-08	50.28982	-0.027282277	-26.687002	-0.04599408	0.015367919	0.1905	77.0	592.3076057434082
191	1320.1879	137.06268	1471.1658	1127.0458	384.5	277.1981	72.85643	334.99225	2.532216	768000	2.2411346e-08	73.48885	-0.011055084	-39.112774	-0.058042012	0.016456943	0.18025	9.0	594.4305064678192
192	1434.01	218.78925	1842.275	1167.3036	419.66666	284.85168	71.02126	334.99356	3.8880138	772000	5.2928925e-08	45.626755	-0.028883247	-22.092623	-0.059313223	0.012092397	0.16325	79.0	597.237683057785
193	1311.1052	189.67722	1654.7037	1100.3182	380.9	278.77844	73.441925	334.91315	7.0686054	776000	3.1232833e-08	78.94716	-0.0029712026	-22.792168	-0.07150321	0.018662479	0.2065	2.0	599.3277072906494
194	1361.2297	147.56244	1635.3264	1157.7175	397.6	281.3438	73.21173	334.49857	-11.422473	780000	1.37090685e-08	72.686615	-0.025568185	-46.731644	-0.07147623	0.01172415	0.172	79.0	601.8906424045563
195	1323.3289	191.33475	1616.5646	927.40045	386.0	279.5198	74.622574	334.8673	0.7355032	784000	-4.0173532e-08	115.41741	-0.025683148	-29.902588	-0.080405354	0.00911578	0.16775	79.0	604.5928318500519
196	1154.4854	179.51706	1455.7233	896.87256	334.27274	270.84787	76.195625	334.63556	-0.13720989	788000	-2.1457673e-08	51.5001	-0.0256844	-26.652794	-0.076739185	0.010602686	0.18575	79.0	607.4077191352844
197	1296.0471	182.32669	1731.9662	1135.7141	376.7	280.47876	72.454346	335.25964	8.074882	792000	-9.298325e-09	65.45519	-0.003015431	-35.66872	-0.07047144	0.016605584	0.223	3.0	609.7606461048126
198	1312.846	187.31201	1653.8248	1072.7239	383.4	280.51974	74.84758	335.4654	-14.533016	796000	-5.841255e-09	135.0077	-0.023071753	-31.763817	-0.07066215	0.010068582	0.1365	79.0	612.71955037117
199	1372.2997	205.33842	1692.9211	1138.896	398.2	279.51218	74.22695	334.74533	1.6133404	800000	9.536744e-10	32.24651	-0.011724341	-13.497337	-0.06732031	0.015612182	0.16575	8.0	614.9898281097412
200	1167.7478	202.27536	1462.6229	838.3871	335.9091	270.5429	79.21256	335.91446	-10.4670105	804000	-1.1920929e-09	86.89744	-0.026682632	-55.069813	-0.067434035	0.015747989	0.199	77.0	617.5557014942169
201	1224.7915	260.78888	1636.7882	807.37274	359.9	282.65137	70.265884	337.28934	-1.7198887	808000	-1.7821788e-08	456.4918	-0.023612712	-171.38464	-0.07666548	0.013673454	0.16925	79.0	620.2020139694214
202	1238.3563	200.84029	1585.6787	905.7287	360.8	272.90042	76.60386	335.28384	-1.9088058	812000	-3.1352045e-08	199.22783	-0.023914164	-81.86064	-0.054868698	0.013595056	0.20075	79.0	622.7532396316528
203	1237.0785	212.32114	1632.6577	804.6525	358.72726	275.2007	74.368805	335.9269	8.037128	816000	9.536743e-09	148.16861	-0.026274186	-33.704247	-0.070697546	0.009209789	0.17725	79.0	625.3046431541443
204	1293.6868	197.97765	1641.4241	1058.275	372.5	278.7552	73.44421	336.5385	5.051837	820000	1.2874604e-08	68.95449	-0.019497491	-40.916664	-0.077320226	0.015286276	0.173	26.0	627.8023295402527
205	1215.0408	219.04433	1720.291	903.05457	352.18182	276.23563	76.54663	336.47153	-2.6045408	824000	1.9073486e-08	70.998764	-0.021617174	-40.566406	-0.08368441	0.015260485	0.1915	22.0	629.9729731082916
206	1035.9456	115.288795	1208.0558	884.38934	299.07693	263.84595	77.08836	336.6287	-3.0104227	828000	-1.001358e-08	60.815613	-0.026833387	-20.86235	-0.07979923	0.015011899	0.18625	71.0	632.8208475112915
207	1356.4314	275.3585	1969.9651	911.33057	393.77777	283.5622	72.20866	336.7517	-0.67826366	832000	2.0980835e-08	75.99469	-0.0031620741	-29.118065	-0.08228723	0.015162362	0.22225	2.0	635.2279319763184
208	1528.2102	352.6418	2261.3503	1046.398	440.0	292.78806	69.66071	339.49237	2.2285051	836000	-1.3291836e-08	113.66079	-0.024587857	-51.396248	-0.08250944	0.01179744	0.1465	79.0	638.2699999809265
209	1671.6438	598.1556	2751.9385	905.4336	489.875	292.13043	73.45022	341.5708	-4.238188	840000	-2.0623206e-08	65.20358	-0.0037083311	-32.951115	-0.08207905	0.015927857	0.2035	2.0	640.7439930438995
210	1232.5808	447.6082	1770.3688	110.38914	361.1	286.35745	71.73395	341.0636	0.8393421	844000	-1.5497207e-08	992.09216	0.0007568904	-372.35278	-0.08212741	0.018536074	0.22975	2.0	642.9715270996094
211	891.5094	420.9529	1430.0641	100.742386	265.6	266.56226	73.40566	338.7965	-19.067482	848000	3.3378602e-09	2673.2703	-0.004519738	-484.87842	-0.08222592	0.02132069	0.27525	5.0	645.0069437026978
212	1199.1849	151.44008	1519.6593	1058.6465	345.63635	260.95215	76.56847	335.1564	9.140394	852000	1.9550324e-08	542.0044	-0.008400618	-515.54834	-0.082327284	0.01564995	0.12	9.0	647.0429153442383
213	1245.0509	174.88333	1694.0137	1082.8806	362.8	283.53925	69.16266	335.386	-15.398692	856000	1.990795e-08	414.64542	-0.003820171	-197.26193	-0.08291626	0.01505451	0.24725	3.0	649.1339557170868
214	1213.7642	116.751205	1451.8066	1053.1924	356.81818	275.70743	72.748856	334.58145	0.8126526	860000	3.734231e-08	341.01724	-0.008501137	-145.41866	-0.0833162	0.01595007	0.126	5.0	651.3219842910767
215	1205.8065	185.05844	1565.0579	907.5067	349.36365	262.29593	84.19118	333.56546	-4.2026434	864000	-2.861023e-09	449.1758	-0.022937933	-411.89136	-0.08454045	0.015689224	0.15675	60.0	654.0047147274017
216	1332.3746	202.76938	1692.4304	1068.224	389.0	283.06488	70.214584	334.202	0.56324196	868000	-3.2007694e-08	289.4123	-0.004230117	-97.42157	-0.09374972	0.01655246	0.24525	3.0	656.2213122844696
217	1595.4443	265.7758	2199.7651	1359.1792	465.25	287.25244	72.6562	333.56778	-9.382571	872000	-1.3113022e-08	98.805435	-0.026950983	-45.516075	-0.09405033	0.012904541	0.18125	79.0	658.9621474742889
218	1407.396	197.38258	1893.8141	1165.1035	405.55554	285.13632	72.41851	334.28198	-4.9173584	876000	-3.4809112e-08	77.66047	-0.025790747	-31.17841	-0.10178105	0.01318675	0.1635	79.0	661.5362343788147
219	1332.2954	188.64517	1709.7902	1054.1484	388.6	284.3628	75.181335	335.39072	-3.7666292	880000	-1.9073486e-08	140.20494	-0.02591966	-57.89737	-0.105673954	0.0129761845	0.151	79.0	664.3234188556671
220	1306.1022	168.93762	1643.5752	1145.8457	377.3	278.08096	74.79287	333.02792	-4.483925	884000	-7.390976e-09	101.19572	-0.02896403	-47.351006	-0.10370525	0.013840681	0.1805	79.0	668.3215653896332
221	1234.8485	180.86688	1481.2458	934.664	356.27274	274.02924	78.35841	333.87946	-2.029045	888000	-4.2915342e-09	92.25842	-0.021840101	-51.43913	-0.11798007	0.015226744	0.15925	47.0	670.8746068477631
222	1102.44	171.4113	1425.5859	925.897	319.91666	270.78937	78.275246	335.291	6.3748455	892000	-7.152557e-09	84.3176	-0.02838839	-32.493176	-0.12146103	0.013147711	0.17325	79.0	673.7026469707489
223	1175.6511	243.34705	1705.3235	902.5195	338.81818	268.9433	76.456154	335.62753	-0.0066957474	896000	-2.4795533e-08	80.631256	-0.024504649	-35.909462	-0.13271615	0.0138460295	0.1685	79.0	676.5368719100952
224	1169.4473	196.17789	1569.8649	929.9725	337.36365	271.85718	78.23863	336.93433	-1.8068323	900000	-2.6822091e-09	53.302868	-0.024647264	-10.953869	-0.15195851	0.0151510425	0.178	69.0	679.0178768634796
225	1265.849	211.72691	1815.2612	1080.0153	363.27274	278.86115	76.27366	337.35	-0.19920349	904000	4.631281e-08	64.24434	-0.02705375	-21.835278	-0.17094442	0.015227976	0.183	52.0	681.3694579601288
226	1331.6256	191.90948	1625.4711	968.5259	382.2	284.65625	71.39114	336.89935	4.720601	908000	-2.6822091e-09	212.8678	-0.022300117	-76.69597	-0.17734808	0.0115717165	0.1765	79.0	684.268100976944
227	1375.9185	254.65543	1743.9388	1001.433	396.2	284.10962	75.08724	337.43497	-14.095344	912000	-2.7418137e-08	106.89833	-0.021396816	-47.958183	-0.17609227	0.015245481	0.141	37.0	686.6432802677155
228	1381.1793	212.37917	1765.6539	975.3185	399.0	283.72562	76.06167	338.44846	1.281249	916000	-4.386902e-08	64.545815	-0.02468198	-19.654236	-0.18231475	0.010780609	0.16775	79.0	689.214644908905
229	1307.7922	262.12134	1735.9227	916.9751	375.8	280.85614	76.0091	338.53436	-0.48075485	920000	-2.3841857e-09	50.76306	-0.011060765	-14.992821	-0.18579704	0.015044219	0.19925	9.0	691.4694645404816
230	1431.5693	268.16724	1698.2009	922.51917	411.66666	286.67545	73.65931	339.40137	5.312094	924000	4.863739e-08	63.565086	-0.02605581	-14.418121	-0.18468377	0.0136191	0.147	79.0	694.1304752826691
231	1376.0065	195.98132	1844.7948	1162.7742	395.2	283.84097	76.6773	339.90393	-3.5850296	928000	1.4781952e-08	60.783485	-0.02520811	-10.330215	-0.18679075	0.013640518	0.167	79.0	696.9605028629303
232	1279.7678	223.32018	1724.813	927.4084	368.2	282.73834	75.83317	338.99982	4.463831	932000	-1.0609627e-08	48.731804	-0.011779365	-11.315281	-0.18865833	0.015834592	0.168	9.0	699.2612731456757
233	1278.8441	182.9311	1734.6178	1132.9521	367.8	280.16718	76.80953	338.913	5.1768284	936000	1.7881393e-09	45.22588	-0.026767535	-11.781071	-0.18889157	0.010596426	0.18275	79.0	702.2098443508148
234	1173.6958	354.23618	1547.1962	148.23976	341.0	279.95908	75.42288	337.65643	9.109649	940000	-3.4809112e-08	1086.4456	-0.0031742488	-141.8601	-0.20206943	0.019983232	0.237	3.0	704.3897500038147
235	1445.5126	203.4264	1754.4135	1196.2343	414.77777	283.7106	74.000046	336.4734	2.1740713	944000	-3.8146972e-08	124.52803	-0.007359967	-103.76193	-0.20240884	0.01527486	0.17125	8.0	706.5284926891327
236	1320.294	171.19092	1720.0977	1062.61	378.2	285.48038	76.856636	339.36597	4.584939	948000	-2.8014183e-08	47.151917	-0.026607575	-12.980125	-0.20245628	0.011263183	0.17975	79.0	709.0539262294769
237	1576.6658	250.9646	2028.4799	1222.7169	451.375	294.38266	69.70825	338.55215	1.5895166	952000	-1.7166137e-08	55.27764	-0.009278723	-19.47715	-0.21125901	0.015483644	0.2115	9.0	711.110146522522
238	1406.0883	279.67978	1998.1028	1003.9283	403.33334	289.836	75.5713	341.43085	-4.6855116	956000	1.5497207e-08	46.81324	-0.02641194	-10.905632	-0.21199721	0.009560633	0.1645	79.0	713.6203315258026
239	1397.8965	196.04605	1749.2156	1183.8984	402.0	287.88336	75.22768	341.9908	0.60850143	960000	3.8146974e-09	75.994965	-0.027782913	-21.358131	-0.21398844	0.011272477	0.18675	79.0	716.3167579174042
240	1423.7104	281.3186	1983.0117	937.3218	406.1111	288.44443	74.65381	340.1525	3.6175714	964000	-8.940697e-09	60.401913	-0.02493347	-22.007133	-0.21796262	0.0155119775	0.192	71.0	720.0092630386353
241	1631.2964	347.22897	2262.4243	1039.938	465.625	296.84637	72.949	342.91534	0.45383072	968000	-2.026558e-09	42.624855	-0.02510668	-10.728716	-0.22065517	0.01232413	0.17125	79.0	722.7169213294983
242	1487.465	292.75708	1945.1937	932.3177	426.55554	292.953	75.372375	345.4152	3.5905495	972000	1.4305115e-09	52.221962	-0.027401244	-16.167496	-0.21954836	0.012924729	0.15475	79.0	725.752326965332
243	1464.6936	325.19226	2107.5718	1037.9214	417.55554	289.02762	74.752754	344.02213	-1.5829468	976000	2.384186e-10	51.40179	-0.003647964	-16.138031	-0.21732877	0.015907813	0.2025	3.0	727.8129665851593
244	1498.0054	649.5124	2632.5625	128.54602	435.25	300.80206	68.68265	343.80984	0.9696493	980000	4.649162e-08	1068.3223	-0.0016192421	-394.38684	-0.21731877	0.015390184	0.262	3.0	730.0692462921143
245	2335.904	603.54376	3332.2493	1654.3959	682.0	314.75204	58.21279	344.51917	-1.453372	984000	2.4795533e-08	114.313065	-0.021073692	-80.411285	-0.21745841	0.015075261	0.164	61.0	733.5769622325897
246	2043.8422	494.09912	2836.8074	1460.4823	588.3333	308.63843	65.22776	345.2149	-3.697608	988000	-3.1471252e-08	88.59283	-0.026840907	-28.159359	-0.22250243	0.012752407	0.183	79.0	736.6026909351349
247	2544.425	560.5876	3254.4666	1542.0803	744.4	318.4042	55.772667	346.47205	1.9692755	992000	1.6450882e-08	78.29143	-0.0005648683	-32.800716	-0.2331982	0.018512754	0.1925	2.0	738.9606912136078
248	2465.9648	633.21	3285.6648	1627.1489	719.2	318.0748	58.326992	346.00974	-5.057968	996000	3.218651e-09	52.168262	-0.0025702824	-9.96986	-0.23320262	0.0150670465	0.15675	2.0	741.4222602844238
249	1427.5829	265.0372	2015.0437	1004.1873	409.1111	291.48883	76.853455	345.82513	8.375675	1000000	-2.2530555e-08	96.33391	0.00090176926	-60.76982	-0.23328045	0.017582368	0.21575	2.0	743.7121860980988
250	1879.3563	601.84247	3274.1313	1268.6425	545.2857	302.9644	68.454285	343.7856	-3.7488432	1004000	1.1205673e-08	80.41259	-0.0141695915	-33.354355	-0.2334064	0.015497738	0.155	12.0	745.8631987571716
251	1957.6373	628.0096	3370.7373	1419.2627	564.8571	300.8209	68.98543	342.1984	2.0395985	1008000	-2.7418137e-09	64.67678	-0.0010121107	-22.949741	-0.23310171	0.01570866	0.18575	2.0	747.938934803009
252	2175.6816	423.77545	2632.7285	1622.4995	630.4	311.35858	64.58975	344.01886	0.8292532	1012000	-2.026558e-08	73.31021	-0.024996353	-35.222023	-0.23295754	0.0071926625	0.182	79.0	750.5219030380249
253	2546.9438	601.71985	3367.6602	1741.1935	740.6	318.06595	55.94026	344.99417	-4.7668266	1016000	-1.9311905e-08	60.363625	-0.028447704	-21.324043	-0.24305585	0.009842709	0.13525	79.0	754.1415696144104
254	1693.8196	247.10237	2051.2014	1398.0049	484.25	295.2803	74.863365	345.8686	-0.99024963	1020000	-5.173683e-08	37.315125	-0.022726772	-21.342022	-0.25390118	0.01538316	0.18425	33.0	758.9988343715668
255	2575.164	881.0101	3331.0928	1139.7335	766.5	329.8026	43.073044	346.46753	7.507018	1024000	-2.6226044e-09	26.756933	-0.00199788	-5.279476	-0.25853872	0.019216167	0.214	2.0	761.0380256175995
256	1296.8085	429.70395	2305.397	934.6639	370.9	284.39386	76.81152	345.84454	5.600698	1028000	9.536743e-09	90.73067	-0.02339179	-44.96582	-0.25891685	0.01470009	0.1955	79.0	763.673859834671
257	1769.8412	674.9381	2845.055	1146.9755	504.7143	299.08487	72.60085	347.11615	-0.24467468	1032000	-4.822016e-08	28.560808	-0.0125520965	-10.987482	-0.2615389	0.016676763	0.16675	9.0	765.9092683792114
258	1372.3389	224.47083	1717.3546	1048.5559	392.5	286.951	77.371216	348.41452	-17.6433	1036000	-9.536743e-09	38.801846	-0.026983589	-13.613352	-0.26063317	0.008806532	0.1905	79.0	769.4651482105255
259	1866.0674	688.1015	3282.6934	1277.8976	544.7143	308.9538	62.37459	346.62198	0.30961418	1040000	-1.1205673e-08	110.12973	-0.024443718	-67.105286	-0.2704567	0.013425411	0.16825	79.0	772.3022286891937
260	1422.4512	420.0221	2390.2346	951.5985	406.0	288.27524	77.42872	345.1222	4.260719	1044000	5.2452087e-09	107.57198	-0.019833837	-76.76627	-0.26893502	0.015086123	0.19175	34.0	774.8194894790649
261	1309.1367	199.01929	1704.9574	1065.1333	374.1	284.8212	77.59719	346.2923	-0.1634531	1048000	2.193451e-08	46.372185	-0.02292364	-17.737122	-0.26013964	0.015936028	0.19175	47.0	777.4635493755341
262	1960.99	760.01074	3106.6895	952.27277	560.1429	301.877	70.70247	345.69943	0.74397564	1052000	1.2397766e-08	88.136795	-0.0010297936	-46.949493	-0.26364177	0.017818209	0.23025	2.0	779.7574117183685
263	2277.8772	686.13385	3342.1033	1160.546	658.6667	316.81424	62.803356	350.23938	0.22646523	1056000	-1.66893e-08	60.40218	-0.02697087	-28.52407	-0.26362163	0.004964509	0.17	79.0	782.5639009475708
264	2407.4678	615.0845	3395.273	1734.4813	694.4	316.88986	61.35726	350.4772	1.866086	1060000	-3.0994414e-08	38.76378	-0.0031743222	-13.050093	-0.27577966	0.017926767	0.20175	2.0	784.6759481430054
265	2248.4348	548.3875	3099.4148	1518.2235	641.3333	311.95108	68.50244	352.79642	-1.150382	1064000	-5.9247018e-08	39.010876	-0.004267021	-8.892773	-0.27587873	0.0155805815	0.213	3.0	786.7293484210968
266	2378.2742	814.0999	3447.5137	1229.5441	683.2	320.29974	58.45052	352.37985	9.936557	1068000	1.9073487e-09	75.98411	-0.009411928	-10.575592	-0.27602014	0.015528523	0.137	9.0	788.8008372783661
267	1682.7218	559.168	3091.511	1200.5923	483.0	298.72226	75.33909	350.98505	-3.9639664	1072000	-1.9550324e-08	44.256954	-0.024121298	-14.173595	-0.27684864	0.012311886	0.168	79.0	791.3856003284454
268	1706.1138	475.95248	2718.84	1190.6711	488.625	295.51752	74.27174	349.05463	-4.683401	1076000	4.4584276e-08	103.06131	-0.018144794	-72.66104	-0.2641079	0.015267934	0.193	22.0	793.5950140953064
269	1582.9503	418.03757	2281.1223	936.0266	454.75	296.66064	72.468376	347.47568	2.8375187	1080000	7.1525574e-10	79.96052	-0.025978241	-25.064556	-0.2649231	0.015040244	0.18675	75.0	796.3906989097595
270	1665.8431	458.45996	2368.04	945.2115	476.625	297.27698	73.14923	348.03394	-1.8669891	1084000	-1.9073486e-08	116.105515	-0.023502761	-41.961	-0.27591875	0.01077068	0.151	79.0	799.1913375854492
271	1614.9647	580.41125	2805.7815	1046.5228	462.25	296.10205	74.04332	348.81097	4.4844227	1088000	-1.9073487e-09	46.834156	-0.026332214	-24.857105	-0.28048354	0.011290497	0.18575	79.0	802.1236045360565
272	1652.73	517.2676	2906.6934	1200.9036	472.125	298.5409	72.95561	349.45517	1.3354273	1092000	-3.182888e-08	61.647034	-0.027384493	-16.092876	-0.2929588	0.013122666	0.19175	79.0	805.3139359951019
273	1603.228	485.39026	2416.4746	1049.9482	455.0	292.9404	76.52939	348.73856	1.4760447	1096000	2.360344e-08	69.20647	-0.02113547	-31.366394	-0.30676156	0.016881026	0.1855	50.0	807.7357089519501
274	1743.5613	467.91367	2512.7573	1183.398	493.0	297.6801	73.93365	349.00903	-3.33675	1100000	1.859665e-08	35.55778	-0.0028203754	-20.494701	-0.3198156	0.020255188	0.202	2.0	809.9563400745392
275	1869.1093	854.4112	3482.792	1100.4491	533.8571	308.79532	69.325935	351.50974	-5.5544796	1104000	3.6597253e-08	99.90313	-0.0113958875	-52.84239	-0.32007492	0.01536199	0.2045	11.0	812.0574128627777
276	1471.1631	326.06897	2338.653	1207.6245	419.66666	290.5935	77.559494	349.84796	2.8508587	1108000	-2.9325486e-08	28.736813	-0.0020360867	-12.304043	-0.32211673	0.015142941	0.13275	2.0	814.1132855415344
277	1322.4015	197.10028	1758.044	1050.6118	378.4	287.96124	77.44943	349.6467	1.0164042	1112000	2.360344e-08	60.576523	-0.030295342	-32.202938	-0.32262224	0.013881114	0.182	79.0	816.8849782943726
278	1243.0438	476.24783	1881.2191	141.4604	356.18182	284.07944	76.60619	347.74646	2.3082876	1116000	-2.2411346e-08	1083.2185	-0.014746318	-176.0924	-0.3251812	0.0022850635	0.203	79.0	819.4965851306915
279	1828.2405	734.8994	3301.208	1188.9346	517.5714	300.9908	70.826164	349.9097	3.9137187	1120000	2.7894973e-08	126.10885	-0.014417293	-77.48969	-0.32787877	0.015048785	0.14825	22.0	821.9234154224396
280	1722.6909	455.59338	2737.9841	1150.0264	486.5	299.47052	74.92289	351.2904	5.3128085	1124000	1.3336539e-08	25.13537	-0.027844785	-11.091759	-0.33405712	0.013260204	0.19675	79.0	824.9465184211731
281	1542.7451	250.42802	2047.3864	1149.4542	440.44446	297.08655	75.985016	352.1385	0.8470421	1128000	-2.5391579e-08	88.21745	-0.02638772	-56.300728	-0.33474952	0.013126828	0.1815	79.0	828.2686161994934
282	1516.7432	565.755	2841.5188	1023.89935	431.375	297.9499	74.53938	350.22446	5.6438923	1132000	-1.1920929e-09	67.14931	-0.010274189	-25.256618	-0.34722814	0.017697535	0.2225	6.0	830.328779220581
283	1432.2128	356.63333	2260.5374	1050.3308	406.66666	291.95618	75.5548	351.49655	-4.7270355	1136000	-1.001358e-08	47.2456	-0.02842016	-18.190432	-0.34822473	0.009898461	0.18575	79.0	833.100213766098
284	1490.7404	300.84824	2013.9065	1136.9983	424.33334	294.85126	74.793594	351.81387	1.2469177	1140000	3.3020974e-08	66.07702	-0.025377588	-38.83455	-0.35158876	0.011512329	0.18175	79.0	835.5975139141083
285	1561.5533	599.2928	3107.4556	1096.3611	444.625	296.95343	76.38696	351.17706	-13.246598	1144000	7.629395e-09	79.61492	-0.007237899	-42.45149	-0.37049544	0.015335123	0.1565	6.0	837.9000611305237
286	1664.9565	260.55234	2158.2273	1302.8976	471.875	299.50906	72.4256	351.35104	2.9038186	1148000	-4.9352646e-08	44.56621	-0.0282471	-15.903555	-0.37087536	0.010779878	0.177	79.0	841.5001459121704
287	1750.5032	581.4763	2850.358	1166.3602	496.14285	302.82684	71.79739	351.77826	-0.5090141	1152000	-4.2915346e-08	32.44664	-0.0026477766	-16.818928	-0.37437692	0.015414217	0.1655	2.0	843.8513209819794
288	1314.9053	456.04028	2529.4365	920.05786	374.2	288.549	77.691505	352.5305	2.5264206	1156000	7.987023e-09	57.20104	-0.0029526288	-25.408226	-0.37451953	0.015070473	0.18075	2.0	846.3451671600342
289	1243.1237	434.85904	1926.0765	137.66139	355.0909	287.14514	78.089035	353.61618	0.83503056	1160000	1.45435335e-08	1044.9104	-0.0047262115	-142.93573	-0.3747311	0.030427597	0.302	2.0	849.060576915741
290	1573.434	568.18933	2920.0452	1131.95	448.375	294.55426	72.58815	353.13123	-3.906846	1164000	2.3126603e-08	111.9093	-0.0042844117	-80.94583	-0.37495798	0.016552476	0.1395	7.0	851.1646525859833
291	1947.6699	562.3075	3081.23	1280.2316	555.5714	305.12405	69.71292	352.3234	-12.466418	1168000	2.1219254e-08	38.675423	-0.00993796	-19.699963	-0.37545317	0.015329532	0.22975	9.0	853.270087480545
292	1515.4177	257.9971	1955.483	1218.0916	432.1111	293.14438	76.08254	352.02026	0.15526104	1172000	-4.6491624e-09	93.273	-0.007566339	-41.86498	-0.37788042	0.018537773	0.2335	9.0	855.3464210033417
293	1881.454	680.47125	3329.4458	1226.243	537.2857	302.27933	71.656876	351.1287	1.8141003	1176000	-1.13248824e-07	47.68117	-0.027593635	-17.45547	-0.3807264	0.009112401	0.172	79.0	857.865540266037
294	2073.225	549.00464	2787.578	1232.2584	588.8333	310.73062	65.673706	351.8424	-2.8978252	1180000	3.0994416e-09	80.28344	-0.020757962	-37.768894	-0.39065868	0.0151486965	0.1425	42.0	861.0043621063232
295	1487.3967	118.18798	1758.8671	1277.0883	422.77777	293.0477	78.81869	353.24344	0.060526848	1184000	-3.59416e-08	50.243664	-0.008775858	-28.606487	-0.40384412	0.015088506	0.14275	7.0	863.5325782299042
296	1892.753	411.71152	2452.6467	1257.8683	536.5	310.70343	66.48214	352.26297	-13.305982	1188000	2.7239322e-08	39.779587	-0.02548403	-13.977352	-0.40487385	0.015987115	0.18375	62.0	866.2520306110382
297	2027.4855	871.91656	3457.3823	1216.2501	578.1667	315.95255	62.363403	352.85867	2.5170746	1192000	-3.9577483e-08	57.189915	-0.006890208	-8.785542	-0.41381088	0.017771836	0.2235	6.0	868.3160812854767
298	2010.2501	626.57947	3373.3809	1444.4606	576.0	316.72305	63.51765	353.8463	5.3084607	1196000	-3.3378602e-09	23.118826	-0.025841136	-11.258358	-0.4144043	0.009665529	0.17475	79.0	871.1680767536163
299	2973.4653	349.64307	3345.602	2399.7695	854.0	330.18576	51.122097	354.8258	7.533451	1200000	7.2419644e-09	23.419052	-0.022082755	-5.291567	-0.4275107	0.014158725	0.1595	79.0	874.3984477519989
