Epoch	AverageEpRet	StdEpRet	MaxEpRet	MinEpRet	EpLen	AverageVVals	StdVVals	MaxVVals	MinVVals	TotalEnvInteracts	LossPi	LossV	DeltaLossPi	DeltaLossV	Entropy	KL	ClipFrac	WM_LossMean	WM_LossStd	StopIter	Time
0	18.510672	15.2259865	107.68058	6.2509027	17.825893	0.11797906	0.09432949	0.4662836	-0.24475655	4000	-2.3841857e-09	337.79303	-0.022434162	-135.2387	0.91893864	0.0151457405	0.177	0.5904810136184097	0.5942095638142437	3.0	10.401657342910767
1	35.648403	33.63246	249.19907	6.127142	27.444445	8.08361	0.86581427	8.669146	-0.30600616	8000	5.9604643e-10	1015.11115	-0.016097523	-234.81464	0.91857415	0.019465128	0.21925	0.057276960629969835	0.01712703970690178	6.0	20.06027603149414
2	98.962715	62.905052	239.07738	6.8422046	56.140846	16.043774	0.29705784	16.123446	9.360583	12000	-5.1259996e-09	3006.7168	-0.020396644	-670.79443	0.91885346	0.009523328	0.1285	0.04824103970080614	0.011631617831219642	79.0	29.93558931350708
3	131.65327	58.33488	228.89828	16.931265	67.965515	25.317495	0.039857656	25.32821	24.087584	16000	-3.5762786e-09	3079.8726	-0.018406129	-563.2871	0.9196192	0.007977961	0.09075	0.04334931550547481	0.009863901896129876	79.0	40.06695604324341
4	155.72931	62.88337	264.67203	17.18874	75.53846	32.761814	0.009866997	32.765278	32.522	20000	1.013279e-09	3480.3457	-0.018851906	-560.77026	0.9130332	0.0072573577	0.11125	0.04147357316687703	0.0091909525731487	79.0	50.72430062294006
5	179.31334	55.432785	223.07759	55.75896	83.041664	39.696808	0.004750074	39.69852	39.589886	24000	-5.722046e-09	3472.4602	-0.015897863	-519.4536	0.9030635	0.005922192	0.08875	0.04391626665368676	0.009506585566479077	79.0	61.310274839401245
6	197.42516	33.11425	236.24878	76.51098	89.88636	46.132843	0.0030453089	46.133957	46.092968	28000	2.861023e-09	3111.433	-0.0141595425	-434.36597	0.90058225	0.00889406	0.06825	0.04367514504119754	0.00895227978831297	79.0	71.95046544075012
7	206.61295	23.449856	229.54141	89.806145	92.93023	51.92865	0.0030497345	51.929546	51.865566	32000	-1.1920929e-09	2890.7207	-0.014545712	-369.54785	0.8958505	0.00612556	0.0775	0.03896120531484484	0.00810219914590089	79.0	82.47930097579956
8	201.20346	35.087154	231.15889	63.72597	92.30232	57.245453	0.002296296	57.24625	57.215977	36000	1.4305115e-09	2425.6794	-0.0060174954	-248.32788	0.91217047	0.016738072	0.13875	0.035888826753944156	0.008219406205006758	4.0	92.36503767967224
9	194.96666	33.691463	229.62053	85.80483	87.888885	61.666313	0.002420363	61.667034	61.61611	40000	-1.3113022e-09	2092.871	-0.016386205	-179.04065	0.9119317	0.007817956	0.0865	0.033679476734250785	0.006388729623345793	79.0	102.82763648033142
10	210.20981	13.80993	233.82567	168.19919	92.5814	65.47124	0.00267287	65.47191	65.39515	44000	-3.3378602e-09	2142.0298	-0.012909247	-191.04529	0.91496843	0.0066595282	0.06675	0.03130244350060821	0.00682939666967598	79.0	113.45471668243408
11	213.32874	8.149664	234.11702	188.91855	94.190475	69.42398	0.0015868682	69.42446	69.38685	48000	-8.702278e-09	1977.2695	-0.013561395	-151.96753	0.9072829	0.008471324	0.086	0.03227020736783743	0.007293773602484309	79.0	123.89356184005737
12	210.13841	12.766071	229.57951	178.85245	93.09524	73.03828	0.0014160053	73.0387	73.01379	52000	4.529953e-09	1841.0194	-0.012439794	-112.27966	0.9233457	0.0062204637	0.0885	0.029699394889175893	0.005608002930682321	79.0	134.34806299209595
13	215.06657	12.773394	236.33432	174.29405	95.243904	76.21022	0.0012072945	76.21059	76.19016	56000	-1.5497208e-09	1821.115	-0.013018562	-94.47266	0.9395188	0.006000085	0.06825	0.02942788515239954	0.0058957090162400794	79.0	144.700918674469
14	216.35696	13.266338	254.10286	171.42165	96.268295	79.168686	0.0011666392	79.169014	79.13755	60000	-1.192093e-10	1682.7523	-0.01557655	-60.084595	0.9367495	0.007881777	0.09525	0.029395404402166606	0.00611746156410755	79.0	155.07514882087708
15	215.57727	17.724653	241.80833	138.06645	97.0	81.601364	0.0010380276	81.60166	81.585625	64000	4.2915342e-09	1629.4739	-0.0058355434	-34.98181	0.9253206	0.015826134	0.156	0.02819456737488508	0.005501294046473418	5.0	165.13216519355774
16	222.20483	10.507367	240.05034	176.65993	98.225	83.50658	0.0010554794	83.506836	83.48175	68000	-5.4836273e-09	1686.2856	-0.015356913	-45.162598	0.92520237	0.008714959	0.08175	0.02645092351362109	0.00508612315201134	79.0	175.4383749961853
17	222.52815	7.802137	239.85287	207.59364	97.975	85.675125	0.0011220005	85.67535	85.63407	72000	2.861023e-09	1649.4423	-0.017495727	-35.896362	0.93533415	0.0079563	0.1135	0.02536186220124364	0.005151103781539002	79.0	185.88394904136658
18	220.2814	27.448702	240.70271	57.5392	97.675	87.67906	0.0006221787	87.67924	87.67057	76000	6.6757204e-09	1691.0762	-0.017815543	-23.759766	0.94367975	0.008481129	0.10225	0.02397932980209589	0.005518171975827473	79.0	196.2914776802063
19	222.66533	16.052858	244.68375	134.3026	99.175	89.35446	0.0008225756	89.35465	89.32963	80000	7.867813e-09	1614.993	-0.015378479	-9.419678	0.93799615	0.0069827777	0.07825	0.022972980719059705	0.004289742890122545	79.0	206.6893310546875
20	220.97417	16.120174	235.20209	155.80888	98.475	90.45326	0.00063347444	90.45344	90.4396	84000	2.6226044e-09	1570.1035	-0.018057218	-5.6480713	0.9357248	0.006606379	0.085	0.022930606668815016	0.004463967608200222	79.0	217.1224241256714
21	217.40465	22.560587	237.23474	90.78597	97.53658	91.311165	0.00059207896	91.31133	91.29854	88000	1.6689301e-09	1581.3215	-0.015689395	-0.8133545	0.94094175	0.00871581	0.0885	0.023211247539147734	0.004796813400892024	79.0	227.492577791214
22	226.47157	4.8684793	237.41914	212.34319	100.69231	91.66686	0.00053998304	91.66701	91.65473	92000	2.6226044e-09	1652.0374	-0.014488496	-6.4400635	0.9440221	0.00744387	0.08975	0.02306306223385036	0.0052148659327616535	79.0	237.8405876159668
23	217.52649	27.692118	238.82283	62.782413	97.51219	92.58592	0.00057707704	92.58607	92.574524	96000	1.4305115e-09	1611.541	-0.013003685	-0.10461426	0.95423365	0.011672093	0.09075	0.021400040993466974	0.004101433514316058	79.0	248.11237454414368
24	217.47578	18.250607	234.95503	140.25323	98.15	92.75825	0.0004935652	92.75838	92.748024	100000	2.7418137e-09	1605.3925	-0.018303104	-0.0009765625	0.95474494	0.01043871	0.09325	0.020815242351964115	0.004311607026846959	79.0	258.43015360832214
25	217.35445	32.112247	240.29967	64.95992	97.95	92.75391	0.0004803133	92.754036	92.745895	104000	-1.1920929e-09	1685.1758	-0.018232934	-0.3746338	0.95943886	0.011915334	0.1085	0.020902912383899092	0.004009374800706296	79.0	268.86425280570984
26	220.21762	26.408308	235.93874	61.392597	98.25	92.98747	0.0005447478	92.9876	92.96747	108000	-2.8014182e-09	1643.9712	-0.01573148	-1.0350342	0.9492484	0.0109581575	0.085	0.020695723090320826	0.003551675570811057	79.0	278.9195444583893
27	222.32837	10.05673	234.97289	170.50572	99.5	93.39788	0.00047042823	93.39801	93.38237	112000	2.503395e-09	1613.6687	-0.017003665	-0.020996094	0.96237624	0.008625474	0.09075	0.01961499416269362	0.004077423525236777	79.0	289.09421730041504
28	214.31888	31.274597	240.973	103.52003	96.07317	93.477066	0.00055024796	93.47718	93.45299	116000	-2.4437905e-09	1640.9344	-0.018313114	-0.26220703	0.959451	0.010027401	0.08075	0.01922549305483699	0.003658992467295345	79.0	299.25532841682434
29	218.85284	25.11852	253.11209	102.28172	97.46342	93.26887	0.00040350226	93.26899	93.26274	120000	-5.9604643e-10	1637.8533	-0.017229814	-0.037353516	0.9780586	0.008814264	0.08175	0.02079534207470715	0.004435320550326458	79.0	309.09877848625183
30	220.92766	16.72608	236.22173	156.89253	98.0	93.34004	0.0003574127	93.34015	93.33247	124000	1.1920929e-09	1631.217	-0.01935317	-1.3950195	0.9813295	0.009757715	0.09525	0.01987318425439298	0.004873782992078153	79.0	319.03057861328125
31	219.85547	21.81065	235.15254	90.346344	97.875	93.85103	0.0009088173	93.85116	93.80776	128000	1.952052e-09	1650.0055	-0.015492121	-0.5974121	0.99215204	0.008706184	0.07825	0.020266459099948408	0.0043174239244291	79.0	328.9824233055115
32	225.0759	7.0833235	238.54788	209.22023	99.55	94.21353	0.00041032516	94.21363	94.20541	132000	-2.3841857e-09	1609.0913	-0.016300267	-0.4868164	1.0082167	0.006341959	0.097	0.01935530574992299	0.0041234246266749364	79.0	338.81882333755493
33	221.95366	21.293987	242.79057	105.04053	97.9	94.54014	0.00053661526	94.540245	94.52379	136000	4.6491624e-09	1654.1237	-0.021095408	-1.1912842	1.0215893	0.015083846	0.11775	0.018691707151010633	0.003725156475789022	72.0	348.7851126194
34	216.00735	29.752296	240.16977	94.1279	96.731705	95.052086	0.0008047514	95.052246	95.03246	140000	7.1525574e-10	1649.5243	-0.016340904	-960.645	1.0208699	0.008051267	0.086	0.020525836646556855	0.004624774689438797	79.0	360.35502648353577
35	218.64957	19.739948	249.75789	121.36128	98.05	79.78872	24.79979	97.08279	-50.242603	144000	-1.0490417e-08	652.1313	-0.018805929	-275.13733	1.040405	0.015083358	0.124	0.020736935110762716	0.004067416210957302	58.0	372.1109082698822
36	217.92027	16.365984	239.64853	156.31047	97.02439	83.68017	28.321968	102.94565	-51.548386	148000	-7.390976e-09	387.77744	-0.019025322	-111.17331	1.039948	0.0108759375	0.1205	0.020710365921258925	0.004482037034507721	79.0	383.22963404655457
37	223.1271	11.308665	245.77025	197.68141	98.8	84.71645	30.912823	107.5547	11.20981	152000	-2.1457671e-09	278.13315	-0.021644916	-87.95746	1.0413653	0.010899875	0.12325	0.02099426350556314	0.0054166065384642515	79.0	393.4613423347473
38	227.9436	15.000876	250.18785	156.34195	101.25641	86.62353	33.384388	111.69826	-2.3563805	156000	6.198883e-09	262.61795	-0.018759131	-66.95264	1.0215824	0.009237619	0.10675	0.02242486105300486	0.005077392103460929	79.0	403.87462401390076
39	232.19498	9.341835	252.34668	210.26053	103.710526	88.33386	34.9688	115.44718	-11.239653	160000	2.771616e-09	171.4912	-0.019918513	-50.934814	1.0254955	0.01260692	0.131	0.02013663448393345	0.005446570115140299	79.0	413.95224261283875
40	227.9802	32.34307	259.5227	75.737305	101.38461	90.6751	36.24785	118.7805	0.7399665	164000	-2.503395e-09	276.34235	-0.017937355	-36.260345	1.0126475	0.012154776	0.105	0.019780091121792794	0.00526995265260319	79.0	424.41646552085876
41	237.47725	12.157045	262.1164	193.72244	105.62162	90.99931	37.44245	121.20497	-1.5058802	168000	4.529953e-09	133.63844	-0.0064797555	-35.68814	1.0049765	0.016849859	0.185	0.01931841575540602	0.0047533170629737555	4.0	434.6808865070343
42	250.0434	18.110973	286.94235	203.95758	113.79412	93.35416	36.842407	123.92224	0.12047064	172000	-1.4305115e-09	212.02818	-0.0039955764	-61.421646	1.0058349	0.01582874	0.22975	0.018665474420413376	0.004925096276824599	4.0	444.7198359966278
43	250.35963	47.442863	312.54294	136.14624	122.25	94.84658	39.349186	126.935524	-6.1271935	176000	3.3378602e-09	629.86896	-0.009286364	-176.44385	1.0059375	0.018607058	0.21875	0.019213344119489193	0.004855801262862509	4.0	454.7467749118805
44	280.79825	13.858881	312.14578	254.99266	130.83333	92.11856	39.624825	128.4147	2.9726048	180000	-2.6822091e-09	286.0495	-0.018960148	-167.31213	1.0056021	0.012346603	0.13225	0.017659414196386933	0.003764432249255833	79.0	465.14933824539185
45	273.48535	13.766145	301.13916	238.63416	123.6875	100.0012	40.871265	132.33612	-3.9914446	184000	-2.8014182e-09	133.8869	-0.004406901	-41.850967	1.0067558	0.016504142	0.1465	0.015453649312257766	0.003906977774129276	5.0	475.8718798160553
46	286.88925	21.053875	355.01144	245.70004	131.9	101.71794	41.162655	135.46764	3.1694307	188000	-3.3378602e-09	135.17044	-0.004240011	-35.23983	1.006957	0.016666614	0.2065	0.014211670551449061	0.004423997719006349	4.0	486.74228024482727
47	321.04102	21.970282	356.33725	271.49445	154.92	101.30026	40.375164	138.19206	3.2424147	192000	4.529953e-09	158.9486	-0.017484158	-78.55564	1.0062622	0.0108261835	0.12475	0.012950516091659665	0.00306894856977262	79.0	498.4576508998871
48	322.24847	20.675982	372.14517	273.64728	153.88	105.79726	42.218594	141.22823	1.1063523	196000	4.2021275e-09	92.588165	-0.01532209	-29.201485	0.9950407	0.011416263	0.10325	0.011107280678115785	0.0024416576338580644	79.0	510.41942739486694
49	319.19855	25.55284	372.5001	226.60568	151.65384	108.5198	42.787407	144.04796	1.8279755	200000	-1.9073487e-09	153.56169	-0.012917784	-31.10675	0.983567	0.0069470117	0.087	0.010797148938290774	0.002451217583360862	79.0	521.14674949646
50	315.16257	23.041826	348.28848	266.10162	148.07692	109.1632	42.357395	146.26883	1.2193635	204000	6.556511e-10	82.33753	-0.0050396663	-25.314903	0.99189895	0.017818073	0.20425	0.01004540535621345	0.0026764661737182314	3.0	531.7553217411041
51	304.0419	41.825325	356.62543	152.789	141.96428	111.1998	43.75672	148.14917	2.8814213	208000	-3.4570693e-09	437.13705	-0.006078312	-120.923035	0.99185157	0.019219678	0.28425	0.009182011657394469	0.002786995755829306	5.0	542.6319127082825
52	306.8832	10.622628	327.92197	278.7114	132.16667	113.91914	42.111385	148.73203	2.8915198	212000	-5.4836273e-09	117.85745	-0.015424495	-65.55118	0.9905001	0.008680588	0.1135	0.008786106212064625	0.0021306511118200067	79.0	553.600638628006
53	307.02762	12.458454	336.6797	283.85452	130.0	113.73537	45.495266	151.40985	-0.0170722	216000	-7.033348e-09	63.19953	-0.018552452	-16.78344	0.9730448	0.0054696496	0.12	0.009103227867744862	0.002924980713282905	79.0	564.8751945495605
54	305.89676	15.66921	335.04694	259.86517	129.03334	114.85442	46.34221	153.63585	0.709733	220000	1.3351441e-08	67.24067	-0.005575143	-9.740372	0.964437	0.01729818	0.20175	0.008611073142383248	0.002845039202604284	3.0	576.234185218811
55	324.8826	17.01985	361.96912	292.82474	138.82143	112.01491	46.58013	155.29918	1.7024388	224000	5.00679e-09	132.25471	-0.018041302	-71.81304	0.9641937	0.01299046	0.13825	0.009602263905107974	0.0036670475109219997	79.0	587.2147219181061
56	339.61166	16.631804	361.1745	300.27765	138.75	118.04292	46.995857	157.52615	5.3538933	228000	-9.536743e-09	151.45744	-0.01984757	-60.9405	0.9485537	0.007069927	0.10825	0.014541003368794918	0.007600248245850672	79.0	598.0533826351166
57	336.66034	16.65722	368.06372	300.24127	136.48276	122.88166	48.2829	161.15276	1.9708881	232000	1.1324882e-09	94.63551	-0.013660279	-24.45671	0.9421709	0.015065239	0.20725	0.017423434210941197	0.00868814194929006	14.0	608.4194419384003
58	336.55566	36.01149	379.58347	218.74055	132.76666	125.78964	48.365368	164.00583	3.9579487	236000	9.536744e-10	273.2835	-0.019680837	-51.22226	0.940527	0.005872546	0.1395	0.019640406025573612	0.010230533825582784	79.0	619.3328204154968
59	352.44177	16.49344	377.0095	310.03506	135.75862	127.541016	47.75728	166.44125	0.4807434	240000	3.5762787e-10	175.30296	-0.020831246	-79.260414	0.94399935	0.008767164	0.13475	0.02277989503927529	0.010895357036560542	79.0	630.1721377372742
60	358.77435	25.657	394.56604	273.2482	139.03572	131.31122	49.910233	169.993	1.5054057	244000	3.695488e-09	181.8966	-0.0069364496	-38.55063	0.9422436	0.021207845	0.23175	0.020710716578178107	0.00962221384640704	3.0	640.703357219696
61	357.24344	65.08772	421.84174	180.37985	137.34483	134.5005	48.1574	172.9049	1.4298723	248000	9.059906e-09	766.324	-0.0041409875	-77.25	0.94184506	0.019852182	0.22925	0.02532258940860629	0.012529625338177985	4.0	650.9997155666351
62	388.6476	25.435837	432.08862	296.98227	144.03703	135.51279	48.69097	174.11667	-6.416202	252000	-2.861023e-09	422.8419	-0.020200755	-248.52036	0.93987036	0.012461082	0.13275	0.030080369450151922	0.0191750973766172	79.0	661.6452867984772
63	352.88486	73.15405	415.18622	180.64758	133.3	145.46759	49.537872	179.30771	1.6877582	256000	3.218651e-09	1136.2882	-0.005790273	-215.22931	0.90958196	0.017941821	0.236	0.029819320626556872	0.01657205297581254	4.0	672.682767868042
64	373.86276	67.039856	463.31586	179.06161	141.96428	138.1965	47.330463	179.12502	-0.024641752	260000	2.3841857e-09	949.9657	-0.02094218	-412.10016	0.90889215	0.011060098	0.1375	0.027513898108154536	0.014137019783040359	79.0	684.4242794513702
65	398.80978	42.126713	481.50977	269.83728	147.59259	140.38719	51.135918	180.33171	0.21703601	264000	2.3841857e-09	358.16284	-0.019442802	-101.78879	0.9005114	0.0105995005	0.1275	0.02790610767900944	0.013505025894980791	79.0	694.9612386226654
66	401.7813	16.66576	458.43768	370.38956	147.66667	145.24104	53.432552	184.83475	3.6298983	268000	-3.8146974e-09	108.15063	-0.020821609	-61.146976	0.89399666	0.00883761	0.12575	0.028547365022823214	0.012004133178290398	79.0	705.5174071788788
67	402.49844	29.413483	433.21057	271.93063	144.88889	148.27063	53.395576	187.87732	2.6123319	272000	8.106232e-09	178.75635	-0.020439046	-88.49815	0.8689352	0.012976895	0.13175	0.025449565248563885	0.01173554083074368	79.0	716.2469797134399
68	403.15765	14.209972	433.2262	381.5904	144.81482	149.9885	54.916546	190.81863	2.0439394	276000	3.5762787e-10	38.363686	-0.0041233725	-12.086119	0.868261	0.01574892	0.1585	0.024589938623830677	0.011971201758658104	3.0	726.6392252445221
69	472.58994	123.259895	758.2752	182.44362	166.04347	146.62888	55.061596	192.78212	1.985693	280000	1.9073487e-09	2828.2166	-0.01667496	-1596.5266	0.86706215	0.012803756	0.1415	0.028296848442405462	0.010206253668624288	79.0	738.0425605773926
70	431.4524	42.186985	551.3544	347.24783	154.52	162.0308	55.701756	200.21042	4.487505	284000	2.3841857e-09	365.89755	-0.01867523	-118.00668	0.8591553	0.010622967	0.134	0.03399316294118762	0.013088297570054325	79.0	748.6349883079529
71	445.44568	112.38456	971.8283	384.42438	157.16	159.15863	57.012333	200.89885	2.3872578	288000	1.0967255e-08	925.9028	-0.0061338185	-177.18982	0.851959	0.015062396	0.17475	0.03413459969684482	0.012495936413779656	5.0	758.9030201435089
72	452.2344	90.232666	719.4513	374.31854	158.4	162.78137	56.954712	202.48825	4.3782387	292000	2.6226044e-09	806.29456	-0.004689151	-60.523376	0.8515683	0.015473081	0.17875	0.035110122449696066	0.014415352700909516	4.0	769.3174827098846
73	527.06946	215.42671	1207.0597	184.96652	179.77272	166.57867	54.646126	203.55879	1.6143191	296000	1.5735626e-08	1847.5585	-0.02272453	-502.6803	0.85171646	0.010075753	0.142	0.04063173323869705	0.017324189187564516	79.0	780.2245924472809
74	539.5647	203.74493	1218.0266	252.22894	180.90909	173.70966	59.024265	214.92178	2.6119103	300000	1.2993812e-08	1286.9855	-0.019217169	-228.0437	0.83524615	0.009985651	0.12475	0.04026614848524332	0.015434505508654654	79.0	791.0101289749146
75	595.7012	202.77826	984.7986	235.76942	195.4	184.1606	59.206352	223.29874	3.691639	304000	4.7683715e-09	1389.0448	-0.009400045	-235.53308	0.82334644	0.017387472	0.14075	0.0401847274787724	0.013801203186477793	8.0	801.7541732788086
76	555.8556	233.05746	1309.6058	360.72278	189.66667	191.68687	61.55926	232.16153	1.9014125	308000	1.1920929e-08	1798.9012	-0.02106901	-137.4607	0.8223587	0.00953893	0.1415	0.04322163995355368	0.015518417432392382	79.0	815.7261683940887
77	565.3591	316.52243	1299.0183	179.41768	195.89473	190.20276	56.270485	231.84137	2.5889504	312000	-3.5762787e-10	3340.3372	-0.021525204	-686.56006	0.83229226	0.010673579	0.15375	0.0481671391427517	0.018399352038240974	79.0	827.1408231258392
78	574.4558	207.94582	988.2022	279.32925	193.35	189.3355	60.50979	236.67508	1.8426304	316000	1.2159347e-08	2364.3418	-0.02152877	-475.23608	0.82300943	0.011621429	0.14675	0.046547716669738295	0.017217042237747473	79.0	838.5790090560913
79	683.3881	296.9096	1606.1436	413.3367	218.44444	189.88846	60.82531	239.81007	2.9343464	320000	-9.536744e-10	1794.8811	-0.02289543	-904.0488	0.8182536	0.013151318	0.12525	0.04588969461619854	0.016346866513995226	79.0	849.9364836215973
80	767.89856	308.3894	1586.5491	395.89804	244.375	209.20662	64.13407	249.53464	4.24453	324000	2.1457671e-09	835.59973	-0.02178987	-210.008	0.80803776	0.010341652	0.13475	0.04517237708903849	0.01778443828728642	79.0	861.3354301452637
81	737.57556	274.6775	1252.6842	395.223	234.75	214.08221	67.633446	257.59894	1.3264687	328000	3.8743018e-09	750.9476	-0.021990765	-166.81061	0.7975781	0.011027626	0.13875	0.04452432470396161	0.014727687191048179	79.0	872.5193111896515
82	896.55115	263.38434	1349.0084	538.1011	282.0	222.19926	65.753395	264.03156	2.509441	332000	6.198883e-09	740.7838	-0.021562641	-246.62701	0.78882486	0.011186596	0.1265	0.04327003818005323	0.01696197545903804	79.0	883.7743382453918
83	766.9596	271.0647	1479.1271	418.2394	242.0625	224.14114	68.34761	270.41428	1.8982706	336000	-1.013279e-08	518.1799	-0.027142145	-138.66891	0.7803884	0.011658196	0.137	0.04528458919376135	0.018513363776527056	79.0	894.9549355506897
84	1075.2303	264.5766	1504.5845	628.0102	342.9091	236.14322	63.691265	273.94772	1.5164514	340000	1.4066696e-08	1342.0503	-0.0033915425	-172.7721	0.7696048	0.017354282	0.2365	0.04644752668216825	0.020066763345378626	4.0	904.7380595207214
85	1105.0529	348.02454	1871.8588	672.18756	351.9091	239.5654	64.33104	277.67627	-0.35507774	344000	3.3378602e-09	639.9872	-0.025011715	-131.65274	0.7697233	0.008975441	0.1575	0.041633802726864816	0.014347183315661252	79.0	914.9482161998749
86	890.66394	167.19566	1264.1464	699.6992	274.64285	231.58543	70.516945	281.6503	6.919845	348000	-5.00679e-09	264.5683	-0.022395771	-86.900665	0.7683867	0.0087982165	0.125	0.04062713885679841	0.012462904789725351	79.0	924.9304282665253
87	895.88464	309.83188	1627.1672	479.41745	277.64285	235.28955	73.86144	285.04578	1.182641	352000	4.2915342e-09	316.4976	-0.024860606	-64.72455	0.7594671	0.01062788	0.167	0.0401895540766418	0.013071852469104561	79.0	935.394109249115
88	953.45856	212.44841	1285.4462	635.02893	294.46155	239.57771	70.46971	287.6461	1.2830324	356000	-2.503395e-09	238.63141	-0.021867678	-45.594788	0.74053	0.010109942	0.136	0.03694144682958722	0.012828113282535835	79.0	946.0062916278839
89	882.11096	296.69406	1561.5061	458.86087	272.7143	235.978	75.15162	290.49014	0.97592163	360000	-4.2915342e-09	238.78557	-0.022450017	-56.508224	0.7348222	0.00835017	0.161	0.034904681872576476	0.009815805618162043	79.0	956.065141916275
90	1279.8619	362.09705	1808.9406	713.59125	400.33334	255.07332	64.94216	293.04688	-3.5313005	364000	6.198883e-09	405.97137	-0.022843605	-110.858765	0.7255904	0.012507651	0.1625	0.035337605345994234	0.011302795555694698	79.0	965.9142093658447
91	1202.0515	292.78604	1784.0637	708.5376	377.2	257.6269	69.20289	298.39008	1.9832201	368000	-3.218651e-09	426.90134	-0.020273656	-116.38956	0.7131641	0.008827085	0.12675	0.03528907055035233	0.011412138784245778	79.0	976.1436338424683
92	918.41785	136.46994	1225.1129	698.27515	281.85715	237.09026	75.13601	299.95355	6.065329	372000	1.2874604e-08	134.59349	-0.024909375	-68.707855	0.71132517	0.0075440183	0.1745	0.03471074534580112	0.011272432634492005	79.0	986.3725361824036
93	908.5006	184.25842	1281.9474	692.5439	277.5	237.80293	76.53392	300.62415	1.7491689	376000	-6.496906e-09	156.26082	-0.010789514	-46.89328	0.6991016	0.016339108	0.219	0.03250643936917186	0.010904228784313453	9.0	996.1305320262909
94	835.31696	136.48868	1156.8284	702.1637	256.93332	241.62518	73.54411	301.52954	2.805503	380000	3.8146974e-09	435.85815	-0.023676656	-153.86551	0.69810224	0.008661083	0.125	0.03184298077598214	0.012249471234307308	79.0	1006.1422924995422
95	983.4423	149.93184	1246.711	697.6221	298.84616	241.03879	72.33093	300.6873	6.4299526	384000	7.1525574e-10	251.84984	-0.022918569	-108.41867	0.70552677	0.00957906	0.13725	0.030771488519385458	0.012634208784877157	79.0	1016.3726680278778
96	951.28217	140.94145	1217.0988	684.0068	292.84616	247.83128	73.30934	302.00107	3.251738	388000	2.8848648e-08	171.81592	-0.026494592	-50.34722	0.69965786	0.015085556	0.1925	0.027908058129251002	0.009265190177872197	71.0	1026.386709690094
97	825.5063	335.38162	1251.602	180.75421	252.93333	249.66335	69.746826	301.95712	0.68052053	392000	-1.1324882e-08	2852.5405	-0.00957181	-374.71582	0.6722382	0.015096211	0.17725	0.02683621730655432	0.009626720526475414	2.0	1035.9870085716248
98	967.2822	227.79724	1374.8718	541.29517	302.53845	250.0685	64.55539	302.63474	-11.036554	396000	1.0848045e-08	3433.3564	-0.0068945326	-1486.8511	0.6721318	0.015688388	0.1815	0.03096052909269929	0.010851001834803267	13.0	1045.6708228588104
99	1118.8484	392.40082	1906.5902	351.39072	345.54544	243.60545	61.20303	302.48267	6.076095	400000	1.07288365e-08	2333.3647	-0.007923357	-720.699	0.67184114	0.016664494	0.1735	0.029943924732506275	0.012522953786901136	9.0	1055.5236535072327
100	913.4516	171.82137	1342.6616	707.96106	274.35715	242.76593	73.95317	305.92227	4.872532	404000	-2.3841857e-09	308.00934	-0.021668902	-144.85416	0.6705628	0.015045783	0.151	0.02757459647022188	0.01146725666922939	58.0	1065.4005916118622
101	1191.7612	348.99496	1912.329	698.7041	354.9091	257.707	69.9899	308.1759	3.0171666	408000	3.695488e-09	328.6875	-0.024795977	-169.63217	0.65915596	0.011263314	0.15425	0.026910089682787658	0.007484808221126332	79.0	1075.4428403377533
102	1013.96924	180.21773	1471.8529	701.23724	306.66666	261.82764	74.505356	312.21533	6.211475	412000	1.502037e-08	1422.3286	-0.015118696	-394.60034	0.6347516	0.006617667	0.13175	0.027647703383117915	0.009691398451271347	79.0	1085.5905122756958
103	981.12885	132.48312	1267.848	708.8578	293.6154	252.23947	75.49244	310.0116	5.057336	416000	-3.8146974e-09	158.41164	-0.021784656	-51.58703	0.6330515	0.015397903	0.15725	0.0278447690885514	0.009468839057823003	73.0	1095.4795649051666
104	833.8989	114.85861	1019.05896	695.6338	249.5625	238.67256	77.00286	311.2144	6.3487787	420000	-1.2159347e-08	215.06435	-0.026239915	-66.43796	0.6256595	0.014391011	0.16525	0.023971498599275946	0.00856121965076717	79.0	1105.5388226509094
105	998.5967	186.09193	1362.9293	632.88	297.0	251.8711	76.32908	310.89874	2.7198315	424000	1.1920929e-08	143.28593	-0.02113369	-61.994797	0.6205235	0.01504047	0.13975	0.021696593277156354	0.007520264564082029	45.0	1115.235060930252
106	1115.1132	207.15082	1536.8082	932.12695	329.63635	262.97208	71.79057	312.86514	4.761402	428000	2.1457671e-09	276.82184	-0.027836284	-77.92166	0.60972553	0.015158679	0.17525	0.022620153203606604	0.00712148926953411	79.0	1125.134122133255
107	1054.452	185.58875	1319.98	744.3589	313.16666	263.1725	76.073784	315.29608	3.9385338	432000	-1.692772e-08	262.6624	-0.020254515	-72.013794	0.6012185	0.012216753	0.14425	0.023416969263926148	0.008204392385776724	79.0	1135.4281833171844
108	1030.7377	170.78317	1394.2777	725.31635	313.41666	261.81116	73.66868	316.1008	4.2178965	436000	2.1457671e-09	1338.527	-0.013964447	-651.0091	0.59278005	0.008054791	0.13725	0.021537672970443966	0.00829973281370323	79.0	1145.7837598323822
109	1053.7853	140.59398	1249.1068	737.7383	316.83334	250.26772	74.9914	314.9239	7.2416387	440000	-5.2452087e-09	307.03998	-0.024454597	-161.2831	0.61242706	0.0111456895	0.15925	0.022277063187211753	0.006957793117177501	79.0	1156.3440136909485
110	870.81866	116.14053	1018.0984	676.74176	260.33334	242.56303	77.43725	315.14584	0.74818087	444000	8.106232e-09	154.45859	-0.0113397585	-42.08116	0.61071706	0.015375583	0.1735	0.022103781579062343	0.008777066852677236	14.0	1166.2204155921936
111	1023.66895	141.65018	1243.2649	729.51074	306.53845	252.26004	73.73095	314.0368	-1.2475462	448000	1.1444092e-08	379.5549	-0.025005369	-77.03967	0.60980177	0.01432148	0.1765	0.02335750232450664	0.007777536325739502	79.0	1176.4764828681946
112	1173.694	177.46135	1532.8729	909.36566	348.72726	262.21115	70.77249	314.62497	7.7150044	452000	-5.9604643e-10	217.50087	-0.012596768	-95.05582	0.5972484	0.0155665055	0.17375	0.020211888179183006	0.005470324721787304	10.0	1186.3043172359467
113	990.7997	181.88908	1316.1428	653.54663	293.53845	257.11078	77.35571	316.99506	5.4772463	456000	7.867813e-09	258.69287	-0.019357696	-116.92651	0.5961064	0.015294243	0.19125	0.02067603942938149	0.00693415595648831	23.0	1196.5848467350006
114	932.22064	285.44846	1484.478	203.33934	275.0	251.8266	75.326904	317.1888	2.2469273	460000	-2.6226044e-09	1296.9634	-0.017190564	-247.45923	0.58419245	0.009121394	0.148	0.02056150418240577	0.0073270281854434655	79.0	1206.7349808216095
115	927.249	212.70836	1274.5242	315.15594	278.2143	254.42578	74.33327	317.84128	7.755456	464000	-1.9431114e-08	1227.7987	-0.004625261	-200.57654	0.5833333	0.015831728	0.2125	0.020260530207306147	0.007657344289242362	3.0	1216.6440534591675
116	1088.1486	274.1589	1597.4456	610.5369	327.0	258.49042	70.82992	316.6537	3.1545749	468000	-3.218651e-09	1549.6884	-0.00486685	-440.7058	0.5829694	0.023766499	0.24425	0.020170075166970492	0.00703758491351455	3.0	1226.6322872638702
117	1358.7211	255.26378	1684.5743	971.49713	415.8889	268.27762	64.49635	315.8127	6.479861	472000	-1.3351441e-08	749.71423	-0.022871546	-439.46448	0.5831003	0.013153033	0.15575	0.020729028414934875	0.0065174236234552384	79.0	1236.8480486869812
118	1278.8079	196.09114	1665.6045	1023.7866	385.0	263.3106	69.65715	315.73764	9.604781	476000	-9.6559525e-09	288.176	-0.0075913104	-126.5457	0.5660468	0.016296074	0.1965	0.02113708867691457	0.007153697096382152	7.0	1246.5641012191772
119	1121.5972	158.14594	1477.5945	903.5147	333.36365	261.26813	73.680725	317.37833	4.8784738	480000	1.6689301e-09	159.51039	-0.024020258	-77.190765	0.56446165	0.010681454	0.14225	0.020258584022521973	0.005917045303177485	79.0	1257.0115840435028
120	1160.8737	166.17581	1522.2058	965.49646	347.0909	266.10974	74.58139	319.47787	4.220887	484000	9.059906e-09	148.362	-0.023560153	-53.45125	0.54695415	0.012230466	0.1785	0.020198444556444883	0.006428486251847353	79.0	1267.1278853416443
121	1093.8644	136.66548	1380.3042	934.847	326.66666	259.72437	74.8536	319.53918	4.605624	488000	1.1920929e-09	219.87813	-0.0051224753	-60.17218	0.5358721	0.015574521	0.1725	0.019801366832107304	0.005450388407075593	4.0	1276.72456407547
122	1366.2637	483.53763	2548.4888	960.4806	405.44446	271.62692	70.84518	319.87564	7.5259147	492000	-1.3351441e-08	256.4276	-0.024284845	-100.03537	0.534569	0.012712947	0.1725	0.019868434881791474	0.006184367609018941	79.0	1286.6348378658295
123	1399.0948	234.192	1821.3483	956.9335	417.33334	278.13882	71.30826	322.33194	6.395022	496000	1.8715859e-08	233.73854	-0.023532955	-59.96788	0.5144154	0.01227018	0.16875	0.01822111171670258	0.005741285661086851	79.0	1296.5959322452545
124	1413.2151	339.85126	2062.8132	1094.9115	417.75	280.54218	68.141594	323.0368	3.3222876	500000	1.2397766e-08	242.29434	-0.022047406	-127.993996	0.5136718	0.008425366	0.15675	0.019247035188600423	0.006571205231126549	79.0	1306.5538198947906
125	1252.1799	247.47067	1759.5382	926.5479	369.1	273.2329	75.29822	325.3281	3.4935455	504000	-2.3841857e-09	184.06725	-0.023944639	-78.06626	0.50566894	0.012267501	0.16025	0.017983914837241172	0.005939781661661685	79.0	1316.4227559566498
126	1639.4043	536.97845	2619.2927	991.35864	492.375	283.9908	67.434944	326.46835	-0.48747635	508000	-8.8214875e-09	215.50446	-0.026547788	-66.57861	0.48442322	0.014013223	0.16975	0.017314743213355542	0.005155384510473946	79.0	1326.409940481186
127	1733.9408	350.30087	2385.1843	1270.5702	518.8571	284.7115	64.92607	326.86502	3.9620638	512000	2.3841857e-09	241.47734	-0.005741836	-66.69081	0.4813818	0.01968698	0.21325	0.018276038924232126	0.006154396564691263	7.0	1335.8916022777557
128	1015.1449	191.32071	1520.4354	731.0912	298.30768	263.0932	78.28326	328.16525	3.860475	516000	4.7683715e-09	269.22635	-0.0012097027	-168.48991	0.4818447	0.016465882	0.1795	0.019251670800149442	0.006496178273533638	2.0	1345.387053012848
129	1318.27	372.20102	1968.9514	802.2476	387.7	275.81024	73.1582	328.2195	2.7176442	520000	6.7949295e-09	360.63113	-0.021376094	-205.29333	0.4816189	0.011216093	0.13225	0.018276558769866825	0.006793747762392713	79.0	1355.4447026252747
130	1322.5448	279.50473	1971.7452	987.8917	384.3	273.65787	71.39186	328.63556	8.420381	524000	1.1563301e-08	409.96924	-0.014408815	-144.44077	0.47395083	0.01509346	0.177	0.017432383224368096	0.006326032492922352	16.0	1365.2830219268799
131	1784.1658	670.9361	3067.4153	975.65137	539.8571	299.09344	63.2031	331.8527	3.1469216	528000	-8.940697e-09	299.86826	-0.020838192	-180.33086	0.46921876	0.007631513	0.14675	0.018245720621198416	0.00551724977341166	79.0	1375.4130790233612
132	1162.488	239.0369	1554.3373	789.21533	335.54544	272.80304	71.91094	330.79785	5.132281	532000	-1.3113022e-09	228.37161	-0.0230709	-136.31805	0.46581528	0.011581707	0.14375	0.017750152917578817	0.006475826065820191	79.0	1385.4842002391815
133	1299.4152	471.91626	2370.895	879.75714	375.5	278.33932	76.4241	332.69916	4.8683853	536000	-2.3841857e-09	173.74701	-0.007038198	-65.269165	0.470958	0.015587145	0.19075	0.015448268242180348	0.004578366207776224	8.0	1395.2340672016144
134	2374.394	315.26718	2594.9883	1750.5243	753.8	302.69864	51.780537	335.52298	8.527263	540000	3.9339065e-09	1828.2148	-0.022526883	-697.38025	0.46883297	0.008124867	0.15675	0.017426698822528123	0.005109504623521243	79.0	1405.5043025016785
135	2084.7385	665.4938	3238.4243	1274.5983	628.3333	290.10843	55.88413	333.53122	7.2472944	544000	2.193451e-08	1296.0469	-0.02129622	-391.22748	0.46593693	0.0072786817	0.172	0.017285224180668593	0.005832859253598694	79.0	1415.6003968715668
136	1776.5264	802.8886	2999.8757	851.16473	542.8333	286.51855	57.152836	332.17715	8.133596	548000	-1.9788741e-08	388.15494	-0.027161906	-197.13896	0.46487662	0.012800098	0.1685	0.018045351048931478	0.006690078846840879	79.0	1425.7723984718323
137	1678.072	652.79956	3034.8916	900.5769	518.7143	294.0759	53.378784	331.61707	11.265006	552000	-1.9073487e-09	1439.334	-0.017966142	-314.14502	0.46416497	0.008160254	0.154	0.01796634988859296	0.006159569894317044	79.0	1436.0622766017914
138	1407.3589	778.40906	3240.3176	315.20978	423.0	282.61325	66.56158	330.10397	2.6181517	556000	8.225441e-09	1492.896	-0.0042414283	-587.8057	0.46909314	0.015918823	0.23325	0.018384786192327737	0.006200951560874688	3.0	1446.0754137039185
139	1145.0325	184.10435	1423.3735	843.57007	335.0909	263.7357	75.48104	330.32492	2.639316	560000	-6.6757204e-09	437.93454	-0.0016904828	-234.17538	0.46898526	0.016155198	0.17675	0.017003710209392012	0.006083427078049269	2.0	1456.1723353862762
140	979.25867	132.95691	1201.6578	716.29205	285.14285	259.95557	81.67802	332.45224	2.0156298	564000	-1.66893e-08	230.6898	-0.029446796	-131.71097	0.46905926	0.009733924	0.1885	0.017632477497681976	0.005120270835892681	79.0	1466.4124839305878
141	968.3266	221.58942	1469.7773	687.37164	281.2143	253.8053	77.05616	331.1184	4.234543	568000	-5.00679e-09	211.99443	-0.015668083	-54.007736	0.47617367	0.0151715325	0.1735	0.018787557128816842	0.00653257048834732	19.0	1476.2008836269379
142	986.0576	449.28525	2111.0242	232.1349	291.46155	262.78244	76.72947	332.94302	0.041449547	572000	2.861023e-09	1211.7511	-0.012894171	-499.80157	0.47929427	0.015495771	0.229	0.01973054843954742	0.008944745917247922	12.0	1485.8629071712494
143	971.5002	196.18594	1573.7407	793.85046	284.2143	250.2097	76.89539	331.62268	1.5574174	576000	-1.4841556e-08	667.7927	-0.020658417	-405.349	0.48034865	0.009798566	0.15875	0.01707773288246244	0.006154394669098981	79.0	1495.983826160431
144	1089.8805	354.61618	1830.4565	693.3847	317.33334	262.1156	76.75346	333.93948	4.2739887	580000	2.1457671e-09	329.90207	-0.009655986	-108.202194	0.46882316	0.016383382	0.1815	0.017566693648695945	0.005447588703197165	9.0	1505.8337569236755
145	1045.956	390.36258	2144.0093	694.2271	303.92307	261.57147	74.69448	335.34293	1.561307	584000	1.3589859e-08	421.73648	-0.026243486	-199.41191	0.47193456	0.015280747	0.167	0.017953277081251145	0.00677840122708659	59.0	1515.7449498176575
146	988.0997	403.71356	1947.3296	480.51053	293.3846	271.2269	78.636986	337.0498	-11.194315	588000	5.00679e-09	2694.6038	-0.021760143	-653.2207	0.480583	0.009260294	0.17575	0.017707204986363648	0.007123690722958385	79.0	1525.920842885971
147	903.40314	370.5268	1766.0688	210.02702	274.5	265.2327	63.380657	332.7665	-2.2060704	592000	-1.502037e-08	5898.652	-0.023842173	-2640.3958	0.47270796	0.010358399	0.1585	0.01726850203704089	0.006479064916419141	79.0	1536.5257003307343
148	1167.1659	622.99603	2965.994	428.12112	342.18182	246.91484	58.22181	318.5903	1.529572	596000	2.384186e-10	3338.9727	-0.013630072	-1861.3357	0.4839579	0.016088422	0.1745	0.0171021662466228	0.005557633574276211	13.0	1546.6012024879456
149	768.6789	169.45296	989.02844	227.98012	229.70589	253.53294	78.241875	328.43417	-1.2923899	600000	1.4305115e-09	2118.845	-0.02861885	-790.8508	0.4855327	0.012140078	0.16325	0.019255749359726907	0.008381306581919086	79.0	1557.2855594158173
150	801.24994	118.27717	1054.5875	653.0566	237.8125	235.19775	70.00648	320.50467	9.595877	604000	4.887581e-09	1393.8671	-0.020519542	-502.9062	0.47991112	0.00750599	0.1475	0.01791586256586015	0.007395154539528292	79.0	1567.582017660141
151	796.0046	139.50204	1204.3276	619.81934	233.29411	233.93697	73.322136	309.40125	8.248575	608000	1.07288365e-08	847.03265	-0.022367544	-197.4021	0.46710873	0.012242215	0.16275	0.019866119250655175	0.007370322846074669	79.0	1577.7349684238434
152	1060.2992	575.2475	2923.5994	660.77716	305.69232	245.1255	72.56234	319.98532	3.3391953	612000	1.7404556e-08	1086.5227	-0.025156002	-822.2349	0.45936337	0.014329401	0.161	0.01693403398618102	0.00604027050940726	79.0	1588.1043691635132
153	918.6699	104.69018	1164.2268	753.9002	261.4	254.89423	79.233025	342.5977	7.8704176	616000	9.298325e-09	270.71964	-0.026923724	-65.40228	0.44135025	0.011099224	0.16625	0.01640876004472375	0.0062221839110362335	79.0	1598.3022499084473
154	991.959	228.66724	1551.0679	705.3031	283.92856	260.45618	79.48431	337.54572	6.005764	620000	-5.2452087e-09	244.89972	-0.025682582	-35.78604	0.43782276	0.011410294	0.157	0.015753133352845908	0.005300593061606565	79.0	1608.4680788516998
155	1094.6171	330.54785	1857.0562	720.9066	314.16666	275.68045	76.17398	344.76566	-3.5264497	624000	-3.218651e-09	1598.3159	-0.01931621	-423.08313	0.42949104	0.011388027	0.17425	0.016062220083549617	0.005962087617413335	79.0	1618.704925775528
156	1087.3651	280.38705	1531.7911	724.7101	316.41666	269.32074	71.36927	334.35486	-1.8820524	628000	1.9550324e-08	986.9564	-0.0052285935	-636.60596	0.42937645	0.015259342	0.13475	0.01533419325016439	0.005423154806689732	5.0	1628.4710502624512
157	1318.9363	549.8944	2382.5876	709.90424	385.6	273.67325	70.600655	337.72336	4.8648567	632000	-7.033348e-09	3477.821	-0.0034811427	-1571.6346	0.4299202	0.016189892	0.1935	0.014410726339556278	0.0046774578552095155	3.0	1638.3252112865448
158	955.2122	186.03874	1248.1102	593.5046	273.42856	253.36397	74.35422	335.6751	-1.6463509	636000	-3.3378602e-09	320.21155	-0.01256687	-175.73244	0.43037823	0.015417554	0.14525	0.01553462968673557	0.004991411776217962	10.0	1648.2368292808533
159	1314.9137	699.31104	3354.8271	927.71606	380.6	280.42813	70.405396	340.65384	-1.162807	640000	6.198883e-09	384.96368	-0.02692391	-168.73598	0.42774653	0.012305305	0.168	0.016536573707126082	0.005231661424380205	79.0	1658.5397951602936
160	1204.5424	660.85846	3202.2122	603.4524	349.63635	276.9598	79.067635	345.24182	-5.6455197	644000	8.8214875e-09	287.98547	-0.025222128	-87.554794	0.40642735	0.009713557	0.1515	0.015544440802186728	0.004911709508972384	79.0	1668.678142786026
161	992.332	179.26845	1341.8545	630.9448	281.92856	258.47153	80.75293	341.74335	4.9597135	648000	2.193451e-08	196.87944	-0.022889055	-49.263412	0.40465522	0.012543569	0.15675	0.014522665655240416	0.004462809800181339	79.0	1678.7074341773987
162	1321.2031	444.04318	2217.1582	835.99744	379.6	282.34387	74.351234	347.49835	6.509284	652000	-1.0490417e-08	224.28868	-0.026608078	-48.84091	0.40510678	0.0112814745	0.15525	0.016182303838431836	0.005428704771863085	79.0	1688.7657148838043
163	1339.5461	509.62888	2637.2214	906.8876	378.5	283.72513	74.82234	350.0569	2.3676033	656000	-3.3378602e-09	281.24026	-0.025490023	-59.896484	0.39568275	0.00887011	0.169	0.014034577729180455	0.00436749471538212	79.0	1698.8114018440247
164	1149.6367	355.88165	1694.7496	657.0134	326.72726	282.01138	78.7397	353.21765	7.8578134	660000	1.6689301e-09	210.36676	-0.020042336	-71.53102	0.38710088	0.015030658	0.1185	0.012728299726732076	0.004375487951180982	38.0	1708.854693889618
165	1085.2078	233.3725	1485.4164	828.6977	306.23077	266.5285	79.79743	354.926	8.498121	664000	4.4107438e-09	133.16327	-0.012042289	-47.10991	0.39032975	0.015253467	0.1345	0.013304812870919704	0.004428768121803437	11.0	1721.4882493019104
166	1171.7279	293.07858	1910.378	810.141	329.66666	278.90536	79.405136	355.92874	5.7679005	668000	2.2888184e-08	196.46689	-0.02529173	-42.639908	0.38536525	0.01167348	0.1555	0.013361656498163938	0.004356110829924522	79.0	1731.4125578403473
167	1329.4941	390.3657	2215.8252	927.3041	373.5	280.536	76.38487	358.1206	1.7131453	672000	1.6093255e-08	172.28801	-0.023708105	-89.34368	0.37530783	0.015115286	0.1735	0.013745465837419034	0.004500847281287467	65.0	1741.1878423690796
168	1223.064	239.59865	1677.9685	882.85693	347.54544	288.80585	82.18819	360.6547	-2.3579712	676000	-2.849102e-08	328.79953	-0.026645746	-168.91753	0.36705795	0.009767771	0.176	0.012725776182487608	0.0050067563922936015	79.0	1751.3893880844116
169	1622.0305	834.4926	3204.5725	670.03595	465.57144	297.37772	68.48901	358.1217	4.2590685	680000	-8.940697e-09	334.2048	-0.026444247	-190.75789	0.35645765	0.012527571	0.1715	0.012917410908266902	0.0038277123544363223	79.0	1761.8968768119812
170	1575.1677	718.04266	3334.9312	915.6214	449.875	294.2814	69.53887	354.7728	0.9305248	684000	6.437302e-09	176.12047	-0.027769325	-56.725143	0.34385616	0.015053002	0.178	0.013684539888054133	0.004633380409039324	65.0	1772.1390466690063
171	1135.3501	192.6877	1543.5874	858.26953	322.0	280.75604	82.82141	355.83163	9.480633	688000	-1.4781952e-08	183.49385	-0.027117401	-100.75518	0.32357907	0.01268602	0.16175	0.014612039513885976	0.005776296910657266	79.0	1782.5938498973846
172	1447.8508	326.2625	1873.7821	990.1636	406.55554	291.0117	73.74761	352.7137	7.639037	692000	-7.152557e-09	208.11127	-0.026252177	-77.15114	0.3270998	0.014303337	0.1655	0.013932467740960418	0.004521335736114295	79.0	1792.9948835372925
173	1643.1887	770.4722	3280.5715	861.56366	469.75	299.16473	66.339645	355.6111	10.868052	696000	-1.2040139e-08	185.45964	-0.022158148	-97.753525	0.32478	0.015040047	0.16375	0.01380388238467276	0.005177270166509395	31.0	1803.0759086608887
174	1228.2261	404.73883	2045.5149	716.1819	346.36365	281.72247	79.11586	359.26404	4.1521482	700000	7.152557e-09	151.09605	-0.02698659	-51.870193	0.31780148	0.014664036	0.177	0.013595905937254429	0.004616903956765735	79.0	1813.5795845985413
175	1236.2228	233.44592	1812.1718	989.24677	345.18182	282.27695	80.404396	361.11157	4.5338736	704000	1.8119811e-08	83.45664	-0.013076481	-23.920792	0.31381822	0.0154006155	0.163	0.015146411103196443	0.00682445761230107	12.0	1823.4732747077942
176	1632.1467	562.34467	2770.0376	1025.3279	460.875	305.1534	73.818085	361.4084	6.4979	708000	-1.525879e-08	171.4037	-0.011484721	-77.46659	0.30998003	0.016592657	0.182	0.014392878036014736	0.0048066225997802315	10.0	1833.3605043888092
177	1166.7267	196.0201	1630.9783	875.58014	324.41666	274.102	77.59481	356.83304	8.287053	712000	1.1205673e-08	147.05731	-0.0029145032	-98.77229	0.30836996	0.016898794	0.17475	0.01297341687604785	0.0045465771223555315	3.0	1843.2131774425507
178	1860.7675	888.7472	3393.6255	1022.19775	544.0	317.7153	62.537266	363.35196	2.6504364	716000	1.192093e-10	1739.0171	-0.015102948	-790.5756	0.30776545	0.009785764	0.146	0.01326867082156241	0.0054411207454382405	79.0	1853.4756898880005
179	2097.6353	823.108	3338.5857	943.17444	600.3333	306.153	61.24263	358.5509	8.518471	720000	-4.4107438e-09	390.85156	-0.012627007	-225.66042	0.31845263	0.015714614	0.1205	0.014755002264864743	0.006974945879674436	18.0	1863.6840431690216
180	2040.3457	623.5969	2872.6047	1239.0493	572.1667	311.4084	64.94703	357.0911	9.641053	724000	2.2172928e-08	91.88533	-0.004825639	-43.821087	0.3090021	0.017034039	0.209	0.01266361828893423	0.003574319747178726	3.0	1873.5635159015656
181	2495.4668	975.8694	3307.1897	1087.6958	745.8	324.10907	44.47749	360.68274	7.344799	728000	9.536744e-10	167.03851	-0.025433864	-62.262703	0.30691117	0.012549014	0.16625	0.015468748561106622	0.0058692115424452745	79.0	1883.8954243659973
182	2107.7678	867.10333	3392.8408	1239.4674	615.5	317.299	55.37401	357.0981	8.794109	732000	-1.4424324e-08	104.32172	-0.022080267	-35.221367	0.31460968	0.015253316	0.1375	0.01384718670975417	0.004109810560761793	58.0	1894.3144376277924
183	2370.1653	827.3981	3532.2231	1385.4563	664.3333	314.79742	66.54191	360.43442	5.608944	736000	2.3841857e-09	142.2453	-0.02769589	-94.57469	0.3023192	0.010679734	0.18725	0.013073291429318488	0.004465726093973398	79.0	1905.037344455719
184	1504.2284	684.76825	2881.7012	697.1364	420.625	304.0136	77.215195	366.90152	3.7376704	740000	-2.2172928e-08	145.05128	-0.02675074	-65.96935	0.28697982	0.008373343	0.17925	0.012789819815661758	0.004108908690571701	79.0	1915.5394968986511
185	2242.6028	963.6766	3411.643	1074.803	643.3333	324.47574	58.601955	366.01056	8.698473	744000	6.6757204e-09	87.97409	-0.022577895	-27.603878	0.27599376	0.015062996	0.1565	0.013484442811459304	0.004451349176005147	39.0	1926.0233805179596
186	1710.102	724.422	3460.607	1108.703	479.375	309.8038	70.81091	363.9821	5.2967753	748000	2.7656554e-08	63.365826	-0.026339551	-21.06205	0.26018378	0.0105878245	0.178	0.013218780201859771	0.005247113695391283	79.0	1936.5798382759094
187	1258.1481	258.65115	1665.2946	906.18555	349.0909	289.8647	81.62228	366.61392	2.4602623	752000	9.6559525e-09	71.98391	-0.022492632	-30.543732	0.24871632	0.010222772	0.1655	0.01225084500387311	0.003472149144101447	79.0	1946.8691020011902
188	1910.7584	749.3562	3465.069	1216.9868	534.8571	312.6055	66.80382	366.0144	5.0072165	756000	-5.6028364e-09	93.817	-0.002173601	-27.693352	0.24925993	0.015362896	0.16375	0.013117922386154533	0.004345970209112632	2.0	1956.6319246292114
189	1401.8362	504.9274	2649.8816	868.3653	394.1	295.80582	79.828094	364.56573	6.399278	760000	3.59416e-08	179.69621	-0.008254159	-116.2962	0.24910462	0.015326525	0.1595	0.01299416053108871	0.0048453012457898076	8.0	1966.4120903015137
190	2495.9668	798.6982	3365.9783	1469.1333	723.4	327.83563	52.43523	365.53552	11.982542	764000	1.07288365e-08	111.06498	-0.028792929	-73.7861	0.24616733	0.013626824	0.179	0.012576123005710543	0.004641840753779052	79.0	1976.6572902202606
191	1969.258	812.5694	3372.736	1096.1102	559.2857	317.13727	64.07494	362.75418	9.183847	768000	6.6757204e-09	116.0378	-0.026645962	-56.742584	0.2266809	0.010216941	0.16525	0.013348947470076382	0.00555302000245255	79.0	1986.7984886169434
192	2613.398	896.9342	3476.1172	1408.9884	747.6	329.66248	51.467724	361.31293	3.0966864	772000	1.4305114e-08	1490.827	-0.004411916	-271.31873	0.21588592	0.016532065	0.18875	0.011798297483474017	0.003696022743907923	2.0	1996.5534732341766
193	2656.4304	803.5639	3528.6108	1690.7289	764.4	326.57245	50.96124	362.25674	-1.7395458	776000	-1.3113022e-08	180.487	-0.023425689	-104.107994	0.21569547	0.015369721	0.15025	0.012507241815328599	0.005321825865532135	78.0	2006.664201259613
194	1964.8427	701.7301	3023.6384	1044.7418	548.0	302.12524	73.05371	357.70087	10.111804	780000	-1.0609627e-08	215.40761	-0.025313137	-169.97137	0.2001762	0.015769562	0.18475	0.012196609554812311	0.004032974857752147	77.0	2016.9150114059448
195	2784.0352	809.1821	3439.9966	1411.5146	818.0	335.83936	46.65619	368.1212	6.732998	784000	-9.059906e-09	212.55614	-0.026629493	-141.3581	0.18934357	0.012325264	0.1825	0.01320519161876291	0.006013477884946773	79.0	2027.0348556041718
196	2418.6653	1098.1509	3375.2441	1013.0605	720.0	327.81268	43.8984	360.89868	13.632404	788000	2.18153e-08	118.24525	-0.007225533	-67.3979	0.17903025	0.015211655	0.18475	0.014641138794831931	0.005790376124291528	7.0	2036.8306334018707
197	1046.8058	115.52603	1223.5674	852.52264	292.76923	277.1728	83.58597	357.13437	3.0598025	792000	-2.5510788e-08	138.075	-0.025912382	-89.42662	0.17818256	0.005846072	0.154	0.012852986245416104	0.004471739798806445	79.0	2046.8051750659943
198	1269.8563	308.39178	2024.607	921.2032	354.54544	284.37106	77.38189	357.45636	5.6763844	796000	-2.7179718e-08	108.3998	-0.02702126	-45.860146	0.16878565	0.014638582	0.17225	0.01147948862053454	0.003957896981760338	79.0	2056.8977777957916
199	1129.934	269.54434	1822.3043	833.7324	315.66666	280.67218	82.21167	361.8731	5.080333	800000	3.5762787e-10	167.08583	-0.024716118	-49.908752	0.16917318	0.010893189	0.19075	0.010672317817807198	0.0037260330423779663	79.0	2067.011153936386
200	1722.19	1034.5901	3472.1016	923.0955	489.25	309.93707	65.565605	362.25104	0.20577288	804000	-2.2649765e-08	211.80927	-0.01582163	-86.93566	0.16624992	0.01529033	0.1305	0.011366875930689276	0.004855900800864947	26.0	2076.750659227371
201	1128.0024	157.45493	1449.5917	952.91315	313.91666	279.2124	78.58671	360.4056	3.9947433	808000	-2.2172928e-08	116.41366	-0.0226822	-53.58105	0.15765664	0.015133474	0.169	0.010296879839152097	0.004506062446537475	44.0	2086.626598596573
202	1283.2386	532.075	2877.064	939.66754	358.9091	286.84766	80.38871	367.04776	0.24419641	812000	1.0848045e-08	97.82825	-0.005142805	-33.06758	0.16214566	0.015622629	0.2265	0.009801886850036681	0.003382261487533098	3.0	2096.4857964515686
203	1154.1628	130.81755	1414.2277	927.2028	320.9	287.97388	78.1228	366.19885	6.1630125	816000	-3.0994416e-09	89.543015	-0.0023054674	-42.46577	0.16290511	0.015653575	0.163	0.010211660256609321	0.003596774538755619	2.0	2106.120172739029
204	1892.7529	717.2355	2829.6943	1035.001	548.2857	310.33795	66.42577	360.8746	-4.656487	820000	-2.6702882e-08	1711.9504	-0.01728839	-1085.3402	0.16295917	0.006728849	0.158	0.01168573837261647	0.004432185445945744	79.0	2116.036874771118
205	1345.0212	683.26227	3375.0383	1005.0306	382.6	292.88974	75.6386	360.0506	2.1848512	824000	4.768372e-10	225.34038	-0.027644653	-150.1835	0.16416943	0.014528963	0.19	0.012243299740366637	0.0037419520861482172	79.0	2126.013630628586
206	1156.9672	339.27	2136.9255	829.3135	323.5	277.61533	82.32848	359.1621	8.713137	828000	1.1920929e-08	128.109	-0.012715646	-40.32065	0.1449746	0.015147262	0.17875	0.011715463972650468	0.003880623812669438	14.0	2135.7211480140686
207	1594.6815	956.898	3249.6821	42.65245	460.375	307.91077	67.25611	363.93375	5.027741	832000	-3.4809112e-08	620.91296	-0.0043976996	-163.61533	0.14110358	0.015091634	0.16	0.011820842130109668	0.004950491096290984	4.0	2145.365991592407
208	1776.8741	858.33527	3382.5605	992.728	503.85715	310.91055	65.54206	359.87497	4.73775	836000	8.8214875e-09	200.34338	-0.026545566	-109.957726	0.1410691	0.015014222	0.18375	0.010913060419261456	0.0031087543568648016	76.0	2155.4840865135193
209	2662.7065	947.1957	3415.9236	944.49927	780.6	330.90314	48.46306	362.39722	12.523693	840000	-2.4795533e-08	297.11563	-0.010378309	-140.71072	0.13068537	0.018973032	0.17875	0.01164862060919404	0.003703362745256632	9.0	2165.141709089279
210	1947.6058	940.7649	3393.8838	1037.6866	562.5714	311.1515	66.743195	358.79434	4.461229	844000	1.9073487e-09	258.72327	-0.025061142	-125.20479	0.12893748	0.015010704	0.18575	0.01268284603022039	0.00427133799950597	72.0	2175.1238012313843
211	1600.8481	987.79285	3377.6995	959.7005	455.625	305.401	69.99246	358.97708	-1.0422964	848000	0.0	122.728714	-0.027907869	-56.698875	0.1253417	0.015117349	0.2095	0.012021892578341067	0.003867820564664967	79.0	2185.1100635528564
212	1052.1926	392.20718	2301.3582	695.71967	295.76923	280.225	80.64784	356.47513	7.8063383	852000	1.013279e-08	403.01254	-0.026332773	-306.92004	0.11431292	0.0123297535	0.189	0.012653068262152374	0.003936918023380267	79.0	2194.9023990631104
213	1006.19104	134.27084	1340.9233	862.5871	280.6154	270.57837	80.73845	356.56616	-6.119943	856000	-1.1205673e-08	93.573586	-0.0020042844	-39.81329	0.09610217	0.017950729	0.23875	0.012219974980689585	0.004180962134038061	2.0	2204.4063794612885
214	1795.1897	781.6723	3410.9263	1107.4204	500.57144	306.1996	70.1195	363.8371	1.5161047	860000	2.9802323e-09	130.20561	-0.016893316	-70.59709	0.095816895	0.015327174	0.16975	0.012365013053640723	0.004150234371595019	22.0	2214.0820384025574
215	1852.3273	829.08545	3315.933	747.8007	561.5714	335.5272	34.07383	365.55472	9.930333	864000	-2.992153e-08	7322.41	-0.0034583611	-3454.8047	0.09588086	0.015120759	0.17075	0.011523723280988633	0.004486926664207687	2.0	2223.453394174576
216	2228.7852	606.3032	2920.067	1174.2374	646.3333	275.98648	56.480175	336.56442	5.653925	868000	1.6689301e-09	2003.568	-0.007116578	-1794.7938	0.095868714	0.016035412	0.1355	0.011753775938414037	0.0037260422726162635	6.0	2233.0092256069183
217	2473.2153	564.57513	3319.2239	1752.6649	742.0	317.43286	47.046085	358.784	4.0135765	872000	-1.3351441e-08	1845.7976	-0.0037673311	-439.3871	0.09499397	0.015666183	0.192	0.011908713090233504	0.004106510063356849	3.0	2242.3999395370483
218	1662.9319	651.68115	2677.013	996.605	493.57144	303.42563	60.388275	358.35336	11.094309	876000	-1.4483929e-08	3129.5015	-0.0051609306	-1451.2579	0.09489826	0.015023071	0.20275	0.012691494203172624	0.004092069398444075	4.0	2251.719608783722
219	1875.4445	687.2603	3145.81	986.35974	558.6667	284.11322	56.735203	355.29553	-11.391348	880000	-8.46386e-09	2333.2927	-0.02174521	-757.12756	0.094746746	0.012424601	0.19775	0.011730816806666553	0.003909036962009133	79.0	2261.7187356948853
220	1819.3737	955.8777	3287.2725	976.93146	541.2857	309.41467	53.97563	356.33	-8.387447	884000	-2.503395e-09	4103.7324	-0.0032870648	-1560.4722	0.07865906	0.015245251	0.29375	0.013418110478669405	0.004486085301757553	2.0	2271.2261776924133
221	984.16003	321.50964	1444.0498	42.363934	275.30768	275.798	79.32654	348.1653	-5.3798127	888000	2.5987624e-08	714.11145	-0.019126553	-148.16388	0.07830028	0.01519752	0.16725	0.012542097386904061	0.003823477654771452	51.0	2281.418657541275
222	1031.949	109.29442	1278.4082	850.8401	287.3846	270.21136	81.79873	347.57678	-10.840021	892000	1.45435335e-08	138.07944	-0.023399256	-53.15419	0.07281177	0.015096881	0.1515	0.013734121192246675	0.006036693097248333	63.0	2292.0072932243347
223	1263.7987	736.191	3446.9763	868.1632	355.1	285.72037	70.374435	348.93216	-6.692491	896000	-9.775162e-09	486.1829	-0.011639162	-385.22012	0.068609245	0.015039222	0.18675	0.012943528573960066	0.004730696153562615	8.0	2302.3224589824677
224	1095.8054	130.8819	1367.6272	934.4943	303.75	282.39352	81.0138	357.47803	1.8611073	900000	3.0994416e-09	134.88489	-0.0026445037	-34.066505	0.06659738	0.01638855	0.18625	0.011757802632637322	0.005002904707649139	2.0	2311.7791152000427
225	2340.562	445.38065	2803.7202	1506.9713	686.8	323.75125	50.136055	363.21036	9.691952	904000	-4.6014787e-08	2947.3591	-0.0057133315	-724.7324	0.06549581	0.021375373	0.30325	0.010853328653611242	0.004524124170553544	3.0	2321.3504440784454
226	1793.0536	802.991	3444.0044	1043.2797	503.42856	311.22382	64.0004	354.3723	1.3255343	908000	-1.2040139e-08	396.8272	-0.0006826973	-249.67624	0.064803675	0.020404693	0.23025	0.011679397295229137	0.004569465517904555	2.0	2330.8313105106354
227	2609.0833	1006.127	3473.3496	1118.1189	755.0	331.37793	43.99703	365.31064	9.994578	912000	-1.7404556e-08	142.7965	-0.027118288	-54.475746	0.06437851	0.012130251	0.197	0.01253894082736224	0.006092898343680009	79.0	2340.5993378162384
228	2451.4307	995.19806	3380.054	1236.4661	707.0	329.64926	52.415096	367.70294	-0.26864767	916000	1.9073487e-09	93.31238	-0.026421797	-31.249756	0.07084207	0.012858804	0.151	0.011058226572349667	0.0038819578771490176	79.0	2350.889480113983
229	2637.3	891.0616	3385.7231	1202.0936	762.75	336.8416	40.410866	362.48526	7.539663	920000	-1.0728836e-09	113.27161	-0.004073458	-46.2256	0.06684144	0.016273236	0.16875	0.012043644906952977	0.0050033652041367935	3.0	2360.4754180908203
230	2292.3442	796.9801	3375.8975	1049.6349	654.4	327.1876	55.965443	359.47003	-4.076939	924000	1.525879e-08	146.58069	-0.0040390766	-58.13562	0.06689087	0.015244537	0.16825	0.010744865261949598	0.0037827620863947827	3.0	2370.141653060913
231	2231.5032	1079.811	3462.5059	994.4721	643.4	329.25708	51.869846	362.12723	-6.3773065	928000	1.692772e-08	107.135574	-0.02192193	-35.856827	0.067173205	0.015437399	0.134	0.011457806867547334	0.004561556081810157	36.0	2379.8959035873413
232	1554.7936	833.1263	3470.228	971.72797	437.33334	300.01605	80.15176	362.18784	-3.2135491	932000	7.867813e-09	148.54166	-0.0195232	-75.57118	0.058478475	0.015295786	0.1555	0.010709025841206312	0.004163419100799409	44.0	2389.5040781497955
233	1716.2588	767.1433	3436.168	1068.1333	483.125	308.10025	75.194695	364.7704	7.108977	936000	2.0503998e-08	131.14638	-0.023729332	-52.95323	0.065552115	0.0151425665	0.18725	0.010073142619803547	0.003598996063306633	52.0	2399.1838109493256
234	2252.0627	821.4234	3404.3423	955.772	647.5	327.9355	57.90889	367.23157	4.2266455	940000	-3.7550927e-09	1713.3959	-0.006195818	-390.53113	0.054611165	0.016492838	0.18925	0.010321932728402317	0.0029149071771663706	3.0	2408.3903493881226
235	2603.3022	895.2485	3440.4265	1216.5997	750.75	326.17526	42.556892	357.95093	8.525623	944000	-2.014637e-08	290.9585	-0.001647297	-189.48506	0.053224202	0.017482763	0.1765	0.009415467702783644	0.0036975987430856215	2.0	2418.0974152088165
236	1712.163	494.72296	2362.7683	1093.6061	470.75	302.80917	75.86496	359.8922	4.107163	948000	7.1525574e-10	192.7209	-0.018545978	-118.88182	0.052378938	0.015503221	0.154	0.009742131833918392	0.003190359021206481	31.0	2427.869225025177
237	1170.1907	212.11685	1660.3627	961.18225	320.0	287.955	82.31964	361.57227	7.3579	952000	-1.525879e-08	114.874725	-0.024740525	-45.455925	0.05119471	0.015322591	0.17	0.01017270597629249	0.005325223492621908	79.0	2438.5775690078735
238	1965.3176	772.6759	3512.7317	1135.0251	541.8571	317.6758	66.82999	364.53845	4.6423683	956000	-1.2397766e-08	107.88063	-0.0239863	-45.41726	0.04551669	0.015079304	0.20225	0.008857490301597864	0.003200850491860621	53.0	2449.344245672226
239	1573.7561	727.5508	3397.6555	1012.7361	430.22223	306.73663	78.09297	369.1269	5.6994696	960000	-1.6033649e-08	79.664635	-0.02638255	-17.747822	0.034431066	0.012960866	0.16875	0.010450585796497762	0.004791932782854752	79.0	2459.5735580921173
240	1246.8871	452.98077	2537.6533	793.01666	345.0	295.62546	80.482376	365.33777	0.5008149	964000	-8.5830685e-09	257.4164	-0.011687603	-161.50171	0.031773683	0.015044616	0.158	0.009087725197896362	0.003642119784877474	8.0	2469.292145252228
241	1623.1404	485.71014	2370.9155	1019.40424	444.2857	314.67807	74.43727	367.2854	6.7992554	968000	2.4557114e-08	74.058685	-0.010981172	-28.656094	0.030713158	0.015364049	0.20075	0.008643667253199965	0.002983310291809315	9.0	2478.885307788849
242	1922.0033	796.4168	3510.9617	1038.6178	530.0	319.8841	68.96742	366.64407	9.6754	972000	3.5762787e-10	96.35024	-0.024484593	-39.543407	0.026857771	0.014320773	0.15775	0.009233931174967437	0.0034984287117699854	79.0	2488.7592856884003
243	1984.5895	858.341	3452.4382	1251.8082	550.5714	323.4337	68.414566	367.78513	5.3447757	976000	1.6450882e-08	99.11711	-0.022902159	-35.31312	0.019061485	0.015115351	0.1595	0.009993781375233084	0.0032971514564686024	38.0	2498.5499691963196
244	1627.3612	782.8808	3470.1882	1059.8572	452.85715	322.4156	68.586266	369.61627	6.5211763	980000	-1.2397766e-08	80.6763	-0.013383525	-28.228458	0.022315463	0.015176714	0.1745	0.007659766641445458	0.0034078179425847386	14.0	2508.1290986537933
245	1581.7391	586.585	2581.335	1044.1521	437.57144	312.66843	73.45439	369.35248	3.2587771	984000	2.3901462e-08	140.0084	-0.010130305	-62.180466	0.02149276	0.015417166	0.19775	0.009632374730426819	0.004023332410652862	9.0	2517.50252866745
246	2553.7686	1149.6364	3568.7566	1099.2672	725.0	337.99826	46.497757	369.74374	11.534643	988000	1.692772e-08	42.42987	-0.02706763	-9.095097	0.023320356	0.011657391	0.16425	0.009418777476530521	0.00340391857016678	79.0	2527.4298355579376
247	1689.5582	484.71817	2397.4565	1120.5094	463.625	308.3247	74.87853	369.9661	-2.527031	992000	2.9802322e-10	67.96173	-0.027648436	-19.354557	0.019758584	0.015331252	0.19925	0.010119241180364042	0.004596143059880852	65.0	2537.259250164032
248	1563.9691	843.773	3487.0593	772.61115	438.125	316.20743	70.878654	370.29538	1.6863594	996000	3.7550926e-08	333.01862	-0.004210466	-198.719	0.016382614	0.016913101	0.19775	0.010246144686825574	0.004483801898030743	3.0	2546.7258236408234
249	2716.5435	883.6321	3455.0837	1321.6128	783.8	342.69775	45.644947	370.80377	11.028927	1000000	-1.0728836e-09	159.49974	-0.027592769	-80.332565	0.016352138	0.0151485745	0.17725	0.009383232849650085	0.004004017308649097	73.0	2556.5579023361206
250	1996.5771	887.4154	3492.7632	1177.045	554.1667	325.5154	64.61697	365.5372	4.2865996	1004000	3.170967e-08	79.054085	-0.00816219	-35.513077	0.0020114186	0.016304178	0.14175	0.009256110368296504	0.004094729010802987	7.0	2565.99209856987
251	3439.2178	37.47515	3495.9275	3391.5818	1000.0	353.6252	14.791279	370.94208	266.5736	1008000	-1.5348196e-08	55.014427	-0.023232225	-12.398048	0.00091814995	0.0071204617	0.15175	0.008776605343446136	0.002821107100450087	79.0	2575.9314856529236
252	2675.5566	555.5626	3471.239	1751.0602	734.4	330.37988	63.267315	370.35666	11.905815	1012000	1.7464162e-08	82.013985	-0.026828436	-41.64306	-0.014226117	0.014559604	0.177	0.009792032223194837	0.004300408792335137	79.0	2585.7970402240753
253	1707.6699	851.95	3419.6013	906.2156	476.125	316.1328	71.53964	372.79065	3.4603362	1016000	-1.3113022e-08	110.16159	-0.014249058	-40.480972	-0.029076813	0.015295937	0.13875	0.008468149465043097	0.003556238119923442	10.0	2595.415903568268
254	1748.6719	412.37128	2316.94	1084.906	478.25	310.21237	76.796394	370.3401	7.4989862	1020000	1.0609627e-08	70.67019	-0.0073763467	-17.016628	-0.028355917	0.01742045	0.21875	0.00847944927867502	0.0032175069687514248	6.0	2605.1902990341187
255	1388.4161	525.16736	2496.6663	946.8143	381.5	298.93625	80.66078	372.01837	6.7813244	1024000	-3.194809e-08	55.490616	-0.026464924	-16.280434	-0.029344913	0.01516974	0.16	0.009113965267315506	0.004953087699678505	71.0	2615.3248405456543
256	1283.0151	241.3765	1886.323	1041.976	349.0	291.3422	79.96418	365.44232	2.962986	1028000	-7.2717667e-09	45.976864	-0.026759164	-13.718426	-0.025767801	0.010625326	0.17275	0.008048198723699898	0.002852843489527165	79.0	2625.0640070438385
257	1396.6194	453.02484	2257.4336	996.70056	380.5	298.31482	78.68639	366.14462	6.2534823	1032000	1.2397766e-08	38.156837	-0.027812757	-9.616241	-0.035835266	0.01120023	0.19025	0.008174184488598257	0.004092509791500192	79.0	2634.69832611084
258	1198.8732	348.5563	2278.549	983.4575	329.75	287.19238	82.33431	371.49292	8.234839	1036000	6.6757204e-09	51.162956	-0.025408182	-24.830374	-0.053315043	0.015115466	0.18975	0.007212972396519035	0.002643974493934441	76.0	2644.4624078273773
259	1426.0298	441.62173	2556.7114	1049.1804	390.8	300.0082	78.75549	368.56924	4.451974	1040000	2.3841858e-08	85.67133	-0.009055342	-33.746895	-0.0618219	0.015616308	0.15925	0.007254271854180843	0.0025171359773242864	7.0	2653.933631181717
260	1758.9749	544.972	2664.819	1224.9996	480.0	309.43488	74.61637	371.67975	7.0860963	1044000	6.7949295e-09	39.648346	-0.021880379	-23.15503	-0.062001023	0.015086976	0.16175	0.007311626076698303	0.0026480898903388068	62.0	2663.70369553566
261	1368.9454	262.82764	1865.6217	1073.8668	374.3	297.88358	79.754005	370.57648	6.4958987	1048000	3.051758e-08	42.266796	-0.0062888176	-14.803854	-0.06807165	0.015511062	0.163	0.007698133930098265	0.0033078500832564315	3.0	2673.20956325531
262	1712.117	242.86726	2021.5967	1327.7113	467.25	312.65958	74.45171	373.09714	5.9294415	1052000	4.887581e-09	56.47742	-0.01074779	-17.823109	-0.06841446	0.016717184	0.20275	0.007203844129107893	0.0028421569483084285	11.0	2682.836058139801
263	1819.4545	746.61615	3458.4275	1024.0332	507.0	323.03232	68.56475	372.53397	4.998992	1056000	4.9114227e-08	72.135216	-0.009925762	-18.997051	-0.07181823	0.015471187	0.13	0.007871138018090277	0.003172034813192789	10.0	2692.211228609085
264	2444.683	754.4372	3479.522	1751.9075	684.6	332.41483	58.475563	373.67355	8.005848	1060000	6.198883e-09	56.377068	-0.011430716	-20.51421	-0.074522816	0.015382565	0.1285	0.007986645202618093	0.003186208916337738	11.0	2702.342260360718
265	1115.5055	251.11208	1746.3331	878.5432	311.66666	282.17532	82.10663	367.40546	8.305155	1064000	2.6226044e-08	120.377045	-0.025054885	-79.5242	-0.07854716	0.015411895	0.19025	0.007593454068992287	0.002918741002858036	77.0	2713.217310667038
266	1419.7311	347.7213	2207.8628	1080.7812	391.3	289.32742	78.44776	367.22348	9.70132	1068000	-2.8371812e-08	100.511894	-0.01696735	-76.31249	-0.08907919	0.015849115	0.154	0.008015479354653507	0.0032482576221706787	14.0	2723.3819856643677
267	1989.9489	996.18195	3553.2273	1048.5607	558.4286	323.171	65.27451	374.85275	6.057651	1072000	3.576279e-08	34.622402	-0.012263097	-13.436827	-0.09227898	0.015056078	0.19325	0.008827783225569874	0.0037763182356377483	12.0	2733.877780675888
268	1738.2566	869.2328	3480.297	1013.11945	487.75	315.001	73.876686	374.61288	1.8560829	1076000	-2.193451e-08	44.993843	-0.029535793	-21.506918	-0.093339965	0.012138894	0.20625	0.009046095733065158	0.0037974302103299597	79.0	2744.8546900749207
269	1286.4495	330.8578	2246.8806	1030.4926	360.0909	287.1671	82.77828	372.18033	-1.3120737	1080000	2.3841857e-09	58.955868	-0.015853155	-26.030972	-0.109902464	0.015096987	0.13425	0.007575903064571321	0.0038031962329325157	19.0	2755.567626953125
270	1397.2343	255.90575	1878.5634	887.7885	396.3	291.47824	79.130844	368.7871	-3.7697973	1084000	-3.218651e-09	133.65297	-0.028295415	-81.01915	-0.10962206	0.0138484165	0.178	0.008084792629815638	0.0029500756384179924	79.0	2765.55322766304
271	1501.2339	396.60117	2504.7908	1145.9103	420.44446	290.88113	78.68264	366.84317	1.2794952	1088000	-2.5570392e-08	82.254234	-0.024266507	-45.859837	-0.117631555	0.015075587	0.1745	0.007932019480504095	0.0032762636785970806	50.0	2775.485697031021
272	1915.0217	785.4764	3455.6895	839.56964	538.5714	312.6285	69.94375	367.46722	8.196832	1092000	2.9563903e-08	78.12133	-0.0024402875	-44.261353	-0.1279551	0.015945248	0.1855	0.007721901128534227	0.0029363914252586542	2.0	2785.235771417618
273	3416.2344	18.818085	3445.296	3392.7163	1000.0	355.76675	16.61374	374.11224	263.63718	1096000	6.437302e-09	75.73164	-0.024575762	-48.005054	-0.12826642	0.008414254	0.15875	0.008177254621405155	0.003695880433492987	79.0	2795.371864080429
274	3469.486	53.453278	3561.693	3432.6714	1000.0	350.01196	18.946962	367.4108	205.00279	1100000	-3.5762786e-09	35.5759	-0.020904953	-16.952942	-0.14062883	0.015128928	0.15325	0.009104774640873075	0.0034717671653267663	55.0	2805.5294365882874
275	3438.7717	10.2332115	3446.818	3421.2002	1000.0	352.38126	14.819002	370.7068	262.7968	1104000	-6.6757204e-09	43.27413	-0.0026614598	-8.285381	-0.14755827	0.015224383	0.2295	0.008865209305658936	0.003228810550159827	2.0	2815.1715819835663
276	2663.7583	553.56433	3474.2683	1978.9115	742.2	332.0031	54.846306	369.65332	16.758026	1108000	2.2292138e-08	109.33656	-0.006532106	-85.65785	-0.14809401	0.015734866	0.1505	0.009350067509803921	0.003939613948394864	7.0	2825.3082468509674
277	1585.0071	485.34393	2315.5427	1048.0496	436.0	303.75772	77.908745	370.81372	9.496389	1112000	3.004074e-08	34.100555	-0.027905762	-9.911373	-0.14931463	0.015015928	0.199	0.008611918792594224	0.003669761001131642	63.0	2835.5231370925903
278	1205.7485	178.71048	1691.8029	1012.5881	331.66666	286.14395	81.61562	363.95123	1.848146	1116000	-5.722046e-09	63.23591	-0.02663207	-20.927605	-0.16087116	0.014721033	0.17175	0.00800179317360744	0.0030039511566842146	79.0	2845.7947223186493
279	1266.4523	357.41397	2346.973	1021.21295	348.36365	289.31976	79.55587	365.66943	-1.9174285	1120000	5.841255e-09	43.642853	-0.022384662	-18.559484	-0.16164878	0.015219661	0.157	0.00829299765639007	0.0038753507942600267	38.0	2856.047941684723
280	1443.2109	575.4937	2609.2202	918.00244	395.2	297.51996	79.85317	372.53592	3.8108368	1124000	-2.4795533e-08	48.7467	-0.0281086	-17.756319	-0.17276336	0.010186335	0.1815	0.00801208887482062	0.00344092245092722	79.0	2866.476756334305
281	1617.565	730.10223	3600.3171	1082.664	444.33334	306.4954	75.33986	372.3846	8.680554	1128000	-1.4424324e-08	25.011868	-0.0013374524	-10.120841	-0.17096135	0.018206442	0.23675	0.007130384512711316	0.003113905330228036	2.0	2876.2396986484528
282	3216.9731	471.1485	3516.3372	2401.8154	916.25	351.78662	31.881315	374.61227	11.552133	1132000	-6.9141386e-09	52.65652	-0.025254237	-34.192318	-0.17136689	0.008647664	0.14225	0.0071506804809905586	0.002565011472463581	79.0	2886.4876248836517
283	2232.863	1017.98444	3479.4556	1262.0243	630.0	337.6587	55.69697	375.54608	5.3788705	1136000	4.8577786e-09	105.18239	-0.029465739	-73.978645	-0.16956544	0.010801161	0.20725	0.008018572754226625	0.0027478362860026795	79.0	2896.2472155094147
284	2570.1926	1148.056	3559.4202	1019.32965	722.2	338.9034	52.834133	370.81348	2.4507017	1140000	-2.026558e-08	37.786713	-0.030080901	-10.65489	-0.1912994	0.015474995	0.209	0.008062068712897599	0.0028830881460102315	67.0	2905.9029548168182
285	3406.761	113.165184	3485.056	3211.6711	968.0	351.34964	33.69599	372.51944	8.348852	1144000	-5.2928925e-08	23.435461	-0.025807722	-5.1056023	-0.20575602	0.01374888	0.18575	0.007017739831935614	0.0023821813926910803	79.0	2915.8309886455536
286	2786.5288	796.938	3480.0317	1748.6871	794.6	347.59293	42.800243	373.37854	4.485634	1148000	1.7285346e-08	1773.0634	-0.006068549	-427.3014	-0.21520033	0.015183979	0.23375	0.007425587885081768	0.003434512611512216	5.0	2925.4673924446106
287	3481.7065	20.181173	3516.0864	3464.887	1000.0	344.25665	16.866453	368.52023	259.6612	1152000	2.8729438e-08	199.1932	-0.011714491	-160.61679	-0.21619609	0.0164453	0.177	0.008195012775249779	0.003219088841137943	12.0	2934.903416156769
288	2757.2622	917.73425	3489.149	1178.1256	775.8	337.82712	51.648293	369.24496	19.254766	1156000	3.3736228e-08	46.278572	-0.008114012	-27.28948	-0.21726528	0.017126221	0.16375	0.007462497807573527	0.002751338273202981	5.0	2944.3793654441833
289	3329.7544	209.6077	3464.1577	2967.1719	957.0	349.64023	32.307816	373.87625	5.513502	1160000	-1.2040139e-08	47.503223	-0.02681398	-14.404644	-0.21702336	0.012225609	0.15825	0.007640106715261936	0.0032793665832633054	79.0	2954.3519444465637
290	3193.3777	506.0223	3543.4053	2319.308	903.5	343.74045	45.571587	372.58368	7.2917027	1164000	1.3113022e-08	41.205433	-0.027834252	-16.356857	-0.21339338	0.014309321	0.1855	0.006866892538964748	0.002727325077150619	79.0	2964.1652805805206
291	2397.8289	840.4616	3494.5977	1198.463	666.5	329.24307	63.78865	372.40704	3.8464355	1168000	-7.033348e-09	79.18368	-0.02105106	-32.27569	-0.22575015	0.015141145	0.1755	0.007609771045390516	0.0029700655016549724	50.0	2974.2696895599365
292	2697.0898	1245.3295	3551.1313	552.96277	759.25	345.41064	44.956566	372.88498	7.2954836	1172000	1.9431114e-08	1663.5261	-0.0043220012	-1055.8093	-0.23571077	0.021154622	0.2175	0.006609994375612587	0.0024405612568967933	2.0	2983.7754995822906
293	2840.853	583.20447	3486.1516	2177.7322	794.0	337.51215	53.36391	375.37277	8.536764	1176000	-1.1444092e-08	202.59514	-0.02663228	-171.49974	-0.23651864	0.012442333	0.17625	0.009270647363737226	0.004437347878299695	79.0	2993.836849451065
294	2809.8252	705.3093	3507.2532	1962.5201	785.75	345.9375	46.124363	374.28302	10.522137	1180000	2.9742719e-08	50.51253	-0.026617398	-25.565235	-0.24155803	0.008204924	0.16125	0.007064533592201769	0.0028231360973065083	79.0	3004.002869129181
295	2021.9955	801.5462	3484.4458	1346.9343	557.2857	328.76263	64.16091	376.5535	11.466787	1184000	-1.9073486e-08	169.01704	-0.0064321095	-118.30937	-0.24940658	0.017175948	0.17075	0.006731998645700514	0.00317613513289876	3.0	3013.702213048935
296	2240.9512	314.2345	2745.228	1964.9761	612.6667	325.34076	69.686424	378.49536	13.576274	1188000	2.3543835e-08	71.815765	-0.02831914	-24.602886	-0.24939334	0.0128237875	0.1535	0.006719900309108197	0.0028393768139228404	79.0	3022.827554702759
297	2078.286	564.18085	2878.5715	1265.5621	565.6667	324.3035	68.015175	377.19525	11.31382	1192000	-3.349781e-08	53.15323	-0.02897683	-28.684818	-0.2542741	0.0143245375	0.20125	0.00764471590751782	0.0027191662898756568	79.0	3031.454137802124
298	2960.2405	909.6344	3506.5833	1384.9816	844.75	355.38562	35.99792	379.7221	7.6469383	1196000	5.2452087e-08	52.551174	0.0016195631	-30.590885	-0.26794174	0.015621966	0.22275	0.006624570472631604	0.00241347015258425	2.0	3039.500317811966
299	1258.8423	197.29735	1534.8248	874.7184	344.54544	289.50174	82.73668	367.68353	15.193125	1200000	2.9802323e-09	156.2757	-0.026937278	-110.36049	-0.26764515	0.012985155	0.18575	0.0073611985566094515	0.003292030811807621	79.0	3047.6924707889557
