Epoch	AverageEpRet	StdEpRet	MaxEpRet	MinEpRet	EpLen	AverageVVals	StdVVals	MaxVVals	MinVVals	TotalEnvInteracts	LossPi	LossV	DeltaLossPi	DeltaLossV	Entropy	KL	ClipFrac	StopIter	Time
0	16.275919	15.272206	173.76208	5.067839	17.064102	0.063884266	0.08691635	0.26567084	-0.29206732	4000	1.168251e-08	338.17734	-0.026582351	-86.226776	0.91893864	0.0077243033	0.22225	79.0	2.8100602626800537
1	28.29948	28.295729	153.68231	5.1132803	23.349112	5.0559134	0.36695248	5.2501764	-0.25128633	8000	-8.106232e-09	772.781	-0.018610729	-120.68036	0.8990702	0.02007009	0.2985	6.0	5.043411016464233
2	51.11057	48.95686	225.14413	6.4635086	34.964912	9.049549	0.15175746	9.091084	5.303041	12000	-5.9962275e-08	1831.4009	-0.014512918	-223.83606	0.89849645	0.020647569	0.253	5.0	7.240217208862305
3	89.314026	62.736645	232.89293	6.9555206	52.648647	13.309726	0.028954362	13.31963	12.672196	16000	-1.3589859e-08	3067.4495	-0.009215359	-349.76685	0.8979462	0.016763212	0.1795	6.0	9.710387468338013
4	109.26615	55.55474	240.69641	9.761438	60.369232	17.727613	0.0122610545	17.731256	17.432034	20000	1.5509129e-07	2846.2898	-0.015579488	-288.12622	0.8972702	0.007930274	0.0975	79.0	12.963788032531738
5	135.33784	56.38151	248.33685	35.188732	70.21429	21.416082	0.0041317856	21.417542	21.327879	24000	5.400181e-08	3426.814	-0.01483334	-321.14844	0.89046216	0.004603324	0.0725	79.0	16.177059173583984
6	144.0704	59.889084	240.90103	7.8308735	76.38461	25.064377	0.0040948424	25.06535	24.903767	28000	2.4318695e-08	3313.2358	-0.014283258	-279.8999	0.88729364	0.007770292	0.085	79.0	18.9629168510437
7	181.93272	48.123104	259.80765	48.842842	90.22727	28.367865	0.0036764902	28.368526	28.225994	32000	-3.3378602e-09	4101.5894	-0.016328339	-350.84058	0.8738593	0.005981215	0.0985	79.0	21.637903213500977
8	183.55756	47.09254	245.2434	70.495	89.11364	31.908314	0.002007736	31.908756	31.838549	36000	7.367134e-08	3887.7175	-0.011892073	-310.74243	0.8636218	0.008596991	0.07775	79.0	24.5162193775177
9	191.29498	38.44029	232.7786	62.867973	90.790695	35.1795	0.0012686683	35.179855	35.14547	40000	6.651879e-08	3872.158	-0.015970247	-298.57593	0.8592141	0.00909935	0.0945	79.0	27.272602081298828
10	199.95926	32.273968	241.16383	84.98237	94.5	38.3209	0.0011385676	38.32118	38.29643	44000	4.315376e-08	3651.9146	-0.013441196	-267.9297	0.8657572	0.012315787	0.1105	79.0	30.024028539657593
11	205.13464	17.734476	234.62363	118.15402	95.02381	41.26965	0.001070358	41.269897	41.242306	48000	-2.169609e-08	3513.5244	-0.00904318	-249.4646	0.8478389	0.0026116082	0.063	79.0	32.77065110206604
12	200.81775	22.979176	235.75037	93.842155	91.790695	44.094585	0.000878176	44.094795	44.06697	52000	-2.9087067e-08	3224.484	-0.011985537	-217.97363	0.83042437	0.0044719083	0.06625	79.0	36.44627070426941
13	201.52539	19.771124	228.86908	127.135284	91.11628	46.73603	0.0007304631	46.736206	46.71936	56000	2.783537e-08	3120.064	-0.010904329	-203.10205	0.8304766	0.0060700406	0.0775	79.0	40.22029733657837
14	201.78589	11.490305	217.73767	151.28322	90.77273	49.284733	0.00063665764	49.284893	49.276047	60000	-3.361702e-08	2838.2832	-0.008710739	-176.84253	0.8253721	0.0023612196	0.04525	79.0	43.223698139190674
15	203.13574	24.027655	227.24133	69.06498	91.325584	51.678032	0.00066632393	51.678192	51.658695	64000	-1.0251999e-08	2796.704	-0.011676679	-166.49976	0.8260066	0.0016223781	0.05775	79.0	46.14049768447876
16	198.82382	35.112686	227.87956	31.458838	89.431816	54.008892	0.00051453925	54.009014	53.99908	68000	-3.349781e-08	2599.3665	-0.011368674	-144.90405	0.8267109	0.0037912198	0.06275	79.0	48.895939111709595
17	207.70424	11.071844	224.54927	179.29243	92.674416	56.205578	0.00047036863	56.20569	56.198997	72000	-1.1920929e-09	2528.4238	-0.011911808	-139.62207	0.8297181	0.004019771	0.079	79.0	52.3633918762207
18	201.09984	28.334177	229.35326	73.03869	90.25	58.37409	0.0004766238	58.374195	58.36565	76000	5.197525e-08	2316.1423	-0.013468472	-113.60571	0.83425945	0.0037196348	0.07675	79.0	55.64360499382019
19	206.83705	12.179568	225.14069	157.02882	92.76744	60.36085	0.00044352256	60.360947	60.351757	80000	-9.727478e-08	2230.132	-0.0113905445	-107.31543	0.84494174	0.004564519	0.074	79.0	58.38627290725708
20	208.2192	10.061706	223.9564	175.81978	93.309525	62.305313	0.00036760882	62.305397	62.301098	84000	-2.4557114e-08	2192.5452	-0.010520508	-103.10132	0.8544452	0.0051269303	0.0785	79.0	61.43273162841797
21	209.72914	8.520509	221.70204	183.80899	93.38095	64.23322	0.0003575681	64.23331	64.22891	88000	3.8504602e-08	2137.9766	-0.012383995	-96.36963	0.8536072	0.0056068315	0.08825	79.0	64.83938074111938
22	207.91621	11.133403	228.47258	178.45355	92.906975	66.1209	0.00032496644	66.12099	66.115746	92000	-1.013279e-08	1963.9526	-0.012114726	-76.9447	0.86267453	0.0054563363	0.0685	79.0	68.61730575561523
23	207.9886	8.84782	222.84975	188.07506	92.93023	67.83806	0.00036471	67.83812	67.82874	96000	1.29342075e-08	1888.6829	-0.012368297	-68.0686	0.8700866	0.0056642047	0.07575	79.0	72.15968132019043
24	206.29456	9.751458	225.03207	185.80222	92.860466	69.47114	0.00028920255	69.47121	69.464424	100000	2.0384789e-08	1754.7363	-0.010792042	-54.173462	0.8663178	0.0020899526	0.07675	79.0	76.04691481590271
25	198.71289	18.225824	235.17441	143.3366	90.068184	70.95589	0.00027356241	70.955956	70.9534	104000	-1.2397766e-08	1586.5767	-0.01636137	-36.971924	0.8535386	0.010872536	0.0995	79.0	80.07336282730103
26	204.02475	12.661343	223.46596	158.97794	91.88372	72.209656	0.00025715717	72.2097	72.20521	108000	-1.2397766e-08	1629.4875	-0.013555513	-39.573975	0.8488093	0.0059745885	0.06225	79.0	83.42725372314453
27	202.25252	12.968385	226.13994	172.66461	91.209305	73.51183	0.0006720785	73.5119	73.47422	112000	1.2397766e-08	1589.8875	-0.015612027	-35.02478	0.8456488	0.0038849984	0.10875	79.0	86.44905138015747
28	201.11598	25.840675	222.41705	47.973705	90.36364	74.766014	0.00022433288	74.76606	74.76278	116000	9.298325e-09	1558.156	-0.012533457	-29.389038	0.84906155	0.008378846	0.076	79.0	90.30088376998901
29	201.15343	17.468924	224.16316	136.50233	90.431816	75.93683	0.0002977137	75.93689	75.93019	120000	2.3007393e-08	1496.004	-0.016838796	-23.23523	0.8612941	0.01020799	0.0875	79.0	94.31589889526367
30	206.47856	12.356249	223.7947	165.77524	92.4186	76.998985	0.00023531247	76.99902	76.99307	124000	-1.1205673e-08	1525.5405	-0.010877867	-25.614258	0.8658998	0.005708032	0.07	79.0	97.4332628250122
31	206.55493	9.9851265	224.47124	177.98395	92.674416	78.123924	0.00027718695	78.12399	78.11342	128000	-4.053116e-09	1509.3226	-0.013019969	-21.200317	0.875681	0.0034376525	0.0805	79.0	100.55736303329468
32	206.41081	13.229643	229.29868	147.92677	92.51163	79.17513	0.00025594945	79.175186	79.165276	132000	4.172325e-09	1477.7655	-0.014250384	-18.408813	0.886737	0.007455472	0.09725	79.0	103.61434841156006
33	208.79102	8.177508	225.79573	186.69273	93.47619	80.171	0.00017562098	80.17104	80.16852	136000	-9.894371e-09	1502.8779	-0.016411413	-19.750854	0.87997454	0.0055333837	0.1	79.0	106.31734824180603
34	204.23953	15.259621	226.43944	138.23468	91.906975	81.215546	0.00036087766	81.2156	81.203285	140000	-2.9563903e-08	1414.796	-0.013222233	-10.543213	0.88228834	0.004716041	0.078	79.0	109.51216316223145
35	204.68811	16.963564	223.32965	116.82364	92.16279	82.010826	0.00015639594	82.010864	82.008606	144000	-3.242493e-08	1424.3688	-0.014175585	-8.465942	0.8872258	0.005843074	0.086	79.0	112.56244611740112
36	209.35063	7.0769277	223.24155	194.05699	93.7381	82.72658	0.00015098628	82.726616	82.72484	148000	-3.528595e-08	1440.4296	-0.013589325	-11.756836	0.88238406	0.0074008736	0.084	79.0	115.60641264915466
37	207.53944	10.2987175	222.6253	185.10497	92.860466	83.57511	0.0001436764	83.57514	83.57337	152000	1.692772e-08	1418.7819	-0.014801203	-7.477295	0.8973235	0.00661699	0.07625	79.0	118.63568902015686
38	204.62701	8.895967	224.42563	181.65492	92.0	84.28075	0.00014735258	84.28079	84.27861	156000	3.2305717e-08	1370.8236	-0.015172616	-3.9239502	0.89427245	0.007815499	0.085	79.0	121.68853759765625
39	202.84062	29.075935	226.50801	36.415215	91.06977	84.80478	0.00013415505	84.8048	84.80299	160000	-9.179115e-09	1468.3853	-0.015632337	-5.735718	0.90950155	0.003558956	0.088	79.0	124.55186700820923
40	207.98653	11.11638	225.0168	178.96553	92.95349	85.4324	0.00012716978	85.43244	85.43113	164000	7.927418e-09	1416.1042	-0.016031517	-4.2403564	0.89218944	0.006779472	0.11475	79.0	127.40824174880981
41	205.00316	16.547684	229.13782	130.01054	91.46512	85.99364	0.000118570526	85.99368	85.99189	168000	-4.351139e-09	1393.4066	-0.013918408	-3.3555908	0.88305694	0.0026544956	0.07675	79.0	130.53461337089539
42	206.98367	14.316935	226.0404	144.82526	92.4186	86.501236	0.00011578055	86.50126	86.499825	172000	-1.6689301e-09	1387.306	-0.01484615	-2.250122	0.88205475	0.0046604816	0.09125	79.0	135.77329564094543
43	208.7747	9.269796	224.43193	187.81128	92.790695	86.92754	0.00011856445	86.92756	86.924995	176000	-1.4781952e-08	1391.6865	-0.012592632	-2.7106934	0.87842673	0.0061414805	0.08	79.0	140.95362854003906
44	209.46754	9.395045	230.3042	191.46138	93.54762	87.39714	0.00010510983	87.397156	87.39531	180000	-1.3113022e-08	1410.0735	-0.0131866215	-2.9580078	0.8901937	0.004673303	0.078	79.0	146.06462812423706
45	206.48248	15.549544	229.20093	134.19954	92.790695	87.899216	9.909523e-05	87.89924	87.89831	184000	7.867813e-09	1383.044	-0.013531519	-0.34448242	0.8841425	0.0039735627	0.07325	79.0	150.72388291358948
46	205.23833	10.438387	225.59604	182.62299	91.93023	88.09287	0.00010142519	88.0929	88.09083	188000	6.496906e-09	1343.5227	-0.012941349	-0.16271973	0.88535124	0.0070695425	0.0725	79.0	153.88392305374146
47	203.3239	20.49217	231.0278	89.9776	91.209305	88.217514	9.5665426e-05	88.217545	88.215904	192000	1.26361845e-08	1392.6719	-0.014199577	-0.30493164	0.9019152	0.0034453091	0.0725	79.0	156.5623495578766
48	205.31342	9.880614	228.89272	166.54155	92.209305	88.38666	9.513613e-05	88.386665	88.384224	196000	-1.4305115e-09	1334.7893	-0.015863644	-0.02746582	0.8929141	0.0100250365	0.1035	79.0	159.4676067829132
49	209.25235	7.880483	225.32529	184.21165	94.11905	88.44588	9.31883e-05	88.44589	88.44357	200000	9.834767e-09	1376.0757	-0.011603538	-0.41149902	0.8836822	0.005546362	0.064	79.0	162.41267895698547
50	209.85245	10.265369	228.42464	187.41983	94.47619	88.64565	8.84518e-05	88.645676	88.6436	204000	-7.033348e-09	1377.076	-0.01641738	-0.4281006	0.89548755	0.004325862	0.11	79.0	165.94358205795288
51	207.91518	11.259073	237.28537	166.25647	93.92857	88.862045	8.1032646e-05	88.86207	88.86094	208000	-2.6226044e-09	1362.1116	-0.01777722	-0.03564453	0.8850351	0.0072479183	0.11875	79.0	169.20638465881348
52	209.51611	10.693455	233.2833	185.90504	93.833336	88.93384	0.00017672278	88.93387	88.926285	212000	1.0848045e-08	1375.4374	-0.014094806	-0.6212158	0.88694656	0.0056276545	0.098	79.0	172.39607644081116
53	204.21779	12.8859625	224.61479	142.99812	92.16279	89.19445	8.138136e-05	89.19449	89.19317	216000	2.1457671e-09	1334.5367	-0.01900654	-0.3852539	0.88142675	0.009171858	0.09075	79.0	175.08341813087463
54	202.9387	18.141354	222.75206	117.74733	92.18604	89.00015	0.0001103259	89.000175	88.99716	220000	-1.0251999e-08	1356.3317	-0.014923329	-0.9090576	0.90054816	0.007859904	0.10125	79.0	177.93490648269653
55	200.96777	27.631163	222.95686	32.829815	90.65909	88.66296	7.142077e-05	88.66299	88.66172	224000	-1.4781952e-08	1364.6658	-0.014573466	-0.3330078	0.89145595	0.007226947	0.084	79.0	180.76171231269836
56	201.38199	25.831415	230.87608	50.111485	90.906975	88.44531	6.509834e-05	88.44534	88.44476	228000	8.46386e-09	1420.6239	-0.014561038	-0.06616211	0.88583976	0.0053436626	0.0915	79.0	183.7697365283966
57	201.43727	12.646974	223.01222	160.64163	90.77273	88.527885	6.481349e-05	88.5279	88.52664	232000	1.66893e-08	1320.1102	-0.017895825	-0.7241211	0.8885774	0.0109773725	0.12625	79.0	186.89090728759766
58	198.68686	17.320871	217.19766	114.08189	90.47727	88.22473	6.134242e-05	88.22476	88.22421	236000	-1.3589859e-08	1320.2334	-0.014885403	-2.3760986	0.90309113	0.0054705627	0.07675	79.0	193.42733526229858
59	203.07953	11.052937	220.04262	159.91951	92.0	87.63873	5.6200603e-05	87.63875	87.63822	240000	-1.1503697e-08	1314.8547	-0.01394302	-0.055664062	0.90800357	0.0044227405	0.096	79.0	197.1617283821106
60	204.16568	10.812111	219.34933	153.6764	92.06977	87.51777	5.141173e-05	87.51778	87.51727	244000	1.9073487e-09	1323.5894	-0.014503005	-0.05102539	0.8895094	0.005559923	0.0735	79.0	200.6081964969635
61	204.29971	10.430622	228.39153	174.59322	92.46512	87.601845	4.998811e-05	87.60185	87.60135	248000	7.7486035e-09	1328.9552	-0.014575638	0.00012207031	0.90016234	0.00456513	0.0725	79.0	205.099276304245
62	198.81496	30.314865	226.48325	52.129807	90.181816	87.60858	4.8728634e-05	87.60858	87.608116	252000	-5.3644182e-09	1360.7378	-0.016196538	-0.18408203	0.9025163	0.007260383	0.08925	79.0	210.97244954109192
63	202.45108	25.944994	225.64705	46.395245	91.30232	87.43648	4.673993e-05	87.43648	87.43601	256000	-4.2915342e-09	1380.2408	-0.017502306	-0.7940674	0.90768564	0.0068437643	0.088	79.0	216.0960190296173
64	208.38681	10.871253	232.47997	185.00151	94.14286	87.79297	4.6148692e-05	87.79297	87.79241	260000	-1.4066696e-08	1362.7642	-0.019907016	-0.86987305	0.9136156	0.0064729764	0.14275	79.0	220.1275680065155
65	208.65921	15.653728	227.70708	122.06308	94.21429	88.20047	4.4206892e-05	88.20049	88.20006	264000	2.193451e-08	1392.8596	-0.01766586	-0.5819092	0.8953886	0.008549929	0.1055	79.0	226.65405774116516
66	207.57996	19.697712	226.83595	115.747574	93.7381	88.54275	4.7724745e-05	88.54278	88.542366	268000	-1.2278557e-08	1403.8348	-0.019011177	-0.4020996	0.9059733	0.010977831	0.1015	79.0	229.80597949028015
67	207.80827	11.546385	232.90858	170.83394	94.02381	88.8325	4.1890864e-05	88.832504	88.832016	272000	-7.7486035e-09	1363.8605	-0.017286772	-0.00012207031	0.9079374	0.008932798	0.08525	79.0	232.72602367401123
68	212.76193	9.705051	233.93127	189.5542	95.39024	88.85522	3.840038e-05	88.855225	88.85485	276000	-1.1920929e-09	1457.0905	-0.014484918	-4.1811523	0.9136377	0.0055803605	0.08625	79.0	236.99139666557312
69	209.97235	12.625496	240.52116	180.158	94.54762	89.77852	4.3324617e-05	89.7785	89.7781	280000	-2.2947788e-08	1390.5085	-0.017670643	-0.006591797	0.9277286	0.009527674	0.09375	79.0	241.30524063110352
70	209.18533	12.299707	230.86343	164.73282	94.11905	89.7626	3.6863872e-05	89.76261	89.76225	284000	4.6491624e-09	1378.5974	-0.01688789	-0.03125	0.9340045	0.0045832386	0.0935	79.0	244.15064215660095
71	211.37044	10.696002	231.46904	179.84903	95.09524	89.67426	3.55019e-05	89.67427	89.67376	288000	-2.861023e-09	1401.3295	-0.015096907	-0.018188477	0.9264493	0.003837231	0.08875	79.0	246.85974287986755
72	214.15773	10.766674	235.6177	188.10397	96.29269	89.7357	4.4675788e-05	89.73569	89.73441	292000	-5.2452087e-09	1410.9279	-0.01722418	-0.982666	0.91906935	0.008041249	0.09075	79.0	250.25533604621887
73	216.30766	12.654453	253.44614	191.30609	96.731705	90.22355	3.4640307e-05	90.22356	90.22309	296000	1.3589859e-08	1450.7831	-0.022099007	-1.5319824	0.9265995	0.010784117	0.11575	79.0	253.1359522342682
74	212.32257	23.978527	245.95258	93.88698	95.68293	90.86072	3.1357184e-05	90.860725	90.86041	300000	-2.3841857e-09	1483.2483	-0.0245493	-0.18933105	0.93150914	0.01349083	0.1295	79.0	256.5773890018463
75	210.88504	14.3169775	249.95609	171.78775	94.5	91.10692	3.6554873e-05	91.1069	91.106606	304000	-5.4836273e-09	1383.6395	-0.02080429	-0.42944336	0.94007224	0.013013285	0.10725	79.0	259.55395579338074
76	216.95177	16.68779	274.36188	181.99797	97.268295	90.77403	3.6251065e-05	90.77402	90.77367	308000	2.014637e-08	1468.4398	-0.019318784	-0.66552734	0.9485813	0.0075011053	0.0785	79.0	263.93138885498047
77	214.73955	12.110589	247.1394	194.3212	96.268295	91.19227	3.5500263e-05	91.192276	91.1914	312000	-4.529953e-09	1419.0725	-0.019365184	-0.052001953	0.96013963	0.0112608755	0.115	79.0	267.25888991355896
78	219.14319	20.619534	269.43765	142.72243	98.225	91.33397	3.5188594e-05	91.33396	91.33288	316000	-1.5735626e-08	1513.6755	-0.02146117	-2.3806152	0.9708159	0.006259615	0.1195	79.0	270.44467329978943
79	217.95322	17.219215	256.07733	154.19682	98.125	92.1857	2.815443e-05	92.185715	92.18544	320000	-5.00679e-09	1493.9187	-0.020803537	-0.1126709	0.958976	0.011044156	0.11025	79.0	274.49465346336365
80	219.41068	17.975494	266.04852	180.49028	98.375	92.40644	0.00015496853	92.40645	92.400345	324000	-7.2717667e-09	1506.2491	-0.021526331	-481.4436	0.97207624	0.008297162	0.1065	79.0	279.93936467170715
81	217.48087	33.82127	272.87463	51.325706	98.1	82.32357	13.745692	94.00668	22.259016	328000	-1.6093255e-08	1068.2556	-0.023390261	-611.5211	0.9859127	0.00965053	0.12375	79.0	283.5773239135742
82	227.7664	21.33975	289.38895	177.94614	101.07692	80.94004	28.702793	101.03632	9.123985	332000	1.001358e-08	481.68613	-0.022255775	-151.23541	0.98291796	0.010310442	0.12925	79.0	288.1741027832031
83	240.62233	30.635744	316.83334	186.24026	106.35135	85.95581	29.974703	106.50199	3.7433805	336000	3.7431718e-08	545.65283	-0.0054837638	-130.43741	0.9773792	0.017859878	0.188	4.0	290.6474995613098
84	253.03815	37.232334	319.78012	199.47852	110.77778	89.37333	31.17184	111.17805	-4.053504	340000	3.4809112e-08	569.8926	-0.0040339595	-135.97845	0.9772923	0.016678859	0.232	4.0	292.78201055526733
85	265.53198	37.36425	326.10214	195.2065	115.44118	94.05631	32.74966	115.61203	-32.190937	344000	-2.6702882e-08	625.8979	-0.0239642	-144.39114	0.97740036	0.013581831	0.1395	79.0	295.9999713897705
86	274.63342	42.458046	331.10764	200.17418	119.545456	96.48173	34.591656	119.69114	-15.683259	348000	-2.6822091e-09	615.806	-0.021970969	-125.86621	0.99152076	0.011768682	0.145	79.0	299.06252574920654
87	304.66312	28.844496	353.5221	226.16705	128.67741	97.80334	34.738594	123.527626	1.3074963	352000	-1.0073185e-07	717.73315	-0.020467535	-216.74377	0.98814833	0.015000027	0.13675	48.0	301.7829256057739
88	287.85944	36.187447	347.98602	191.44904	123.9375	104.92611	36.40189	128.08823	1.5934827	356000	3.015995e-08	509.60123	-0.02542529	-114.91199	0.9786321	0.014633009	0.14225	79.0	304.5441949367523
89	302.74988	26.300459	348.6702	204.41414	128.67741	103.321625	37.833416	130.9573	4.2210684	360000	-4.2915346e-08	430.23547	-0.0072275475	-111.30307	0.97873837	0.015259741	0.1915	6.0	306.82927083969116
90	306.67078	28.87651	343.23297	230.71468	131.66667	106.32108	38.81791	134.12921	3.044909	364000	4.1007997e-08	425.7125	-0.0054295156	-82.519775	0.97793305	0.01554534	0.15575	5.0	309.1700689792633
91	316.142	32.68718	379.81406	209.179	135.27586	107.89536	39.822388	136.88226	-0.42684937	368000	-5.1915645e-08	331.52277	-0.02299083	-75.10663	0.9771862	0.011616344	0.13475	79.0	314.9559977054596
92	318.80365	31.148123	369.17285	255.9417	136.96552	110.28547	41.177628	139.55176	-19.937748	372000	3.2484532e-08	362.56668	-0.013182373	-116.93553	0.9708309	0.015138004	0.1185	28.0	317.5157780647278
93	315.55026	39.83062	385.4613	187.36134	134.44827	112.22328	41.100418	142.13321	5.737853	376000	1.7166137e-08	417.55698	-0.01617509	-78.2854	0.9734292	0.01518261	0.11825	26.0	320.26613330841064
94	322.9744	29.856396	366.84174	227.0172	136.51724	112.4533	42.76776	144.20619	0.8370867	380000	-4.029274e-08	319.413	-0.019027779	-77.12459	0.97568506	0.00862917	0.12325	79.0	323.17309522628784
95	342.49298	27.930157	406.9552	295.71518	139.0	115.14546	42.395687	146.46008	1.5377469	384000	8.5830685e-09	399.27466	-0.020261679	-83.94061	0.9683711	0.009273692	0.1225	79.0	326.4528772830963
96	350.68588	37.036945	494.03732	297.87024	142.64285	117.07499	43.210087	149.37006	-2.3285146	388000	-5.066395e-09	415.0179	-0.021275626	-116.39462	0.95274156	0.011423031	0.131	79.0	329.7721629142761
97	338.58234	51.465534	521.94037	196.6267	135.06897	124.57745	42.85433	152.25394	-2.6126847	392000	1.168251e-08	462.66144	-0.018087022	-67.08081	0.93860805	0.015104201	0.15425	28.0	332.1815721988678
98	348.1723	62.75774	545.7009	202.14056	137.93103	123.30572	44.28401	154.48355	0.7852988	396000	-1.6331672e-08	714.0744	-0.02322508	-103.8111	0.93397737	0.012036167	0.1595	79.0	334.97157645225525
99	371.0425	46.013393	526.48425	323.03488	145.03703	126.09079	43.289528	156.62709	-2.2941337	400000	-2.6226044e-08	465.53632	-0.021468211	-150.64713	0.92913485	0.010384849	0.14225	79.0	338.2431285381317
100	379.7344	85.542725	730.9449	207.16086	147.14815	129.28047	44.355274	159.62338	-1.1096578	404000	1.8835069e-08	966.4712	-0.021403568	-203.79413	0.9223045	0.010518087	0.14125	79.0	340.96397614479065
101	375.41895	49.561928	563.11346	247.49757	145.81482	131.08604	45.504677	162.53177	1.5562973	408000	-4.482269e-08	405.9233	-0.025041565	-74.36606	0.91368043	0.015129281	0.16675	65.0	343.93969678878784
102	397.88528	98.4054	797.4806	184.39635	153.26923	133.07515	45.82128	164.98659	-0.32675648	412000	2.3841858e-08	859.62683	-0.018745482	-171.92114	0.90479755	0.0127057135	0.13475	79.0	346.7973563671112
103	388.63007	48.32734	527.4415	328.62402	148.88461	135.76823	47.436604	167.81409	-3.2753859	416000	1.4424324e-08	385.26694	-0.02313209	-100.30603	0.91431624	0.012346519	0.1465	79.0	349.6619756221771
104	414.99744	100.10393	802.24005	316.97433	155.44	137.86641	47.166332	170.04626	3.6385694	420000	-2.5391579e-08	651.70874	-0.009340021	-162.40912	0.9120397	0.015197991	0.12075	13.0	352.0540351867676
105	403.47205	66.07972	590.08496	328.76013	150.65384	140.14192	49.719784	173.25174	6.074068	424000	4.053116e-09	334.2646	-0.021602478	-68.99805	0.90900844	0.015052627	0.12	52.0	354.9559350013733
106	463.22452	102.28006	641.9745	326.06635	169.56522	148.54599	46.09993	175.643	4.59377	428000	-1.1920929e-09	1188.229	-0.024565928	-112.15637	0.9109159	0.010702587	0.169	79.0	360.9994840621948
107	398.43796	86.34949	652.5731	195.06836	152.23077	155.81216	45.125996	178.92697	-2.1043582	432000	-2.026558e-09	2018.5266	-0.023440631	-687.99634	0.90179104	0.009185759	0.137	79.0	363.94409823417664
108	424.3357	77.960976	696.9664	307.84332	157.36	142.55838	46.44014	178.3681	-5.0821457	436000	-1.9311905e-08	978.2256	-0.022441844	-271.99176	0.91408795	0.009571403	0.15325	79.0	367.2197608947754
109	490.05283	146.62332	888.64075	354.52014	173.13043	142.014	50.147133	180.48381	-2.3737493	440000	-4.553795e-08	2687.548	-0.01874707	-1399.5736	0.91546947	0.015102247	0.13775	64.0	369.90176653862
110	409.20227	112.54318	681.06995	209.5363	147.8077	156.78612	49.28453	185.051	0.33898735	444000	-4.053116e-09	1466.8265	-0.007474512	-85.135254	0.9022317	0.016219346	0.17675	5.0	372.13778710365295
111	452.6687	97.752205	676.67645	340.75827	162.875	155.43272	50.5954	186.27786	0.49990845	448000	8.940697e-09	811.3872	-0.019400062	-108.83331	0.901336	0.009715335	0.133	79.0	375.2530791759491
112	574.67126	224.42941	1156.06	376.92303	199.8	160.47826	47.557095	188.2954	-1.2139792	452000	-3.3259393e-08	2532.8123	-0.024329308	-444.61548	0.8939153	0.008461851	0.135	79.0	378.028373003006
113	510.2238	176.10599	914.8223	223.5015	180.95238	168.35803	47.931812	193.65637	5.819647	456000	-2.6524066e-08	2236.953	-0.022097489	-76.87451	0.89155215	0.011964092	0.15825	79.0	381.07152915000916
114	631.5605	203.7756	1278.8765	391.40854	219.94444	173.67238	46.383358	195.78146	0.6931753	460000	-2.2411346e-08	2444.2485	-0.004948924	-189.8916	0.9060312	0.015810035	0.1815	5.0	383.51772260665894
115	760.8135	249.14838	1341.1193	400.53864	254.0	179.90157	45.46375	199.62608	7.0544286	464000	-1.6689301e-09	3214.2788	-0.023725232	-462.18115	0.9068095	0.0131891705	0.13	79.0	386.3278646469116
116	644.8657	222.88866	1083.6548	387.6321	216.5	180.29427	51.35821	206.20442	8.242668	468000	-3.2782554e-09	1983.4136	-0.02376221	-195.52429	0.9152286	0.009391538	0.1465	79.0	389.62156987190247
117	636.4918	288.82504	1265.0044	173.47256	218.27777	185.75789	50.199226	210.15535	5.7025084	472000	1.9550324e-08	2765.9663	-0.020551464	-227.48877	0.9100254	0.007363793	0.13125	79.0	397.1035096645355
118	724.9415	222.98872	1167.1896	412.6817	242.64285	191.614	48.17272	212.8942	5.482036	476000	3.9339065e-09	3348.0862	-0.021200959	-298.91675	0.9051236	0.0070468653	0.127	79.0	403.2174062728882
119	715.2488	534.5628	2475.321	223.12277	241.0	192.03375	50.991352	217.19807	6.7645564	480000	8.5830685e-09	2993.3267	-0.024608295	-209.98315	0.9025142	0.0100381365	0.14275	79.0	408.91970562934875
120	1137.9833	424.82394	1771.8876	291.41647	378.8	205.15866	42.3222	220.78929	7.9965463	484000	1.0281801e-08	3826.2385	-0.022338104	-436.91602	0.8985091	0.009191283	0.137	79.0	412.49731040000916
121	1203.5765	417.71988	1725.3186	524.09766	385.2	211.59834	40.153957	225.82599	10.686144	488000	9.834767e-09	3747.8923	-0.004250974	-608.2124	0.892736	0.016575132	0.216	3.0	414.71804881095886
122	997.31366	571.2432	2666.4978	387.94177	320.5	209.37943	50.07644	231.2038	9.661191	492000	-3.273785e-08	2598.6848	-0.025089635	-387.36963	0.89271444	0.010145498	0.1385	79.0	417.69972586631775
123	887.1007	363.03165	1629.323	396.7338	283.14285	207.44444	55.602234	235.13115	7.8969836	496000	-1.5974045e-08	2380.412	-0.023006076	-206.38867	0.8844495	0.0140100345	0.1275	79.0	420.7918095588684
124	1205.5969	618.20825	2949.683	757.1635	389.4	219.44237	47.322445	237.97415	9.284252	500000	-1.4305114e-08	1857.6721	-0.024676684	-256.16858	0.8854421	0.008246555	0.11925	79.0	423.56206464767456
125	758.12134	296.53085	1250.393	400.36942	246.8125	209.70688	60.09912	241.70862	4.7289286	504000	1.692772e-08	1464.7892	-0.025823846	-180.60754	0.87903786	0.013075606	0.1505	79.0	426.3865456581116
126	811.4388	236.84872	1402.2664	425.26932	261.06668	210.66495	59.500374	243.36272	8.723549	508000	1.4305114e-08	1169.4308	-0.023278108	-157.58344	0.869334	0.008761564	0.13275	79.0	429.1247797012329
127	1094.0004	280.23248	1482.5908	542.19135	354.54544	222.6125	51.14926	244.88329	-0.2805128	512000	1.7881394e-08	1298.3013	-0.02401397	-143.05469	0.8555918	0.015041	0.14975	63.0	432.0438344478607
128	1021.86163	420.40085	2116.4805	497.43036	329.58334	219.0481	57.858135	247.32913	9.370127	516000	7.7486035e-09	1216.7031	-0.027280632	-163.026	0.8656695	0.012770311	0.143	79.0	434.9731500148773
129	1163.8502	394.40314	1787.4564	789.51154	376.3	227.15956	53.752686	249.74289	8.880245	520000	-1.847744e-08	1219.5673	-0.023533665	-143.16516	0.8635472	0.0072418563	0.12675	79.0	438.1478352546692
130	1224.9113	284.9084	1599.2661	841.9124	386.2	230.65811	51.818855	252.44894	11.266449	524000	5.197525e-08	1372.7892	-0.023823697	-179.6289	0.8517721	0.008845673	0.1165	79.0	440.9771225452423
131	1195.7518	296.89743	1714.254	703.5281	382.1	233.46466	53.176186	255.45741	9.733923	528000	-1.692772e-08	1053.97	-0.026667057	-121.198425	0.84650385	0.0100424895	0.14975	79.0	444.30818486213684
132	1488.7573	257.9433	1928.7866	1071.7583	486.625	239.46716	49.419033	257.97858	8.99073	532000	1.9192695e-08	1083.1382	-0.026733182	-123.33551	0.841321	0.008701745	0.15025	79.0	447.2474892139435
133	1325.02	573.34937	2439.7244	628.88293	428.77777	240.07062	52.0763	260.32452	-0.75416183	536000	3.218651e-09	1536.5665	-0.021879148	-95.421265	0.83323795	0.008215628	0.1475	79.0	450.2212104797363
134	1158.0442	339.9315	1706.2731	620.97925	363.4	239.2528	54.55936	262.0095	9.109034	540000	1.3113022e-09	1075.2103	-0.028292228	-143.38733	0.83259237	0.011690312	0.1555	79.0	453.11302423477173
135	1392.9338	403.70053	2172.0496	831.479	438.33334	241.52344	54.85619	264.28317	10.074009	544000	5.4836273e-09	1296.2869	-0.028679283	-157.98425	0.82127726	0.007681923	0.15275	79.0	456.06526374816895
136	1333.7446	648.44135	3079.9297	863.6079	424.22223	244.3512	55.744007	266.9505	10.860598	548000	1.6212464e-08	886.30457	-0.028768528	-94.0708	0.82169276	0.013751026	0.1515	79.0	460.0088469982147
137	1244.5334	353.8856	2064.7695	875.8173	395.4	244.2395	56.93201	269.07224	9.706612	552000	-2.7298928e-08	730.41925	-0.026692396	-78.14569	0.825002	0.009950373	0.153	79.0	465.5250256061554
138	1070.7711	457.17343	2039.1392	431.6101	349.0	241.71622	61.982338	270.6268	8.791558	556000	3.3974648e-09	869.4257	-0.024537578	-206.89569	0.827328	0.010163366	0.12425	79.0	469.12439584732056
139	1736.3055	430.2668	2500.4639	1020.6208	546.2857	249.51328	50.610638	271.47455	11.127131	560000	-5.6028364e-09	1138.75	-0.029050002	-223.80011	0.8264856	0.009336133	0.14475	79.0	472.5996015071869
140	1182.1165	294.06882	1604.857	482.62558	370.4	248.36244	55.94403	274.41818	9.206356	564000	1.0490417e-08	767.26697	-0.024531187	-141.7398	0.81835765	0.015077623	0.126	67.0	475.7192244529724
141	1449.0808	590.74133	2379.4993	858.205	443.44446	247.36731	57.27616	276.20917	9.112751	568000	5.209446e-08	998.5541	-0.023922365	-231.19135	0.823248	0.0150869405	0.13625	47.0	478.54716777801514
142	1404.2551	521.117	2355.4207	592.57874	441.77777	252.97156	57.097347	278.89246	7.8631897	572000	-1.525879e-08	585.2374	-0.028872196	-82.84436	0.8251191	0.0127965035	0.1585	79.0	481.56392645835876
143	1401.8801	344.36035	1917.0345	977.8866	431.625	254.54912	56.67555	280.8182	10.712141	576000	2.5749207e-08	594.6165	-0.027069293	-89.69284	0.81018263	0.013415099	0.142	79.0	484.35024547576904
144	1129.2214	280.9929	1540.4614	637.85583	359.27274	249.40874	64.861145	282.9679	8.540785	580000	-2.0861625e-08	640.101	-0.028667994	-136.64713	0.8065312	0.015014051	0.1715	71.0	487.1313428878784
145	1518.1482	439.83322	2262.9556	849.04877	464.375	256.1389	54.10797	283.87518	10.44032	584000	2.8133393e-08	773.4913	-0.027218087	-189.58167	0.79343987	0.015113983	0.178	75.0	489.7833471298218
146	1617.1841	539.27325	2966.9868	1187.0442	494.875	260.08014	59.014507	286.14728	7.2519016	588000	1.1920929e-08	775.3628	-0.027198924	-123.24158	0.7751941	0.01373845	0.169	79.0	493.14848947525024
147	1139.3002	294.50055	1710.6045	819.7563	353.0	256.5536	60.98618	288.5655	6.3463545	592000	1.8119811e-08	448.5523	-0.027226241	-98.04819	0.759833	0.010433014	0.14375	79.0	497.8498637676239
148	1253.5898	603.7642	3001.263	822.584	386.7	256.19827	62.520107	289.7298	3.2602415	596000	-4.6491624e-09	445.34836	-0.02883379	-92.73309	0.7483476	0.014188524	0.162	79.0	500.82646203041077
149	1421.4794	331.0827	2050.797	981.63995	430.0	257.81827	61.259277	291.05026	6.81653	600000	-4.768372e-10	696.1071	-0.024546802	-157.737	0.7487551	0.0134790735	0.14875	79.0	503.8110375404358
150	1437.1682	538.9467	2540.5	659.0886	437.44446	263.51382	60.925037	293.33768	8.506663	604000	3.439188e-08	655.1249	-0.02494727	-135.59839	0.7356087	0.0150995	0.149	56.0	506.8441905975342
151	1409.5731	442.6012	2519.9849	1005.77997	439.66666	261.72943	62.9513	295.22873	11.354644	608000	-8.8214875e-09	368.30508	-0.026198994	-117.36603	0.72931325	0.0056736832	0.1385	79.0	509.7382843494415
152	1285.9374	343.1329	1718.3453	724.45233	396.8889	260.94513	63.10027	296.4584	10.038822	612000	1.66893e-08	576.5506	-0.027756374	-120.38208	0.7311174	0.01074847	0.17275	79.0	515.3668179512024
153	1728.3494	644.2913	2790.3772	909.8016	523.7143	270.685	57.20335	298.06323	9.004636	616000	1.3113022e-08	501.33936	-0.02495824	-105.52661	0.72254914	0.0150127085	0.14475	50.0	518.3785750865936
154	1087.818	471.13846	2564.3872	670.0537	326.66666	256.68378	69.58556	300.3148	7.7667103	620000	-8.8214875e-09	452.94684	-0.026302813	-113.214264	0.7294712	0.009298902	0.16675	79.0	521.2140598297119
155	1271.191	382.6662	2191.432	871.6765	384.7	261.24756	67.7592	301.4817	9.521612	624000	-3.3378602e-09	354.46576	-0.028686184	-82.31088	0.7236145	0.01283302	0.16125	79.0	524.419513463974
156	1051.0581	392.8664	2231.5703	593.2487	313.0	254.86229	69.0999	302.5722	11.027747	628000	1.2040139e-08	292.7855	-0.020652255	-88.72038	0.7169102	0.015130443	0.14775	28.0	526.8786475658417
157	1351.655	398.80215	2038.6167	713.47845	405.375	272.08514	60.82303	303.49133	-5.6344833	632000	-1.6093255e-09	437.20877	-0.02968589	-109.85928	0.70745206	0.013331584	0.1775	79.0	530.0231711864471
158	1592.2142	837.8452	3186.9521	693.6283	488.375	277.315	60.47493	305.31747	8.824968	636000	-3.695488e-09	405.38956	-0.027208688	-128.50366	0.6945433	0.01264177	0.15575	79.0	535.9716219902039
159	1053.7377	458.12552	2032.5485	387.61816	313.5	251.11617	74.64881	307.19528	11.490213	640000	-2.0503998e-08	492.53915	-0.025391178	-201.91238	0.6834498	0.012869129	0.159	79.0	539.465530872345
160	1485.663	1029.7059	3191.1587	524.20386	453.7143	279.17352	61.282444	308.39246	10.191022	644000	-9.536743e-09	375.98172	-0.030391924	-123.1824	0.68186885	0.0140639795	0.1765	79.0	542.6543409824371
161	1366.8784	674.48004	3156.0662	885.39	416.33334	271.9479	63.071777	309.96027	11.47546	648000	-5.4836273e-09	228.35648	-0.026226759	-103.932655	0.6876615	0.011306902	0.158	79.0	545.3832585811615
162	1296.2509	690.2307	2933.8064	672.61957	406.44446	272.05875	63.3602	310.84262	12.17925	652000	2.4080277e-08	192.75352	-0.025877872	-52.60797	0.67904264	0.0139950635	0.17025	79.0	549.2978720664978
163	1664.3933	881.44525	3212.349	899.385	499.25	276.21625	62.062077	311.04117	11.059504	656000	-1.01923945e-08	359.15787	-0.027211396	-89.01752	0.67080116	0.010744373	0.1605	79.0	552.9309103488922
164	1766.6127	1000.70636	3257.733	658.3683	526.5	284.0346	59.60133	312.82785	6.077771	660000	4.87566e-08	289.41626	-0.028703747	-80.189804	0.6748735	0.011958433	0.16925	79.0	559.2537107467651
165	1067.4335	342.0639	1694.3988	602.84827	317.0	260.58292	73.67374	315.1229	-1.3999767	664000	-1.9550324e-08	190.74843	-0.026992556	-55.372345	0.66960406	0.009393497	0.16175	79.0	562.3943696022034
166	1835.281	599.98004	2478.964	915.0957	547.1429	283.21875	62.42608	315.83606	6.448551	668000	2.360344e-08	244.31232	-0.026774792	-47.893158	0.66979825	0.00948654	0.16725	79.0	569.2802534103394
167	1194.4994	463.19308	2290.583	635.50836	356.36365	266.62042	73.40083	317.55603	0.0039310455	672000	4.7683715e-09	164.72911	-0.026965763	-40.537163	0.65577614	0.009329139	0.169	79.0	575.2478196620941
168	1183.0521	284.42114	1606.3496	614.10846	351.9091	267.31305	72.58112	318.05814	10.228693	676000	-1.0848045e-08	185.32762	-0.02888328	-47.994003	0.64799094	0.013463197	0.183	79.0	578.8726491928101
169	1549.5886	314.0369	1943.2362	1019.3693	461.2857	281.59097	63.544888	318.36923	10.651633	680000	1.0490417e-08	235.13683	-0.028020237	-66.753204	0.63074017	0.012735371	0.17475	79.0	582.209032535553
170	2001.0863	931.06885	3138.127	972.0117	621.3333	297.2941	50.022934	320.10767	10.762907	684000	-1.257658e-08	172.37112	-0.022107996	-45.788155	0.6155222	0.015328556	0.14475	42.0	584.8605210781097
171	1206.969	621.2584	2779.2136	633.2585	356.6	270.87292	73.51923	320.98233	8.588701	688000	-1.1444092e-08	182.35625	-0.025866441	-65.714325	0.6084453	0.0027980176	0.1495	79.0	589.1375713348389
172	2183.0	702.15814	3230.732	1155.9167	661.3333	295.9738	56.36229	321.89777	10.790606	692000	-2.0980835e-08	147.22841	-0.027852904	-42.891853	0.60205734	0.00675295	0.158	79.0	592.3219137191772
173	1409.9507	439.22308	2318.5603	771.966	416.1111	277.068	70.08646	323.41425	10.603744	696000	-3.5762786e-09	136.76134	-0.027612247	-38.10759	0.5823789	0.01158073	0.17025	79.0	595.2131023406982
174	1077.6742	175.75784	1563.9402	944.66296	313.7	270.80856	74.40572	324.24594	11.509456	700000	1.168251e-08	112.9444	-0.027068533	-49.309467	0.56504595	0.0101274885	0.1555	79.0	598.2078802585602
175	1115.0897	498.032	2418.0535	426.85745	330.33334	270.33298	73.05766	324.64047	6.0896816	704000	-2.0980835e-08	561.96436	-0.019724019	-275.78934	0.55692065	0.015186743	0.13275	40.0	600.7132339477539
176	1289.0242	721.10425	3220.69	674.2644	385.3	276.94363	72.875	325.0667	10.801474	708000	-8.8214875e-09	220.88602	-0.027191771	-82.88847	0.57053554	0.012779079	0.17475	79.0	603.4257853031158
177	1451.7374	383.00613	2005.5962	957.0076	426.0	278.6467	70.130226	325.74786	11.186185	712000	1.9073487e-09	159.01706	-0.031381182	-52.11512	0.5659632	0.012964363	0.16825	79.0	606.2603187561035
178	1665.6597	511.35416	2463.4368	925.23083	490.875	285.78143	68.954865	326.5052	10.741381	716000	-2.8371812e-08	128.23166	-0.027776416	-24.925224	0.5641195	0.014187781	0.1715	79.0	609.0656223297119
179	1602.0754	794.9672	3240.0034	900.2502	475.875	291.5192	65.144844	327.4587	12.908455	720000	9.536744e-10	100.39225	-0.026951214	-35.93045	0.56476915	0.014301438	0.1585	79.0	611.9416539669037
180	1497.6873	898.32965	3176.4727	624.9183	444.22223	281.36163	71.73707	328.59933	9.590302	724000	-7.987023e-09	190.31284	-0.026994526	-71.22729	0.5610824	0.010970365	0.15575	79.0	615.53524518013
181	1454.1846	875.8536	3257.2102	671.23535	435.44446	284.3644	69.63929	329.3666	12.111694	728000	-1.3947487e-08	192.63951	-0.023867365	-65.29869	0.55826247	0.010803148	0.144	79.0	618.580235004425
182	1946.9224	937.1416	3269.0112	904.36743	585.6667	298.49176	58.00294	329.72836	9.757619	732000	-2.3841857e-09	112.043045	-0.026207764	-61.864803	0.5405505	0.0085752625	0.164	79.0	621.3512902259827
183	1593.4105	921.43744	3151.5225	597.844	490.0	291.26807	62.275185	330.06027	5.7191935	736000	2.384186e-10	114.68866	-0.0269106	-34.320107	0.5248602	0.0093410425	0.15225	79.0	623.9890773296356
184	1728.8767	884.5451	3251.9104	631.9337	515.4286	297.4435	59.72623	330.33664	-8.177305	740000	2.1219254e-08	276.67917	-0.028314313	-133.13303	0.5167906	0.012403995	0.15775	79.0	626.9866986274719
185	2051.097	899.46814	3302.676	958.77985	609.3333	298.35535	62.13026	331.29233	5.9259624	744000	5.6028364e-09	126.4663	-0.031952273	-56.61326	0.4975254	0.012311644	0.2075	79.0	630.2101163864136
186	1414.8138	348.41858	1957.9084	918.281	414.0	275.0081	73.10432	331.94965	2.5221653	748000	-1.8000602e-08	175.43286	-0.029758468	-100.35244	0.45905623	0.013691013	0.17575	79.0	633.6653068065643
187	2373.2292	720.161	3248.531	1585.7748	716.0	310.78683	47.929646	332.08945	10.982431	752000	-1.7166137e-08	58.34778	-0.026982421	-19.065292	0.44789255	0.012627622	0.144	79.0	636.6396048069
188	1659.8254	702.5681	3130.7307	936.9373	496.125	292.72418	67.777985	333.22537	-2.0529728	756000	1.4066696e-08	138.52364	-0.029293664	-46.909447	0.44137037	0.013836779	0.18675	79.0	640.0586860179901
189	1295.0953	474.99707	2319.7905	659.5824	381.0	275.2305	72.669136	333.571	1.5097313	760000	2.1457671e-09	135.9228	-0.030234525	-54.30754	0.41979644	0.014172796	0.18925	79.0	643.0233261585236
190	2471.806	633.12665	3193.3564	1378.9335	752.4	305.28882	54.31716	333.6094	-1.1812172	764000	1.9073487e-09	126.812096	-0.005091994	-31.843628	0.4031036	0.020563174	0.19375	3.0	645.1368036270142
191	1366.3127	446.59192	2299.1633	834.3632	399.6	277.27963	76.01765	333.49292	0.4463024	768000	7.987023e-09	112.03103	-0.026004173	-30.81186	0.40285304	0.015136978	0.18375	57.0	647.7570140361786
192	1438.2089	712.1631	3154.4548	815.66327	420.66666	283.47342	70.98935	333.7172	11.71062	772000	-3.5762787e-10	131.82426	-0.028866168	-39.213028	0.39633176	0.0104910415	0.16575	79.0	651.127562046051
193	1981.3546	1075.9843	3383.3174	655.7649	584.6667	297.98688	64.00444	334.277	10.430963	776000	2.1457671e-09	94.85745	-0.028004233	-28.715233	0.39426953	0.012501396	0.15625	79.0	654.9039523601532
194	2518.655	944.4663	3267.502	1007.81195	760.2	313.8667	47.558018	335.17908	0.48902225	780000	5.722046e-09	90.769394	-0.026150515	-35.527683	0.39364177	0.014185749	0.16425	79.0	657.539345741272
195	1827.6993	1002.0625	3253.97	769.9022	553.3333	305.78168	55.444836	335.72778	1.4678307	784000	1.1444092e-08	89.47036	-0.027876578	-36.80806	0.39951754	0.0137641365	0.1545	79.0	660.3149137496948
196	2181.115	785.7794	3298.5396	1018.3116	639.0	301.36676	62.88908	335.8586	-1.5803204	788000	8.34465e-09	97.13494	-0.028437657	-40.98133	0.3921497	0.011658299	0.1775	79.0	663.1523506641388
197	2254.3853	915.87115	3353.3137	1194.6914	665.0	310.26224	54.65358	336.6637	1.8812475	792000	-8.8214875e-09	50.009613	-0.027018495	-15.917816	0.38129884	0.01046906	0.14775	79.0	667.6753673553467
198	1357.4735	537.6748	2419.7283	659.66156	395.8	283.9726	75.3227	337.74585	4.556016	796000	4.6253206e-08	135.24225	-0.0041746227	-61.8752	0.38434863	0.01513608	0.13475	3.0	669.9204375743866
199	2008.6781	935.6041	3261.6016	539.96246	593.6667	305.22037	61.477657	337.89825	8.367343	800000	-1.0609627e-08	97.984795	-0.016154168	-30.763344	0.38410792	0.015074978	0.1925	18.0	672.5283377170563
200	2214.4294	683.0868	3264.8352	1360.8667	647.3333	304.78287	63.68115	338.8064	0.13754845	804000	-2.2411346e-08	64.52092	-0.029791828	-23.669102	0.3789648	0.015051377	0.169	60.0	675.5836980342865
201	1830.3665	644.76086	2903.6956	981.8038	534.2857	295.25177	68.12987	338.97363	0.93612003	808000	1.859665e-08	57.72318	-0.005448228	-22.148888	0.3718839	0.015001876	0.13475	5.0	677.8965339660645
202	1329.2131	655.97906	3266.8914	919.32825	394.0	284.7833	74.56228	339.65457	-19.722433	812000	-2.3961068e-08	111.185005	-0.019129349	-50.338978	0.37242872	0.015438057	0.14525	28.0	680.3564846515656
203	1467.5931	528.8144	2785.0403	979.24994	427.77777	281.6918	72.82597	339.54	0.031143188	816000	-3.8146974e-09	70.16584	-0.02516356	-30.11882	0.37303057	0.015096513	0.18225	35.0	683.5619912147522
204	1434.8842	846.9021	3324.4294	700.8649	423.0	288.82837	70.998955	339.82928	-0.87647915	820000	-1.3351441e-08	75.33936	-0.029058844	-32.76965	0.36550125	0.0118804015	0.1785	79.0	686.9324126243591
205	1702.6239	743.7022	3399.4106	921.108	497.5	291.52524	71.36985	340.1407	-5.8640556	824000	-3.0994416e-09	147.92137	-0.027365483	-56.88102	0.3579465	0.01180115	0.173	79.0	689.8181753158569
206	2072.039	653.2219	3083.8218	1062.6034	618.0	305.01233	59.669117	340.47845	0.85828304	828000	-3.2901763e-08	86.04235	-0.0198196	-36.85726	0.35640413	0.015202233	0.1365	27.0	692.0922381877899
207	1737.4187	728.5286	3219.803	951.08905	515.4286	299.5954	62.685074	340.50397	-3.3719358	832000	2.5510788e-08	60.05069	-0.027131565	-17.816433	0.35065886	0.012964952	0.15	79.0	694.7129619121552
208	1655.9097	810.129	3271.4602	841.4375	488.0	298.4252	66.46558	340.88022	8.102495	836000	1.0818243e-08	97.50341	-0.027654001	-36.34572	0.34592953	0.013403785	0.15275	79.0	697.5344970226288
209	1525.8096	352.5165	1999.4166	1059.7277	442.66666	285.7569	73.20929	340.99878	0.5984087	840000	-5.9604646e-09	107.93094	-0.01613918	-66.46428	0.33916208	0.015305197	0.1695	16.0	699.9434540271759
210	1823.4843	823.75006	3220.0696	959.7386	535.7143	297.694	66.18305	340.9639	6.986148	844000	-1.168251e-08	77.969376	-0.0032342079	-35.588493	0.338562	0.017993154	0.18775	3.0	702.298454284668
211	1341.8523	825.00916	3195.3237	617.5502	398.4	285.67593	71.40845	341.2002	-0.04123497	848000	-1.6212464e-08	136.59131	-0.023297904	-58.187943	0.3382459	0.015287454	0.18775	38.0	704.9202389717102
212	1383.2958	622.55414	2751.6892	855.7913	401.75	291.87613	69.01693	340.8124	2.4861383	852000	-1.9311905e-08	97.60882	-0.027861767	-48.957554	0.3385941	0.015336838	0.179	69.0	707.4369969367981
213	1312.3787	468.8572	2154.9714	788.7957	379.1	280.1707	76.79032	341.23654	-13.349821	856000	-1.6212464e-08	98.01845	-0.008192712	-36.238243	0.34583566	0.018915633	0.139	8.0	709.5826864242554
214	1661.3159	758.4317	3160.2864	966.6566	486.125	294.80237	68.65839	341.3839	-4.036295	860000	8.8214875e-09	217.95724	-0.027593432	-126.15925	0.34517875	0.0074097626	0.15975	79.0	712.1956958770752
215	2140.8054	871.6973	3290.1846	1165.2783	633.8333	302.23877	59.708714	341.15588	-13.485689	864000	-1.0609627e-08	151.37004	-0.028065428	-82.91429	0.34184834	0.014520577	0.18225	79.0	715.1049482822418
216	1847.8549	945.2316	3347.552	923.64655	547.0	306.3135	59.780117	340.61542	5.0946045	868000	-5.00679e-09	70.66276	-0.021301985	-22.803242	0.32702702	0.015366984	0.147	36.0	717.5566694736481
217	1863.5684	817.8755	3345.0583	1039.9315	544.5	306.4474	60.67044	341.75452	6.1429615	872000	2.6702882e-08	84.10159	-0.029095843	-23.82663	0.32147804	0.011807631	0.17075	79.0	720.269660949707
218	2138.201	905.81525	3297.0122	1051.0995	636.5	312.5554	55.00628	341.75912	4.370121	876000	-2.0742416e-08	65.83959	-0.027974995	-17.91631	0.30635628	0.00846436	0.1695	79.0	723.744015455246
219	2588.825	595.89764	3283.199	1489.5642	760.6	314.63367	55.15456	342.2684	0.41704464	880000	3.862381e-08	39.609303	-0.028840043	-14.848976	0.30232844	0.013810195	0.17575	79.0	726.4627346992493
220	1911.0955	734.4768	3285.9824	1123.4603	559.2857	304.68542	64.58436	342.75397	3.3839254	884000	1.859665e-08	39.494694	-0.032140918	-16.810488	0.29321498	0.014258281	0.1665	79.0	729.3724670410156
221	1583.891	824.23267	2969.471	643.7895	459.0	290.40094	72.382256	343.54395	3.6975079	888000	3.015995e-08	109.32238	-0.024313953	-43.80256	0.27225798	0.015049321	0.16125	62.0	732.5457925796509
222	2241.957	774.47253	3319.9114	1499.2544	660.1667	315.4635	54.942657	344.26562	-14.819135	892000	-1.6689301e-09	53.22724	-0.004548292	-24.561369	0.2760835	0.01621385	0.1985	3.0	734.69806599617
223	2390.36	826.4848	3345.681	1205.9259	698.6	316.644	56.99485	344.7948	4.084857	896000	2.5510788e-08	46.309067	-0.026681524	-11.821293	0.2757243	0.011577717	0.14825	79.0	737.5013103485107
224	1882.7257	720.9686	3279.8474	745.37115	553.0	306.69586	65.23292	345.58685	-2.1336346	900000	1.0251999e-08	56.006165	-0.028839007	-27.647215	0.25992915	0.013457482	0.17325	79.0	740.3049359321594
225	2142.906	676.0522	3300.9888	1238.4382	626.5	308.4638	61.795727	345.0602	7.5341825	904000	-4.696846e-08	40.737152	-0.027225357	-19.2895	0.24962954	0.012048478	0.18125	79.0	744.2081649303436
226	2413.8235	783.89935	3292.4812	1499.4979	709.6	316.98856	56.021732	345.04132	0.6183386	908000	1.1086464e-08	61.54106	-0.015234738	-31.26283	0.2398265	0.015917137	0.153	20.0	746.76216173172
227	1311.8694	374.3655	2141.8826	706.3099	378.8	283.28046	75.63766	345.79074	1.4780636	912000	-1.525879e-08	115.03294	-0.0055091246	-46.029594	0.24096219	0.01581045	0.1655	3.0	748.9236552715302
228	3127.48	330.13007	3410.2234	2580.797	911.25	319.19626	51.200542	345.57407	6.7344007	916000	1.34706495e-08	33.35283	-0.02684804	-17.290955	0.2413203	0.013202599	0.159	79.0	752.7652559280396
229	2666.335	529.9078	3365.6365	1924.0189	769.0	313.8732	59.993	345.9911	8.632661	920000	-5.567074e-08	33.66761	-0.02759094	-13.031719	0.24083868	0.009743714	0.1645	79.0	758.7728481292725
230	2126.364	509.5035	2896.5022	1235.2914	616.3333	308.28464	67.85944	347.07407	-0.87820053	924000	9.417534e-09	47.937794	-0.028874068	-23.546099	0.23669621	0.0106069585	0.182	79.0	762.2107412815094
231	1942.1708	846.74054	3345.2793	897.09674	562.8571	303.65726	64.856415	346.55054	6.361369	928000	3.1232833e-08	76.22434	-0.013659943	-49.326523	0.22075926	0.015189012	0.14725	14.0	764.4227600097656
232	1362.2207	854.08417	3331.1763	649.4386	399.33334	297.58124	71.67038	347.16687	4.706997	932000	1.990795e-08	147.6975	-0.027619118	-98.65577	0.22063881	0.010352358	0.172	79.0	767.59876704216
233	1933.4672	591.333	2755.674	1053.4741	558.2857	300.73596	70.963776	347.62833	-4.6144953	936000	1.7642975e-08	54.539925	-0.02711578	-32.485397	0.22074294	0.013100654	0.1525	79.0	770.3129374980927
234	1777.1295	963.1503	3435.3635	887.23816	513.2857	300.10297	70.12989	347.26132	6.6998434	940000	-1.5974045e-08	56.880684	-0.026578788	-21.00169	0.21658424	0.013438818	0.1745	79.0	774.0067472457886
235	1724.9811	738.6239	3338.6072	1033.6989	502.0	305.8271	65.238625	347.87216	4.1472673	944000	-8.5830685e-09	54.905804	-0.021346683	-21.244682	0.19924666	0.015224662	0.16	34.0	776.6861817836761
236	2168.8914	591.03143	3285.0361	1368.0529	636.3333	311.37292	61.112488	346.9789	2.0817432	948000	2.026558e-09	69.612	-0.028387908	-20.828037	0.19448097	0.00916283	0.169	79.0	780.4979929924011
237	2137.7312	730.45514	3409.9395	1242.6754	616.4	311.0482	61.7559	346.9626	-2.0043955	952000	1.9073487e-09	28.231659	-0.0277512	-9.877087	0.18000871	0.013399697	0.20125	79.0	783.54731965065
238	1885.9813	650.7411	3320.1296	1249.124	550.4286	305.90387	65.35939	347.29	8.934394	956000	4.2915342e-09	76.89221	-0.027158298	-29.327057	0.1560218	0.012493891	0.179	79.0	786.896692276001
239	1886.5216	712.10913	3324.3142	1050.5094	549.2857	305.68658	67.60825	348.25027	-0.65152264	960000	2.6404857e-08	45.213493	-0.03005658	-23.562733	0.1469326	0.014588418	0.189	79.0	789.7218370437622
240	1734.1068	798.39716	3134.1326	768.951	501.16666	307.75888	65.12714	348.19708	4.09873	964000	-1.859665e-08	55.922646	-0.030293748	-20.371487	0.12407171	0.0104934005	0.20575	79.0	792.7419373989105
241	2003.3087	697.9513	3358.8567	1324.3651	575.5	304.35202	65.81024	347.9442	3.9268837	968000	1.45435335e-08	56.727573	-0.030707426	-27.75214	0.10357738	0.012803378	0.2	79.0	795.4317195415497
242	1437.4998	698.4544	2784.0437	815.7553	415.125	296.0328	71.18377	348.05618	5.591219	972000	-2.6941299e-08	100.6743	-0.029756363	-47.1678	0.08527564	0.009722069	0.17625	79.0	798.2079999446869
243	2315.1904	724.1278	3388.7886	1428.0989	661.0	310.3202	62.13399	347.77652	0.28862476	976000	-7.629395e-09	67.21364	-0.02636022	-39.449196	0.075337924	0.010579653	0.188	79.0	801.3609712123871
244	1372.5403	689.2603	3152.594	675.1108	396.55554	294.87683	73.9102	347.03357	6.0780516	980000	4.684925e-08	154.86884	-0.030709196	-109.40751	0.06728117	0.008071762	0.175	79.0	804.1548352241516
245	2200.3733	730.2483	3429.815	968.1584	637.5	308.60556	60.010033	347.08322	3.152563	984000	1.2159347e-08	205.60303	-0.01976745	-87.37569	0.06414176	0.0107519375	0.1685	79.0	806.7411143779755
246	2223.0083	731.3551	2991.214	1178.9368	638.2	310.31512	63.03469	347.15207	3.3337374	988000	1.3589859e-08	69.19646	-0.02659798	-39.80754	0.06202201	0.012521869	0.16175	79.0	809.9529490470886
247	2250.324	878.98047	3321.8486	1156.9104	663.3333	319.12424	57.385967	348.47757	-2.7966337	992000	5.9604646e-09	48.54831	-0.010777228	-21.549543	0.050684292	0.015407813	0.15275	8.0	812.1290457248688
248	1708.5231	974.75586	3438.9246	866.89905	499.75	301.4436	71.40437	347.74255	0.25869274	996000	1.001358e-08	67.923515	-0.026460886	-45.407932	0.050097622	0.009569512	0.17925	79.0	814.8388774394989
249	1918.2867	939.16644	3310.086	968.7342	558.6667	305.70935	63.984825	348.14743	5.330991	1000000	2.169609e-08	63.41632	-0.011084923	-37.5553	0.051845986	0.0155309765	0.168	9.0	817.0422747135162
250	2269.0444	708.47485	3309.8203	930.9488	666.1667	314.56226	62.237885	347.9636	-2.2842388	1004000	6.437302e-09	167.58928	-0.028719975	-90.07245	0.050811604	0.0110854665	0.17225	79.0	820.0083456039429
251	1905.2909	790.3711	3384.4912	1034.5708	550.0	302.26694	65.91949	348.21725	2.6174707	1008000	-4.7683715e-09	79.216736	-0.024879066	-59.57249	0.047613382	0.0153020825	0.17725	45.0	823.0410535335541
252	2615.8235	672.946	3334.333	1535.9318	769.0	322.5423	50.209652	348.30325	6.3510513	1012000	1.1444092e-08	25.933775	-0.01482262	-7.5501385	0.045639955	0.015058958	0.135	17.0	825.6148700714111
253	1320.0057	311.97934	1756.4158	681.1987	379.33334	293.81573	74.305336	348.88492	0.62893677	1016000	-2.6106834e-08	128.7886	-0.023452658	-73.89252	0.045647345	0.015071477	0.15425	35.0	828.2543416023254
254	1684.4971	961.62976	3338.7756	974.193	494.125	306.1964	67.2449	349.31635	2.8875294	1020000	-5.9604643e-10	32.421673	-0.026084334	-9.693666	0.0505234	0.010942305	0.15225	79.0	831.5040075778961
255	1361.8125	716.4906	3297.972	658.243	397.0	295.452	72.56834	349.99512	0.41324425	1024000	-1.0967255e-08	57.52653	-0.020235717	-18.278038	0.051251378	0.015190824	0.1615	23.0	833.7871334552765
256	2204.508	1025.6991	3328.5417	678.32263	650.6667	316.17203	57.040592	349.64288	6.7406836	1028000	-3.027916e-08	56.278088	-0.017356852	-24.825499	0.043322798	0.015189251	0.16525	18.0	836.1306755542755
257	3244.2617	214.7092	3412.4163	2875.4841	951.75	327.5739	43.935925	349.38074	2.6656952	1032000	-2.384186e-10	52.544743	-0.025597116	-27.74928	0.043698236	0.011231551	0.148	79.0	840.3599083423615
258	1858.563	599.37317	2663.2778	1088.9551	536.8333	311.02667	66.838715	350.54248	6.2987556	1036000	-3.004074e-08	79.16484	-0.030712586	-47.89322	0.030643066	0.011171706	0.18525	79.0	843.1900291442871
259	2149.3982	872.0098	3441.155	1152.2312	618.2	312.92624	57.694496	349.33862	4.749054	1040000	2.026558e-08	56.841724	-0.027608462	-30.927803	0.034293175	0.015212867	0.1715	69.0	846.6204209327698
260	1671.8113	801.5188	3332.8562	676.84326	486.875	304.72894	69.73704	348.8396	2.783268	1044000	-2.3841857e-09	116.86561	-0.027273107	-71.593796	0.037221234	0.011815576	0.16925	79.0	849.3895399570465
261	1700.9651	766.9709	3376.777	998.1039	491.25	297.26505	71.15669	348.92413	-1.8221836	1048000	4.649162e-08	55.97684	-0.027729556	-29.055252	0.026591498	0.015117142	0.1905	73.0	852.1456410884857
262	1660.9783	942.29095	3332.1392	944.8177	491.625	305.18768	66.67242	349.10962	-0.091067314	1052000	3.004074e-08	113.54892	-0.0027853756	-44.86911	0.020372031	0.017193306	0.173	2.0	854.270512342453
263	1892.44	783.6072	3342.028	1054.8368	548.8333	310.72507	60.048782	348.0142	4.7323675	1056000	-3.1471252e-08	57.144276	-0.0075595947	-29.646448	0.020136314	0.016599093	0.24825	6.0	856.6526038646698
264	1717.2493	761.55676	3345.3994	1119.0161	498.125	302.92236	69.77859	348.5862	0.45017433	1060000	-6.8545343e-09	45.50255	-0.029004846	-24.248283	0.019933421	0.008602924	0.18425	79.0	860.1543524265289
265	2063.785	1273.0961	3340.472	658.66614	619.0	321.66562	50.510075	348.98	3.661975	1064000	-1.758337e-08	103.27569	-0.027183747	-68.05757	0.01181078	0.012086283	0.15275	79.0	862.8182876110077
266	1836.4298	808.9462	3331.9392	1095.4546	533.3333	310.83655	64.2853	349.9158	-9.052143	1068000	-1.1146069e-08	49.168262	-0.02390626	-30.791454	0.0032670896	0.01622108	0.18975	32.0	865.324456691742
267	2516.2368	722.0076	3330.2285	1266.2118	752.2	321.80347	49.284363	349.98743	6.0054064	1072000	8.3446505e-10	104.35237	-0.029491195	-47.184	0.004880428	0.013835754	0.171	79.0	868.4331591129303
268	2983.351	585.5974	3341.2212	1969.2854	890.25	333.2787	31.51823	348.26877	8.550668	1076000	2.9325486e-08	16.461838	-0.027942222	-7.4347115	0.009196956	0.013007741	0.187	79.0	871.4531042575836
269	3181.1108	180.33015	3328.6821	2881.8245	940.75	329.45126	42.690826	348.61755	4.8497	1080000	-1.7285346e-08	34.773	-0.028131643	-11.545347	-0.0009681384	0.010050747	0.1735	79.0	874.4477565288544
270	2143.3516	1051.7576	3390.4624	942.92206	623.8333	310.83087	64.047806	349.2004	-0.10213947	1084000	-2.6345253e-08	43.650867	-0.024288068	-24.968359	-0.020700693	0.015013452	0.1965	62.0	877.4561791419983
271	2105.4778	990.33295	3342.2131	1088.8737	622.6	323.7235	50.669704	350.2416	0.07527256	1088000	3.59416e-08	35.90871	-0.010471331	-13.884333	-0.04001315	0.01551235	0.17925	8.0	879.798348903656
272	1929.4326	937.26685	3360.645	1180.2896	562.1429	312.62415	60.65234	350.5238	7.3990974	1092000	-8.8214875e-09	37.5693	-0.0006281521	-19.274319	-0.039822616	0.018807407	0.22725	2.0	881.8968105316162
273	2617.9673	857.60846	3352.3281	1172.737	761.25	322.9824	53.233913	350.61417	2.7448616	1096000	-2.8133393e-08	41.388412	-0.0010865183	-24.8487	-0.03984062	0.017131034	0.229	2.0	884.021888256073
274	2255.5098	894.8738	3353.1543	1114.7222	661.6	318.9572	57.890858	350.9843	2.3356361	1100000	-2.002716e-08	48.06573	-0.020386523	-13.778965	-0.039860528	0.0150938	0.18275	28.0	886.2218434810638
275	1931.579	948.323	3382.6943	1097.8357	570.1429	316.60388	54.49302	350.1032	-5.9212866	1104000	-1.4603138e-08	742.61865	-0.017637206	-408.85672	-0.03927366	0.010035681	0.1395	79.0	889.0235586166382
276	1631.3226	776.1749	3336.6047	897.32605	478.25	295.6232	67.38615	349.14658	13.282085	1108000	1.5497208e-09	420.4076	-0.017174177	-75.667725	-0.025157532	0.015886525	0.18075	31.0	891.494781255722
277	2029.4594	1055.9906	3318.3237	893.0573	606.2	321.54636	49.681282	349.48193	3.2346907	1112000	6.7949295e-09	273.3842	-0.02243958	-81.58887	-0.024007678	0.010970015	0.175	79.0	894.0021321773529
278	2228.4014	1108.6533	3373.922	896.41235	658.8333	314.493	51.990395	349.84958	6.0529184	1116000	-4.6491624e-09	549.9846	-0.02404742	-296.99188	-0.018438578	0.011648444	0.1635	79.0	896.7923171520233
279	2464.1848	941.25354	3337.8174	1272.8833	751.6	316.49152	52.55875	350.1958	6.1047106	1120000	-4.2915346e-08	436.26657	-0.01598933	-387.08493	-0.005196015	0.01651879	0.16775	26.0	899.1204166412354
280	1802.4238	867.1351	3340.5964	1100.4762	526.3333	309.12845	61.717285	349.01767	0.2477541	1124000	-4.529953e-09	88.47413	-0.02938448	-43.403465	-0.013618469	0.012748943	0.18225	79.0	901.9298295974731
281	2424.4995	1107.6222	3341.353	899.25977	728.0	327.52432	37.8579	348.7363	9.466137	1128000	-1.1205673e-08	193.4397	-0.0044069965	-124.64464	-0.024188995	0.01609047	0.192	4.0	904.2597699165344
282	2255.45	881.0231	3333.2686	1169.2761	664.5	311.72675	61.25979	348.65826	-9.914346	1132000	-1.990795e-08	346.20007	-0.021680797	-231.07523	-0.024253052	0.0150164245	0.169	67.0	907.5176801681519
283	2102.7498	690.48254	3356.4001	1269.2291	612.8	313.35205	65.30365	348.61047	-12.488174	1136000	1.8715859e-08	165.80255	-0.0074522924	-136.25473	-0.035044715	0.016471911	0.181	7.0	909.7070078849792
284	2395.767	856.3519	3333.9485	1134.2937	705.8	322.77032	50.732555	348.37692	6.7902985	1140000	1.1920929e-08	30.96613	-0.0017008197	-17.223305	-0.036334597	0.016422046	0.192	2.0	911.7961897850037
285	2334.489	1098.9628	3300.7168	864.43604	721.8	328.66394	33.72584	348.95026	11.338832	1144000	-2.503395e-09	1520.2368	-0.0059144227	-219.60425	-0.03666282	0.02374047	0.22575	2.0	913.9897544384003
286	1790.3271	853.5096	3315.7637	344.67862	534.7143	308.39365	43.309063	345.62723	9.432072	1148000	3.8146974e-09	2425.1172	0.0013052713	-1490.0938	-0.03697217	0.019481996	0.1595	1.0	916.2316861152649
287	2224.074	770.47424	3344.4668	1188.3604	648.1667	295.3556	71.0505	351.10693	25.5341	1152000	-3.361702e-08	760.6092	-0.0036468864	-719.872	-0.037157334	0.016886454	0.187	9.0	918.495851278305
288	2657.056	791.8087	3328.6895	1447.728	784.6	323.91275	53.43261	350.83212	4.107725	1156000	-1.4185906e-08	42.67987	-0.028533889	-22.735287	-0.039321456	0.01397841	0.1725	79.0	921.025340795517
289	2336.168	837.3439	3314.6733	1108.1138	697.6	319.93484	51.120605	350.2976	-1.1789055	1160000	-6.198883e-09	80.553185	-0.029991683	-28.917152	-0.04318555	0.015050721	0.1925	79.0	923.5458390712738
290	2231.2368	907.8852	3326.0789	1173.081	661.8	322.74832	47.23641	349.5675	10.867422	1164000	2.7179718e-08	132.23428	-0.012179792	-46.65825	-0.054864563	0.015022131	0.145	21.0	925.7047002315521
291	2077.6023	956.89246	3358.3962	1158.2313	609.1667	310.36276	61.682404	349.43945	-1.6348867	1168000	-2.6226044e-08	103.16056	-0.011675275	-66.01127	-0.05198057	0.015405484	0.176	9.0	927.7803840637207
292	2756.515	977.07367	3342.4766	1064.4587	826.5	334.15054	33.96296	349.81332	6.281193	1172000	-1.07288365e-08	36.836605	-0.016719677	-15.041246	-0.051374674	0.016506786	0.16925	23.0	929.9523727893829
293	1630.1992	770.5161	3330.274	947.21844	476.85715	305.45047	67.4352	349.78555	5.39454	1176000	4.172325e-09	82.52657	-0.02685095	-35.773224	-0.05073055	0.010854626	0.17625	79.0	932.4786214828491
294	2148.326	1010.93195	3369.9275	973.6313	630.5	312.75763	60.114822	349.6845	0.9022503	1180000	2.2053719e-08	196.57239	-0.022582281	-49.064194	-0.0600483	0.010347684	0.1515	79.0	935.0111668109894
295	1817.0596	732.0108	3183.6294	1015.10535	528.1429	302.40918	63.8567	349.70676	-0.9539547	1184000	-1.859665e-08	656.9941	-0.024806704	-331.98984	-0.053385057	0.013727374	0.22575	79.0	937.5358588695526
296	2129.096	933.1219	3329.1008	878.7583	629.3333	315.6733	57.5273	350.24536	14.86906	1188000	-1.1444092e-08	321.99112	-0.009233706	-102.79622	-0.070304036	0.015012335	0.195	9.0	939.6139862537384
297	2257.4744	881.0967	3384.0486	1265.0337	659.3333	310.26645	61.57421	349.98148	12.97626	1192000	1.1324882e-09	150.50783	-0.0026440315	-124.8365	-0.0716447	0.015231489	0.172	3.0	941.6508240699768
298	2941.6313	654.85223	3337.9907	1807.5675	880.75	336.351	32.894863	350.56964	3.7701893	1196000	6.6757204e-09	22.120535	-0.02724551	-9.201822	-0.07225871	0.010927269	0.1415	79.0	944.1838414669037
299	1928.2965	996.6228	3334.6016	1083.0898	573.3333	318.6033	52.851357	350.01248	15.835972	1200000	-1.0490417e-08	261.42242	-0.012509504	-125.460266	-0.08388794	0.015557671	0.155	10.0	946.273464679718
