Epoch	AverageEpRet	StdEpRet	MaxEpRet	MinEpRet	EpLen	AverageVVals	StdVVals	MaxVVals	MinVVals	TotalEnvInteracts	LossPi	LossV	DeltaLossPi	DeltaLossV	Entropy	KL	ClipFrac	WM_LossMean	WM_LossStd	StopIter	Time
0	17.642893	14.036214	91.16756	6.078665	17.281385	0.11490764	0.09285732	0.43396696	-0.24719903	4000	-3.9935113e-09	297.69058	-0.021171829	-125.639725	0.91893864	0.021259163	0.2515	0.5756453827023507	0.5847927557090813	4.0	11.732543706893921
1	43.466915	38.972424	258.87656	8.547847	31.349207	8.022323	1.09364	8.626892	-4.782599	8000	-3.3378602e-09	1337.9945	-0.017355187	-322.57373	0.9199793	0.015866047	0.209	0.06138176988810301	0.017969404298507203	6.0	22.255234479904175
2	101.38495	58.248688	223.24606	15.179732	56.92857	16.43763	0.1941313	16.49343	11.14929	12000	3.9339065e-09	2833.3035	-0.019223439	-601.2803	0.92101246	0.0099218935	0.13	0.04887918192893267	0.010960849189251288	79.0	33.2687828540802
3	138.58287	63.914722	245.45195	13.245003	69.63158	25.032715	0.049321562	25.04344	23.428888	16000	1.192093e-10	3578.156	-0.015887016	-649.2007	0.92971486	0.007105418	0.086	0.04354259332641959	0.009833690647884119	79.0	44.437899112701416
4	149.75764	63.855007	260.7329	26.26068	72.703705	32.80737	0.00784946	32.810654	32.686726	20000	-1.0728836e-09	3357.853	-0.017897347	-511.57397	0.9106752	0.0045134104	0.09925	0.04236131090670824	0.00952850352487381	79.0	55.8262414932251
5	172.24217	52.449993	243.4959	54.267704	80.938774	39.349922	0.0058041927	39.351818	39.21347	24000	5.4836273e-09	3135.0852	-0.01567042	-450.92896	0.8942974	0.008754395	0.08975	0.04308460896834731	0.008227885979461235	79.0	67.35595536231995
6	196.2068	37.623665	244.397	60.68213	89.09091	45.32712	0.003337498	45.328194	45.257545	28000	2.2649764e-09	3247.271	-0.014317773	-456.7339	0.8961885	0.006207131	0.077	0.04159571088850498	0.008571145013229147	79.0	78.76400995254517
7	196.83397	34.595192	236.43166	57.871483	89.22727	51.228966	0.0030616464	51.22983	51.1641	32000	3.5762786e-09	2742.726	-0.0154734645	-340.83667	0.89666927	0.010152759	0.07325	0.04077387608587742	0.010181491196866505	79.0	90.28437328338623
8	204.52725	37.477074	244.98721	54.952507	92.23256	56.35069	0.0025934177	56.351376	56.275852	36000	1.4305115e-09	2616.5525	-0.005124134	-286.0913	0.9103093	0.015094858	0.11375	0.037373607978224754	0.008507001042471117	4.0	101.11336421966553
9	209.24599	17.221241	238.08606	164.03328	92.60465	61.05355	0.0022575308	61.05421	61.020943	40000	6.6757204e-09	2341.4045	-0.01231021	-241.50049	0.91027296	0.004800622	0.09025	0.03456651603803038	0.007721341718629661	79.0	112.60732102394104
10	215.66495	10.084627	232.77304	182.61359	95.04762	65.41924	0.0022055246	65.41981	65.380775	44000	2.4437905e-09	2225.601	-0.010500585	-204.61975	0.9188731	0.0072501665	0.0745	0.03331163698807359	0.007410868321114557	79.0	124.26559090614319
11	214.90025	9.261694	234.30458	195.80373	95.07143	69.49029	0.0026111226	69.490776	69.40759	48000	6.556511e-10	1983.4027	-0.015221347	-146.42224	0.91193163	0.007909982	0.08	0.03365983329713344	0.00850951315836594	79.0	135.9618091583252
12	210.02722	28.491869	247.21661	51.113384	93.07143	73.00966	0.0016449905	73.01006	72.97825	52000	5.2452087e-09	1910.5328	-0.016377928	-112.458374	0.928652	0.009262799	0.0885	0.031851588282734156	0.007003545115487294	79.0	147.48960423469543
13	219.71378	26.50986	300.84576	169.62535	97.097565	76.14767	0.0023361242	76.148125	76.09378	56000	8.3446505e-10	1912.6243	-0.015418079	-112.52893	0.93462306	0.009925128	0.09025	0.032950718495994805	0.0071694711612647	79.0	159.0307047367096
14	226.57552	24.85845	273.97787	154.27866	99.3	77.215416	15.421734	79.094894	-76.54861	60000	1.1920929e-09	1940.1421	-0.017698208	-727.7261	0.952223	0.006244359	0.0925	0.03251336371526122	0.009745768734727678	79.0	170.74514245986938
15	231.31386	29.39562	314.1796	155.15767	100.51282	71.3563	22.261492	83.20542	-8.318598	64000	-2.0861626e-09	1403.3444	-0.0050363685	-252.97278	0.94535875	0.021067368	0.19725	0.03531126208603382	0.010807808782830997	4.0	182.09009337425232
16	234.37999	31.078447	306.05267	161.74042	107.888885	77.482285	21.437979	87.84763	-1.5816956	68000	9.536744e-10	1279.6038	-0.0026741514	-273.56824	0.9453731	0.015873555	0.169	0.03681970445439219	0.008991117475752814	4.0	193.47523307800293
17	244.90633	38.985603	316.17136	177.11588	109.361115	79.55353	22.89128	91.72147	-27.468966	72000	9.536744e-10	1370.0043	-0.016127555	-272.9978	0.9455306	0.008124336	0.1065	0.03513290569186211	0.009229552799896052	79.0	205.3569140434265
18	249.02283	49.177246	345.39914	170.52087	111.88571	81.85243	23.347872	95.74897	1.5354525	76000	4.053116e-09	1307.8867	-0.00633826	-173.99463	0.9382458	0.018569002	0.22825	0.03828472279012203	0.011269690008394713	5.0	216.81134676933289
19	305.50983	40.113705	352.95288	152.8462	133.10345	83.00155	27.606565	99.532	-5.6699653	80000	-6.0200693e-09	1854.8188	-0.005550093	-414.2296	0.93838817	0.01662391	0.1185	0.038255773466080424	0.012531080175825783	4.0	228.65021538734436
20	306.85147	45.40823	355.32678	167.8385	135.34483	90.615105	26.895243	104.966255	0.44480467	84000	3.5762787e-10	1545.361	-0.015535254	-265.57593	0.938996	0.008745754	0.09425	0.03327171858400106	0.008332898829735959	79.0	241.10548043251038
21	312.8773	47.12941	381.76166	186.2126	135.96552	93.6772	28.923414	109.77644	1.1762502	88000	-3.3974648e-09	1411.2449	-0.020145383	-262.80225	0.9246067	0.009342716	0.12725	0.033994890227913854	0.00992841678726878	79.0	253.10845470428467
22	319.0741	39.720654	357.8442	198.16682	136.6207	96.172	31.121374	114.262314	-0.3431461	92000	-2.503395e-09	1267.1862	-0.016802553	-246.70935	0.91408694	0.007782785	0.10625	0.03438553832471371	0.00983336635946932	79.0	264.93147134780884
23	329.91132	17.644463	365.67383	298.21494	137.58621	98.20449	32.98109	118.683525	0.57226217	96000	-8.9406965e-10	1082.0334	-0.004367433	-223.58582	0.9101375	0.018660486	0.1565	0.03503515819087624	0.011270615708670438	4.0	276.5675525665283
24	352.65277	62.969578	552.992	238.53355	143.11111	104.88661	30.990627	123.24027	1.4538505	100000	8.3446505e-10	1595.836	-0.020943165	-343.35376	0.91071475	0.011548526	0.12125	0.04095792295411229	0.015459782524311402	79.0	288.6256456375122
25	354.31174	49.301178	561.9755	299.4114	142.85185	106.38015	37.163933	128.39908	1.479271	104000	-1.2516975e-08	1183.3707	-0.012992042	-212.69812	0.91562694	0.015142027	0.11775	0.05030172791332006	0.021201187237513415	20.0	300.40057373046875
26	386.54984	89.073074	594.94824	199.1547	150.23077	114.26804	34.49215	132.93785	1.5336595	108000	1.0490417e-08	1886.3849	-0.02067682	-307.77234	0.9081013	0.009578943	0.109	0.054656483959406615	0.020293083331035116	79.0	311.9692506790161
27	406.17188	114.16939	660.1288	182.78273	154.16	121.727	34.165295	138.24316	3.1278753	112000	6.437302e-09	2573.7556	-0.02089554	-465.4702	0.9009596	0.013128443	0.106	0.06285810155794025	0.024199179741115857	79.0	323.84136295318604
28	469.171	111.2912	646.2131	315.60443	173.69565	123.89626	38.440586	144.27325	3.6505313	116000	2.3245812e-09	2878.9712	-0.022198204	-545.9966	0.9009759	0.012097675	0.1305	0.07291012298315763	0.02634867031456678	79.0	336.05096101760864
29	439.4608	113.22261	603.1025	210.91264	162.29167	131.87775	38.396362	151.07603	5.855566	120000	-1.9073487e-09	2091.1685	-0.023041468	-313.93677	0.89689964	0.010728699	0.14625	0.07255218014121055	0.021534628289436693	79.0	348.0832860469818
30	475.2537	122.367584	764.2008	309.24744	173.0	135.68549	39.700985	156.31888	0.5799866	124000	2.9206275e-09	2399.4956	-0.023304204	-379.4973	0.89656675	0.015205447	0.1635	0.06484394397586585	0.021999503366691313	77.0	360.2434525489807
31	493.43387	107.10781	659.3939	304.5777	174.45454	141.98152	40.103203	161.78627	-1.0179019	128000	4.172325e-09	2384.0637	-0.019771416	-384.5974	0.870013	0.006487994	0.11725	0.06678760129958392	0.020457993390683445	79.0	372.26221990585327
32	471.58487	119.03132	660.45355	215.37239	166.65218	143.53828	44.58744	167.4182	-0.4122374	132000	4.768372e-10	2039.992	-0.020944897	-303.438	0.8658968	0.011198777	0.155	0.06364760091528296	0.01832372985856736	79.0	384.85220670700073
33	473.6069	153.23914	856.4149	165.54427	166.04167	147.17635	45.244328	172.17267	0.36147594	136000	-5.6922436e-09	2372.9744	-0.014711169	-302.6338	0.8701288	0.015218288	0.1485	0.060801271498203274	0.02028992856307215	20.0	397.2018358707428
34	548.9136	112.21669	781.3363	358.13138	190.7	150.99622	46.399906	176.59813	0.24494147	140000	3.8743018e-09	1892.5035	-0.020946516	-377.9082	0.8614489	0.014801248	0.1295	0.05739910135045648	0.016948220478247355	79.0	409.56786704063416
35	586.2006	177.98354	892.821	234.89758	204.10527	161.84262	44.269173	182.07623	3.3492866	144000	1.9073487e-09	2828.347	-0.005397145	-387.11353	0.8576876	0.017599842	0.22575	0.060284503698349	0.017652325446192888	3.0	421.3675398826599
36	901.34406	449.78043	2102.498	415.70657	328.0	173.0178	39.699165	187.37547	-2.0386376	148000	7.1525574e-10	3831.6746	-0.019265035	-466.93457	0.8569759	0.0090663275	0.118	0.06454103462398052	0.020676962293314838	79.0	433.90585112571716
37	723.28906	298.13782	1751.1699	433.8017	239.8125	174.3926	44.939377	193.56204	4.7162037	152000	-7.688999e-09	3087.323	-0.022000808	-540.126	0.8661292	0.0130183315	0.11575	0.06349862273782492	0.020111862922601895	79.0	445.7409117221832
38	761.4268	425.684	2230.9976	258.38116	257.13333	182.2409	44.656563	200.37578	-2.458736	156000	-7.748604e-10	3356.3284	-0.021456039	-369.23657	0.8681218	0.006753248	0.12675	0.06616394024342298	0.01919103914762809	79.0	457.8882348537445
39	741.00836	389.8781	1734.6763	211.44823	260.13333	188.61746	44.243286	205.53935	-2.8263774	160000	7.122755e-09	2979.9543	-0.0046040225	-188.61133	0.87124425	0.016373208	0.151	0.06903965000063181	0.019606134457284985	4.0	469.65642762184143
40	648.2503	201.12384	981.8763	257.24628	217.66667	189.33499	47.465897	209.0852	3.199338	164000	1.3589859e-08	3095.1152	-0.005313834	-128.70361	0.871601	0.019552654	0.2095	0.06983224920928478	0.01745306019331574	4.0	480.98389053344727
41	539.436	186.0795	852.0805	214.05351	181.95238	187.42638	50.605362	211.5318	-9.061436	168000	2.9802323e-09	2675.2024	-0.0063069323	-602.7554	0.87171876	0.016240181	0.1935	0.060693556424230334	0.01703431102288878	3.0	495.5081512928009
42	661.6903	88.291245	917.6438	536.2383	207.10527	180.71735	56.585503	213.20688	2.9647799	172000	-4.529953e-09	2061.4685	-0.019193087	-666.4531	0.87140334	0.011639789	0.1185	0.05987931968644261	0.01925401124334691	79.0	508.76960039138794
43	682.7561	199.92543	1334.8058	198.7963	213.22223	191.7993	54.24256	217.65198	5.686989	176000	5.1259996e-09	2225.721	-0.016845468	-301.1859	0.8525486	0.0094059715	0.11925	0.055568267460912465	0.016847264864577504	79.0	521.0327606201172
44	689.9211	116.46839	922.55023	479.17456	218.23529	197.03885	54.717255	222.45341	0.66674185	180000	4.351139e-09	1703.9178	-0.018346058	-264.91028	0.8423988	0.012587999	0.1045	0.0545555516704917	0.015034237657750625	79.0	533.378180027008
45	702.60095	104.026245	923.6042	567.3613	220.72223	194.79977	59.45	226.83226	-2.261896	184000	2.384186e-10	1154.4478	-0.018819189	-198.43799	0.8328561	0.009161811	0.11175	0.05287190014496446	0.016770759077057468	79.0	544.6918995380402
46	661.01666	158.04501	1017.9114	388.8027	207.42105	197.05719	60.568535	230.7186	1.8044021	188000	-3.4570693e-09	1152.8026	-0.020315818	-145.90796	0.81609124	0.012469735	0.13525	0.047782216295599936	0.013094283605394132	79.0	555.573117017746
47	827.2045	306.93875	1675.6754	598.9286	265.53333	208.2333	56.99569	233.60187	-0.20106006	192000	1.9073487e-09	1440.3513	-0.019528676	-382.53467	0.8132605	0.014096519	0.109	0.04916358118876815	0.01671829658870809	79.0	565.9514770507812
48	766.6481	267.93915	1492.283	412.60257	249.625	202.32692	63.593597	237.8679	4.015868	196000	1.3113022e-09	998.407	-0.018942343	-216.86432	0.81806	0.008482137	0.10325	0.049483738522976634	0.015531832312838173	79.0	576.554648399353
49	657.19934	69.42916	804.8578	469.8884	210.94444	204.19362	62.613647	240.90646	-0.3530984	200000	-4.351139e-09	945.2364	-0.023036767	-222.79303	0.80655134	0.013177713	0.154	0.04725443322211504	0.013632246162034773	79.0	587.1325182914734
50	727.5211	108.97749	983.6857	604.10364	229.64706	204.98407	62.315636	241.94246	-2.652768	204000	2.7418137e-09	1458.4813	-0.0226773	-278.7716	0.7914333	0.011686091	0.15425	0.045785358510911464	0.014374714000152793	79.0	597.6548054218292
51	767.7909	209.85881	1254.9027	313.6905	243.6875	212.34	60.54187	243.92294	-0.9680431	208000	-1.1920929e-09	1591.6426	-0.019952128	-180.97876	0.77666897	0.010861183	0.14125	0.041412733979523185	0.012580502951718144	79.0	608.0282051563263
52	789.87933	213.24628	1342.6268	608.26575	245.53334	212.64304	61.880173	246.38187	0.84122086	212000	1.3113022e-09	943.94293	-0.01739831	-186.35687	0.77356	0.007913168	0.122	0.04096250107511878	0.013382014256759365	79.0	618.4742088317871
53	683.8649	172.54607	943.995	323.10522	217.94444	216.69653	63.7111	250.42198	2.7586088	216000	3.3378602e-09	1736.2968	-0.021766692	-477.39	0.7604662	0.0090658935	0.1435	0.03761809725314379	0.012196611455259902	79.0	628.9286050796509
54	712.3462	149.7936	961.34607	332.42184	226.0	209.49156	64.92105	251.71352	-0.3178234	220000	6.437302e-09	1152.3885	-0.02017888	-177.86542	0.76072353	0.007905201	0.1365	0.038489245008677245	0.013957039834662278	79.0	639.4868719577789
55	791.1843	180.07906	1226.0402	553.24	246.125	212.21385	65.9741	253.07376	-2.1129186	224000	3.218651e-09	982.2104	-0.019842219	-286.8089	0.76029295	0.009122256	0.10825	0.03639623058959842	0.011811247237140462	79.0	650.0954058170319
56	803.5574	195.55467	1399.6187	641.9443	257.93332	223.48647	62.70124	255.6357	6.421752	228000	-7.033348e-09	497.4378	-0.021996409	-158.57144	0.7566706	0.011732012	0.128	0.03427823668345809	0.010583644725668525	79.0	660.6734144687653
57	636.022	165.65167	905.18225	263.67886	202.72223	215.45357	65.88652	257.37024	4.8536415	232000	4.887581e-09	1989.5863	-0.020279361	-627.881	0.75511944	0.0070515885	0.14075	0.036065503377467396	0.010479575620710337	79.0	671.096355676651
58	761.5108	194.80702	1035.8875	217.42398	238.375	217.40947	63.518627	256.98962	-4.25097	236000	-7.1525574e-10	1234.2231	-0.020389326	-286.5949	0.75360227	0.0075366176	0.1315	0.03894980426877737	0.012963358709305983	79.0	681.4917883872986
59	794.559	156.84503	1153.5449	571.5983	247.1875	215.96484	67.211586	258.98776	-3.7705634	240000	3.695488e-09	578.62604	-0.019449864	-270.3481	0.74786466	0.007989897	0.13375	0.032679340429604055	0.010488838539992135	79.0	691.8862295150757
60	715.07837	398.43887	1706.1791	166.18076	232.75	233.55095	57.013916	261.13153	8.804245	244000	-6.6757204e-09	3319.467	-0.013944239	-440.71997	0.74736035	0.015114409	0.18725	0.033310128254815934	0.01248279230445088	14.0	701.939879655838
61	842.9305	184.41087	1239.6394	627.08655	263.13333	214.59831	64.20344	260.2213	-13.1745205	248000	1.3113022e-09	1001.9621	-0.022024522	-423.7102	0.74263287	0.013203348	0.14	0.033900553630664944	0.01066564156183934	79.0	712.329176902771
62	784.96027	161.31943	1072.9928	600.8291	247.4	225.22505	67.09643	263.14984	-4.313987	252000	-7.152557e-09	552.7574	-0.019733282	-127.41739	0.7348265	0.010247353	0.1495	0.032691487316042184	0.009438815682959905	79.0	722.6485946178436
63	906.99646	193.63147	1189.0039	598.76654	283.64285	227.80502	63.42958	265.2487	4.2912774	256000	-3.1590461e-09	1226.9445	-0.016225599	-107.127075	0.72867507	0.007919578	0.1145	0.03224415030330419	0.009256595157721932	79.0	733.0150120258331
64	1110.7335	310.122	1662.578	659.2102	348.9091	235.9283	60.884125	267.56293	6.0843587	260000	3.5762786e-09	733.99414	-0.025087094	-196.65088	0.7259667	0.01109921	0.14475	0.03234116829931736	0.009275132218274466	79.0	743.4292347431183
65	1170.8345	596.8199	2576.2122	504.79883	411.125	257.46417	45.102207	271.954	9.245128	264000	1.6450882e-08	2750.479	-0.0045072488	-774.79834	0.7147419	0.019963315	0.2365	0.030622438145801425	0.008057363046172784	3.0	753.5249450206757
66	744.51337	117.72403	927.9755	492.8615	233.5	220.50569	63.78423	270.7497	9.574238	268000	9.059906e-09	744.2464	-0.0033177326	-360.96683	0.7147598	0.018608855	0.237	0.03147825820371509	0.008383328646823522	3.0	763.7348327636719
67	979.5843	303.5007	1756.1387	640.3257	307.0	232.11586	65.12139	271.7594	3.7128725	272000	3.5762787e-10	410.77725	-0.024223102	-117.791626	0.71511644	0.011994314	0.1545	0.030481255892664195	0.009469946470950131	79.0	774.1037681102753
68	1043.4375	340.9149	1662.417	273.13162	333.33334	239.38393	64.156456	275.29446	0.74867725	276000	2.3841857e-09	1398.1038	-0.004257586	-154.04651	0.70902026	0.01854409	0.204	0.031275739744305614	0.009868650042399464	4.0	784.163658618927
69	842.6674	209.03752	1193.8488	433.34256	265.85715	234.76524	66.14424	277.73627	7.262729	280000	1.1920929e-08	1141.042	-0.017519563	-141.87085	0.70946914	0.0072747907	0.127	0.029130863761529326	0.009328280505851433	79.0	794.7216544151306
70	790.2935	111.35423	970.21765	640.95184	248.875	227.07178	67.62079	278.3212	3.1056833	284000	8.8214875e-09	396.40616	-0.0016981306	-164.43565	0.7166367	0.015333283	0.15125	0.028853286420926452	0.00899788913260422	3.0	804.7145886421204
71	1203.6404	360.4171	2118.0544	858.3912	395.6	237.64919	60.35617	279.12552	-1.5294204	288000	7.629395e-09	727.0232	-0.02382231	-299.68805	0.71659446	0.005472373	0.124	0.029037508387118577	0.009449309117515174	79.0	815.165504693985
72	1093.5453	274.03015	1824.3542	791.9937	342.6	246.68047	61.85579	281.03632	5.0010595	292000	-8.3446505e-10	532.0454	-0.022471108	-151.0614	0.71047235	0.00815747	0.13675	0.02949270246550441	0.010324078749708126	79.0	825.6055061817169
73	1016.71436	359.26013	1948.0427	479.88177	319.66666	247.30211	64.25474	284.76273	5.1348743	296000	8.225441e-09	1112.6812	-0.004084165	-122.8913	0.7021654	0.02554246	0.2805	0.02618705076165497	0.009336724276645962	3.0	835.5251941680908
74	1082.8976	200.78238	1471.3505	857.6527	337.4	245.43115	63.143677	285.69016	-0.048574924	300000	9.536744e-10	438.04794	-0.020341842	-114.12842	0.7023402	0.010523493	0.1425	0.027152734119445087	0.010030979612525418	79.0	845.8825829029083
75	1735.8086	795.6096	3125.2476	810.414	551.4286	259.2447	55.34199	287.58545	5.495047	304000	-2.1457671e-09	567.9807	-0.019094061	-169.50821	0.68698704	0.009807328	0.12525	0.028836661577224733	0.008720058047734883	79.0	856.3402116298676
76	1265.2142	412.42133	1878.9183	557.5938	402.1111	265.57538	56.947456	292.6561	4.972434	308000	4.172325e-09	1991.3055	-0.0145528	-286.49475	0.6887686	0.012531013	0.153	0.028023017533123494	0.010052515885715674	79.0	866.7606272697449
77	1387.0485	422.1507	1995.5331	721.6178	432.77777	251.76347	64.29419	293.77225	0.12077999	312000	-3.5762786e-09	569.88275	-0.019410988	-275.16223	0.6979799	0.014776506	0.12825	0.02776615323498845	0.010404607290717583	79.0	877.0133190155029
78	1255.921	349.35785	1889.4215	693.61926	397.4	258.5185	63.885895	296.8423	-1.077137	316000	-1.692772e-08	931.2993	-0.015667845	-120.65796	0.69165224	0.011639569	0.16125	0.027925146417692302	0.009355884347565485	79.0	887.3570623397827
79	1382.825	544.27704	2672.2297	677.50684	421.33334	257.56357	64.42266	297.57175	7.5888233	320000	-4.6491624e-09	430.66754	-0.021140901	-171.61716	0.69501984	0.009225957	0.11975	0.028256644839420916	0.00972926285908591	79.0	897.7854509353638
80	1297.2233	944.9535	3026.6597	271.1034	415.1111	278.7271	50.81555	301.35483	1.2377996	324000	-4.6491624e-09	3576.7197	-0.0026935274	-823.7954	0.6910859	0.019307978	0.22925	0.025292773880064488	0.008625814495318077	3.0	908.1683580875397
81	1142.4889	301.4705	1685.6809	699.2502	347.63635	243.2288	68.2315	303.21417	-3.2293181	328000	-1.4305115e-09	898.81616	-0.014968562	-711.8603	0.69070274	0.015018479	0.104	0.026547009078785776	0.008682777200800391	34.0	918.5464544296265
82	1408.6849	457.37582	2405.3198	885.99365	429.44446	265.9768	68.252686	306.1706	5.9653497	332000	-1.39772895e-08	215.66455	-0.020469667	-65.85446	0.6700905	0.010266699	0.13775	0.026698770271614193	0.010597057570356032	79.0	928.8460063934326
83	1405.1581	498.9775	2350.129	816.83606	432.77777	267.59357	68.38138	308.07666	3.3705816	336000	0.0	327.6937	-0.022788305	-78.418884	0.6494072	0.007573862	0.141	0.02800022726878524	0.011897988565769447	79.0	939.311742067337
84	1387.1733	623.19037	2534.2505	859.5581	422.66666	269.7274	66.352234	309.00742	6.701572	340000	-1.1920929e-09	306.0997	-0.019548895	-70.55849	0.62664783	0.008511246	0.12975	0.023843803098425268	0.007631449414001437	79.0	949.6894958019257
85	1288.6423	501.35138	2219.6062	740.9853	384.77777	266.05368	70.1718	310.48587	2.2058678	344000	-6.3180923e-09	303.28238	-0.0032623438	-135.84744	0.62464297	0.015344978	0.1795	0.02398318284191191	0.008908044615524606	3.0	959.4058353900909
86	1525.6711	808.0063	3125.4666	816.16223	463.125	279.08594	66.42198	313.54993	5.159554	348000	4.529953e-09	328.7517	-0.019491028	-137.23172	0.6251412	0.007582766	0.11725	0.021562083940953016	0.007530337050372772	79.0	969.6352336406708
87	1374.7521	622.60187	2653.1238	781.0453	418.0	272.4471	72.23918	315.69336	6.5664487	352000	3.5762786e-09	291.85663	-0.020610724	-109.15094	0.6225157	0.014110859	0.13575	0.02293036534450948	0.007603414162934025	79.0	979.9967601299286
88	1189.7423	661.1103	3151.746	667.4672	358.63635	262.16336	75.43083	314.73822	0.4559269	356000	-4.2915342e-09	219.32782	-0.019898439	-47.737686	0.61389226	0.010473859	0.1435	0.023631712291389703	0.007128659449423407	79.0	990.3560976982117
89	1615.981	644.7595	2825.6318	760.2916	484.875	278.6402	65.102554	315.22812	1.9191971	360000	-1.07288365e-08	317.02274	-0.015014195	-78.86081	0.6089124	0.015481609	0.13575	0.02300653101876378	0.008580342227166327	39.0	1000.6450891494751
90	2502.2156	645.61145	3096.7935	1344.5731	780.2	295.65884	52.369286	317.53607	3.7585454	364000	1.642108e-08	225.64944	-0.019740304	-70.488464	0.6127897	0.007826279	0.124	0.021941800201311708	0.0073559865754613644	79.0	1010.9772536754608
91	1529.0358	937.3731	3118.7576	716.9839	469.0	283.15598	59.32608	318.8264	12.354368	368000	-1.0967255e-08	189.79608	-0.0034534007	-55.454315	0.60816246	0.020262616	0.21325	0.022937058731913568	0.008751194947575217	3.0	1021.0338160991669
92	861.5472	224.80173	1468.8567	656.27783	257.33334	252.67769	80.86171	320.50302	-4.525909	372000	-5.841255e-09	397.77115	-0.019821107	-170.8282	0.6083033	0.004999546	0.12775	0.023304496221244336	0.010461050038972027	79.0	1031.2467329502106
93	1547.4756	1029.2908	3244.5876	709.3551	473.5	280.3449	60.684425	319.35904	-0.5953784	376000	8.8214875e-09	266.54596	-0.022315986	-87.61856	0.58990985	0.011266738	0.14525	0.023366081714630126	0.00834190096536785	79.0	1041.612144947052
94	898.67926	164.71942	1305.9054	669.49817	264.66666	243.37918	78.15176	321.0196	-0.28577137	380000	-5.4836273e-09	158.73503	-0.00915913	-57.049454	0.58026063	0.016622664	0.19525	0.021595910424366593	0.00796901645438167	7.0	1051.7112953662872
95	1833.4926	904.419	3019.7463	806.24963	598.1667	297.70068	49.45379	322.25034	1.5397696	384000	2.384186e-10	826.8175	-0.018465992	-465.23328	0.58041793	0.0058258628	0.1385	0.02020442921668291	0.006558070998391822	79.0	1062.169875383377
96	2171.9668	968.16656	3018.0369	928.1177	718.8	292.06238	39.443745	321.05038	-7.2879457	388000	-1.7881394e-08	178.58037	-0.022176586	-55.281364	0.57364076	0.012263928	0.146	0.022574171721935272	0.007067757538968259	79.0	1072.4704689979553
97	1608.3906	777.03925	3042.6033	920.2408	492.5	280.03436	63.6988	322.17422	5.356709	392000	-1.001358e-08	300.13644	-0.02319965	-119.03038	0.5579834	0.009263622	0.135	0.020307218553498388	0.0068153823743853145	79.0	1082.60178232193
98	1476.3024	779.9899	3150.0408	854.4312	449.42856	286.81787	62.141033	322.4748	-1.8354511	396000	-8.225441e-09	122.301834	-0.021256432	-51.16028	0.5595436	0.015490844	0.1695	0.022220802614465355	0.009849883215857752	73.0	1092.9513971805573
99	1748.2997	932.5163	3229.3262	876.56213	535.4286	291.3773	61.045986	323.55365	4.353112	400000	-6.437302e-09	166.03549	-0.022531938	-32.981735	0.5497679	0.014946806	0.15125	0.019293833347037433	0.0076217822172317	79.0	1103.4031298160553
100	2648.3618	821.1804	3170.0837	1229.3458	839.0	308.64587	37.587452	325.32147	10.095141	404000	7.2717667e-09	121.21061	-0.018452352	-32.19455	0.52950627	0.012446487	0.12275	0.018977486807852984	0.0073221225483117896	79.0	1113.7342553138733
101	1354.4723	409.0622	2031.0187	833.7048	399.77777	281.20688	70.8357	326.32013	3.3564754	408000	-2.861023e-09	179.20093	-0.022208141	-40.779907	0.53218687	0.011700747	0.1375	0.018188781356438994	0.006081249207862666	79.0	1124.407548904419
102	2036.1063	869.4302	3260.11	829.6167	618.8333	291.71594	57.910015	326.18307	3.6381102	412000	4.768372e-10	189.08588	-0.008781783	-39.61812	0.52854466	0.01550869	0.2205	0.019145514126867057	0.007538920976990108	8.0	1134.4029977321625
103	1113.8495	374.92142	2214.333	733.6998	327.5	267.10956	78.99433	327.18503	1.5580306	416000	-9.298325e-09	183.7115	-0.024067987	-53.796432	0.5274046	0.011919539	0.14375	0.019928833958692847	0.007583285219213635	79.0	1144.6491484642029
104	1452.1224	916.3086	3267.5203	654.70135	433.8889	282.3338	66.99646	326.30682	6.681201	420000	2.002716e-08	265.89532	-0.018761288	-92.89581	0.52549803	0.013700416	0.1395	0.01910434352234006	0.006880076134160306	79.0	1154.9269540309906
105	1441.5829	589.37115	2577.7646	898.4405	432.44446	278.6503	73.005554	328.29782	0.45881367	424000	1.8835069e-08	130.67865	-0.01775965	-37.52205	0.5194655	0.0075722677	0.12625	0.018694576732814314	0.006439145848629302	79.0	1165.164546251297
106	2546.577	508.00845	3082.7983	1755.9962	762.0	299.4019	54.670715	327.03848	-0.30335474	428000	-4.2915342e-09	215.67757	-0.022815963	-123.715904	0.51606053	0.013871515	0.15175	0.018630050765350462	0.007140042929612256	79.0	1175.637507200241
107	2412.5996	856.5199	3094.774	911.2778	754.8	309.08755	47.12728	331.9508	2.8004937	432000	2.7418137e-08	137.10754	-0.0012458732	-52.91333	0.50278485	0.015498992	0.20025	0.019631128935143353	0.006293368761431444	2.0	1185.7079281806946
108	896.0693	187.87349	1563.5648	730.1496	265.46667	259.78577	81.21251	331.6254	5.656086	436000	-8.34465e-09	432.86572	-0.022396619	-344.74094	0.5020323	0.0070522297	0.14525	0.018221748652867974	0.005912924131366029	79.0	1196.2161874771118
109	955.3326	212.38438	1475.4867	742.65967	283.2857	249.7234	77.55015	329.41476	3.7716684	440000	-2.3841857e-09	81.60928	-0.0026291304	-25.64862	0.4906936	0.018523738	0.221	0.018119337568059564	0.0064286333934605484	2.0	1206.159752368927
110	2953.8267	38.22072	3005.196	2898.2944	1000.0	311.23035	13.017504	329.8145	250.27144	444000	2.0384789e-08	190.252	-0.020301852	-127.201965	0.49065137	0.008742851	0.12325	0.018249285221099854	0.005985888858219297	79.0	1216.7034628391266
111	2983.9255	33.355625	3018.179	2945.9841	1000.0	302.65875	9.438727	323.20374	249.57233	448000	1.1205673e-08	49.177197	-0.021508254	-7.2331543	0.47684208	0.006987298	0.1275	0.0181318076280877	0.006151906303920589	79.0	1226.832837820053
112	2524.5625	904.11395	3083.8057	959.2424	821.0	302.67175	26.814074	326.79556	2.6895013	452000	5.2452087e-09	136.88292	-0.00053475524	-73.38797	0.4669448	0.015154369	0.23225	0.0179240008816123	0.006993308236259614	2.0	1236.7327644824982
113	925.1995	144.19391	1186.3298	750.83606	274.7143	257.61438	77.17487	328.5059	6.029951	456000	-1.013279e-08	159.32893	-0.020995853	-124.95788	0.4671679	0.01531067	0.146	0.015819398309104143	0.005612428929764576	46.0	1246.786387681961
114	901.9337	107.71542	1170.7924	647.26245	265.66666	244.9321	79.019226	325.09988	1.1120515	460000	-8.5830685e-09	68.51673	-0.0073808837	-24.36594	0.46092513	0.018007727	0.2215	0.018071951349265872	0.007101890743936338	7.0	1256.6666703224182
115	2101.4023	1032.0254	3279.8303	947.83527	646.8333	294.19006	50.412094	327.1852	-0.8211279	464000	1.29342075e-08	196.53537	-0.018731477	-100.48181	0.45745507	0.011949129	0.12475	0.015381709798239171	0.005796616619535164	79.0	1267.0375888347626
116	2064.2107	825.76184	3204.9397	930.8186	622.2	304.4867	54.99694	331.1247	-2.2611217	468000	7.987023e-09	100.58119	-0.02099673	-40.025234	0.45616898	0.0075638895	0.14125	0.015040341140702367	0.005414455558357134	79.0	1277.161280632019
117	2379.9993	586.3314	3182.9045	1505.5378	723.4	307.0402	54.052193	332.36746	4.2798357	472000	3.9339065e-09	99.33995	-0.020771295	-17.448524	0.44965345	0.011347703	0.13775	0.015165790761820973	0.004967489307506371	79.0	1287.5620353221893
118	1861.5729	616.8131	3147.1646	1292.273	562.0	296.30255	63.735504	332.1673	3.6184864	476000	9.298325e-09	111.397896	-0.02574709	-32.59027	0.43976206	0.013099451	0.165	0.016514507960528134	0.006212076953397935	79.0	1297.7987518310547
119	2147.0483	1018.6759	3259.8948	902.3715	658.6	301.80283	57.20338	331.23935	-1.1529608	480000	-4.768372e-10	150.81506	-0.0032341548	-42.852715	0.43993476	0.015423522	0.1965	0.01711237084120512	0.005331509319136764	2.0	1307.5949466228485
120	1285.9205	366.9153	2018.0508	873.2579	384.0	281.72913	69.34064	330.3775	2.5086393	484000	-1.3709068e-09	901.492	-0.020269366	-350.06403	0.4392041	0.012300372	0.1585	0.015301323952153325	0.0055191072411305804	79.0	1318.0596301555634
121	1859.5469	791.90765	3202.4153	1037.7339	556.3333	291.95758	61.409576	331.01416	7.476886	488000	1.6093255e-09	290.22382	-0.0039362377	-228.60693	0.43488753	0.016308969	0.19925	0.015319912461563945	0.005382036638036703	8.0	1328.1053881645203
122	1987.145	810.45966	3115.1301	968.0027	597.0	300.61887	60.051956	332.3784	0.3075781	492000	7.152557e-09	60.562294	-0.018711189	-15.133442	0.43281734	0.008890722	0.14025	0.015482478868216276	0.005705689406691611	79.0	1338.6361048221588
123	2078.3062	769.1626	3176.7207	1119.6971	637.8	310.5475	47.02216	332.77945	2.5016856	496000	1.66893e-08	1449.4187	-0.0045812535	-196.9541	0.4262311	0.02241116	0.2795	0.015678245988674462	0.005116308704391955	3.0	1348.5893273353577
124	1462.0715	430.76727	2388.628	975.8141	428.55554	274.8706	68.21098	328.54758	5.673002	500000	-1.2874604e-08	220.68578	-0.02048832	-158.42606	0.42567217	0.013069728	0.11375	0.015431046523153781	0.006327436733696741	79.0	1359.0417568683624
125	1125.0497	287.69098	1744.6656	890.32587	328.83334	266.83188	80.03606	332.71115	0.40709066	504000	-1.5616417e-08	99.90138	-0.00020063538	-30.360298	0.4179741	0.02045502	0.2615	0.014529078281484545	0.00531634274180895	2.0	1368.8155510425568
126	3068.9094	14.6908455	3090.9453	3050.1052	1000.0	320.85248	10.747318	331.9493	253.76642	508000	-8.46386e-09	116.42143	0.00024557268	-62.100525	0.41822514	0.024972763	0.2445	0.015109762996435166	0.006307887050655275	2.0	1378.6106147766113
127	1458.5054	734.7712	3173.5994	680.9359	437.0	287.0959	64.9503	329.79553	3.4718819	512000	-1.37090685e-08	1361.054	-0.014022648	-132.26465	0.41868734	0.013713929	0.188	0.014590018633753062	0.005624067812033087	79.0	1388.969661951065
128	1448.9458	729.42645	3060.0981	720.5108	424.22223	276.97995	72.4772	326.35526	4.073094	516000	8.34465e-09	196.02025	-0.019003203	-115.53973	0.4024232	0.015546974	0.13675	0.01545034273993224	0.005370807234243599	45.0	1399.0519289970398
129	1319.2484	362.79276	2001.907	890.9212	398.0	295.06885	64.01574	332.54407	2.40836	520000	3.6358834e-09	4349.223	-0.0027170111	-1282.2754	0.39106897	0.019395703	0.2055	0.01356201880145818	0.005075220763258891	3.0	1409.2522902488708
130	1224.2708	303.92	1729.3892	817.9918	358.6	257.53088	67.7454	312.68655	1.5211902	524000	-2.0563602e-09	685.2484	-0.009701651	-557.00085	0.39036974	0.015684888	0.15925	0.01391644353978336	0.005716378090536917	13.0	1419.2092878818512
131	2211.1677	748.6801	3300.5015	1231.0433	655.5	293.24625	59.051853	327.36078	0.57347107	528000	-1.9788741e-08	188.2134	-0.022556124	-116.393616	0.38747087	0.009244609	0.1515	0.01331344407517463	0.004751118168358994	79.0	1429.3574814796448
132	1924.8429	982.8658	3302.301	1064.5554	566.1667	302.39163	59.95987	330.20328	6.1528187	532000	-3.1590461e-09	89.00899	-0.012960216	-46.226643	0.3820937	0.015969986	0.144	0.013388851135969162	0.0056336199831945565	16.0	1439.1049630641937
133	1682.1597	863.5507	3270.868	830.47626	499.5	301.01294	64.893974	333.8385	-3.0970206	536000	1.1324882e-09	1446.3905	-0.0033572281	-89.56738	0.37881824	0.015903067	0.16575	0.013223992167040706	0.004799509953982897	2.0	1448.6510484218597
134	862.66974	102.91174	1019.3292	678.5439	254.8	253.56982	80.61141	328.9655	1.0589871	540000	2.5510788e-08	239.10063	-0.00023636316	-166.20654	0.3782783	0.01716014	0.24075	0.013570742812007666	0.004515440060223278	2.0	1458.3156425952911
135	2660.8713	826.9431	3346.0571	1357.7783	797.2	303.05457	39.60351	326.99576	5.275634	544000	1.7881393e-09	379.72177	-0.021856895	-317.31314	0.3779955	0.010848742	0.13225	0.01380260047968477	0.004799946628475666	79.0	1468.3107352256775
136	2606.7832	940.92816	3285.7349	833.13916	791.2	318.86276	41.625816	332.78107	0.9318619	548000	1.66893e-08	86.983864	-0.022336634	-25.700058	0.37027076	0.012741473	0.139	0.013986762277781964	0.005320425783124746	79.0	1478.2788698673248
137	1976.8256	988.13727	3319.3472	981.14685	592.1667	304.25226	61.186184	334.3332	-4.5234985	552000	7.629395e-09	91.58403	-0.022916384	-31.01567	0.35521984	0.008631786	0.15275	0.014289727611467242	0.0053503291227591405	79.0	1488.3374831676483
138	2180.9128	675.0696	3213.9038	972.4967	652.6667	303.57657	60.56208	334.03632	1.1051755	556000	7.2717667e-09	89.7257	-0.021962108	-23.471588	0.34566435	0.011727722	0.1325	0.013365642526187002	0.004903439021483089	79.0	1498.646948337555
139	2228.0327	941.0986	3290.6677	1131.259	664.1667	308.16867	56.668816	333.97864	1.440115	560000	5.4836273e-09	57.930737	-0.024084456	-30.834642	0.33318475	0.015153367	0.16825	0.01258597705513239	0.0049679259256392725	62.0	1508.7544405460358
140	1837.8121	990.6608	3292.5154	871.4824	542.1429	301.5309	63.676422	335.82355	5.0790195	564000	3.5762786e-09	92.726685	-0.018123362	-37.630047	0.32961637	0.015200797	0.14225	0.012757246838882566	0.004663222662577766	39.0	1518.7925431728363
141	1208.1992	382.18375	2073.7961	853.4245	354.1	281.44513	77.66158	337.16467	-1.3469553	568000	-6.7949295e-09	153.59209	-0.022451045	-53.266167	0.33039296	0.010182397	0.161	0.011748624457977712	0.004147984757644565	79.0	1528.812036037445
142	1102.8646	297.07574	2010.5438	875.3583	321.72726	269.14178	75.5329	336.20847	4.2138805	572000	-2.2768974e-08	84.5553	-0.021970732	-22.192055	0.32350832	0.011334928	0.145	0.01184043006040156	0.005221203689947253	79.0	1539.042887687683
143	1282.2767	554.0385	2786.989	850.53894	373.5	277.12952	75.183784	335.99692	3.856966	576000	-1.1086464e-08	93.50858	-0.021607362	-31.086468	0.31257275	0.009479385	0.1385	0.011264571682550012	0.0037620452889482203	79.0	1549.1653547286987
144	2306.2441	938.4766	3264.5974	997.18097	697.2	311.37146	48.52191	335.7088	8.902838	580000	2.861023e-09	43.990696	-0.00048171447	-8.874008	0.2935176	0.018088283	0.20775	0.011224679737351835	0.003973077437746975	2.0	1558.7998180389404
145	824.2123	87.33791	943.5294	681.5845	243.125	252.4325	82.71357	335.51343	3.1340604	584000	8.523465e-09	393.557	-0.0065290676	-286.22818	0.29294398	0.01560461	0.15625	0.01113344992045313	0.004140072462633845	3.0	1568.5188429355621
146	962.51996	162.44077	1467.8561	745.24054	280.2143	249.58481	76.2463	330.62836	-3.7907739	588000	6.0796737e-09	136.9611	-0.0019505667	-56.21476	0.29259208	0.021733906	0.2275	0.012028438542038201	0.004854182366558424	2.0	1578.1441135406494
147	3218.833	28.909388	3261.2524	3179.6094	1000.0	323.98358	12.468488	334.8691	252.25803	592000	-4.2915342e-09	82.77719	-0.019184673	-38.724663	0.29245016	0.0075881328	0.122	0.011086159911938011	0.0036845868020096615	79.0	1588.4297573566437
148	2813.004	796.31647	3336.047	1435.617	850.0	318.18796	39.164356	335.19608	8.720602	596000	-1.7523766e-08	128.05272	-0.019408358	-75.637985	0.28077978	0.005542036	0.1215	0.011999492486938833	0.004295786124925904	79.0	1598.4690730571747
149	2113.5728	808.79724	3220.6877	1001.94855	631.2	308.0886	56.242634	336.05786	8.20244	600000	1.0967255e-08	96.52003	-0.0103697	-30.545158	0.28129235	0.015471049	0.15375	0.01203271368285641	0.004868895652494383	14.0	1608.2906558513641
150	1856.0245	889.70575	3441.521	980.65314	541.0	294.3742	66.28693	335.70602	2.5726743	604000	1.7881394e-08	101.16661	-0.01744796	-43.010075	0.2830321	0.015059015	0.123	0.010806289864704013	0.0037325240302606044	59.0	1618.280766248703
151	1955.0499	704.0713	3329.3381	1240.4603	575.6667	307.9256	61.2534	338.88818	5.699396	608000	1.7166137e-08	65.38222	-0.018775383	-15.124462	0.27643633	0.0070897792	0.13025	0.01077795070130378	0.0047022198597386974	79.0	1628.4267401695251
152	2025.3544	698.42896	3231.076	1231.1296	595.3333	302.23816	67.24073	340.11078	2.9538274	612000	-8.702278e-09	51.965298	-0.022306016	-24.642115	0.2758179	0.007289454	0.1615	0.011078659053891897	0.004564303137502273	79.0	1638.721078634262
153	1515.2721	359.48483	2078.3608	1055.6956	443.375	291.4718	71.536476	339.0745	2.490893	616000	-7.987023e-09	56.344574	-0.021992607	-14.731293	0.2663797	0.011015413	0.14075	0.010171264063101261	0.004819981195061504	79.0	1648.8216326236725
154	1483.7689	676.4553	2996.5518	964.3337	434.0	293.80045	68.77652	338.90836	-22.235138	620000	1.9073487e-09	66.25958	-0.02162216	-14.381542	0.2579118	0.01311524	0.13175	0.010832534711807966	0.004570991139297401	79.0	1658.86754322052
155	2087.6887	491.3602	2572.9734	1165.1836	610.1667	298.23734	67.758606	340.07925	3.5938659	624000	6.437302e-09	50.825703	-0.020730264	-22.750418	0.25219268	0.015028629	0.1545	0.010316759252455086	0.0037613748422817114	72.0	1669.3447706699371
156	2160.8875	717.7554	3283.6306	1300.127	636.5	306.72156	59.562286	340.08774	2.3868885	628000	-2.592802e-08	54.42036	-0.020459717	-22.221695	0.24900633	0.010461807	0.09925	0.010517139700241387	0.004133275384214226	79.0	1679.83584523201
157	1308.6259	390.6137	2263.081	955.68726	380.2	280.7683	77.14529	341.0839	4.953739	632000	3.886223e-08	138.10362	-0.025034532	-53.102768	0.24329136	0.008462027	0.149	0.009342914777807892	0.0037513568753477083	79.0	1689.9614284038544
158	1455.0513	417.07373	2248.0515	965.3301	425.22223	285.23108	74.64268	340.72107	5.9469724	636000	-1.9669534e-08	117.9168	-0.024224704	-61.78269	0.23483951	0.012958929	0.17175	0.009725866825319826	0.004793361699406402	79.0	1700.236916065216
159	2567.9302	911.974	3344.9473	1299.5547	764.6	312.42474	52.54598	339.33273	4.6039195	640000	-7.1525574e-10	113.19151	-0.023528436	-40.855827	0.21947931	0.012700865	0.14525	0.009027441176585852	0.003582929354712017	79.0	1710.5282554626465
160	2188.1067	566.90515	3233.0808	1595.9628	639.0	305.85782	60.79228	339.9431	9.498304	644000	-1.9967556e-08	85.05363	-0.02402828	-46.164394	0.20115167	0.015235523	0.14175	0.009646345553919673	0.003960153720190437	70.0	1720.7266018390656
161	2504.1274	728.23	3348.2937	1349.4375	746.4	316.695	50.12894	340.5673	5.9895663	648000	1.3113022e-08	70.6214	-0.0035100686	-13.511765	0.18663576	0.020405034	0.21575	0.008595813575666397	0.0030245206103271106	3.0	1730.7996826171875
162	1212.5952	200.35385	1562.1458	934.3214	351.36365	275.42987	77.45317	340.64658	7.3479724	652000	-4.768372e-10	58.617428	-0.022674032	-31.851353	0.18667173	0.012259921	0.17375	0.009710642448626459	0.0036955386693164082	79.0	1740.8886828422546
163	1267.2292	437.56882	2327.0525	883.1574	370.5	280.85114	75.02505	340.17377	5.965245	656000	-1.8954276e-08	94.67488	-0.02345711	-32.778713	0.1900041	0.013901123	0.161	0.010113129781093449	0.004127768262335494	79.0	1751.0364153385162
164	1431.5112	471.3621	2355.204	985.5948	418.33334	281.75583	74.95576	339.2469	5.6249094	660000	-4.2915342e-09	62.790222	-0.015806349	-26.06633	0.17450301	0.015132318	0.16275	0.009823356941342353	0.00366789436550625	26.0	1760.976338148117
165	1661.092	592.51465	2686.561	880.54755	484.25	289.36536	71.551926	339.9915	5.494623	664000	-2.6226044e-09	60.856686	-0.019956313	-20.989338	0.17609082	0.015195211	0.13275	0.009916543494910002	0.004184561663213801	56.0	1771.122111082077
166	1612.3387	687.9722	3137.4705	974.06836	467.5	289.38138	72.87855	340.79822	5.9241257	668000	-3.9339065e-09	57.68511	-0.021491503	-25.819818	0.180295	0.011420178	0.151	0.011972912764176726	0.0051332268839240506	79.0	1781.2449054718018
167	1676.0249	836.54376	3396.5425	973.0197	490.375	292.70737	71.50989	340.03918	5.429184	672000	2.3007393e-08	79.476875	-0.019749425	-28.984947	0.17790073	0.009551178	0.1345	0.009345551901496947	0.0038000514639284517	79.0	1791.3584141731262
168	1077.6176	159.5445	1364.4453	904.9419	312.58334	268.23645	80.0443	340.7771	5.0958595	676000	1.7404556e-08	116.42419	-0.001922446	-69.06622	0.16977927	0.017568037	0.22325	0.009301693947054445	0.0037209832553444016	2.0	1801.0655665397644
169	3076.4275	29.995115	3117.9941	3038.9746	1000.0	324.59183	12.045612	339.26932	256.40997	680000	-6.556511e-10	153.07774	-0.0072466577	-110.39943	0.16936721	0.016950745	0.199	0.008767200375441462	0.003209975000859756	12.0	1810.993642091751
170	1741.848	714.17456	3157.9607	631.5054	544.8571	291.09106	56.538166	334.80188	6.611	684000	-2.157688e-08	1033.945	-0.01815642	-419.95435	0.16869718	0.0070680683	0.1425	0.011313683830667286	0.004963668631496403	79.0	1821.3478767871857
171	1561.1417	675.3412	2670.7192	904.3892	480.7143	272.81882	63.94373	328.00885	5.7152205	688000	-5.4836273e-09	299.93402	-0.020386375	-141.09094	0.16705248	0.013882857	0.15525	0.010963732302188873	0.0038604730751688908	79.0	1831.5557131767273
172	1741.1034	808.7068	3117.3008	931.82837	539.5714	284.51193	59.76792	327.93558	3.8481412	692000	1.1205673e-08	147.87387	-0.012380415	-41.271606	0.161295	0.016208453	0.21325	0.010969565119594335	0.0038821456336630244	15.0	1841.54660987854
173	3154.9143	37.52357	3193.287	3093.043	1000.0	314.8153	9.942008	328.88538	253.98114	696000	1.07288365e-08	91.8003	-0.0021480927	-62.13655	0.16686614	0.016621169	0.195	0.0116452213563025	0.004293439943809955	5.0	1851.445764541626
174	928.47705	118.32285	1189.8973	641.3914	276.7857	263.80527	75.63338	336.54633	8.786321	700000	1.1920929e-08	1227.9581	-0.0044235196	-468.2578	0.16707602	0.016932322	0.199	0.010591236196924002	0.003485885932724636	5.0	1861.3573369979858
175	1003.52515	169.10704	1545.1381	808.10223	296.30768	246.9131	77.93769	318.33063	0.52774477	704000	-2.1219254e-08	226.64626	-0.025014346	-159.63008	0.16653581	0.012855808	0.18175	0.01128390854690224	0.004747454532821146	79.0	1871.6579627990723
176	1359.1737	266.69034	1749.6907	958.9265	397.8	268.83713	73.742485	331.7611	-0.28861094	708000	-5.3644182e-09	162.60332	-0.015339552	-108.063385	0.14662136	0.017246826	0.15875	0.010284329622518271	0.004069001627546987	26.0	1881.7402267456055
177	1128.8274	260.99515	1706.8734	882.0651	331.58334	268.0415	80.304276	337.91388	4.228412	712000	1.2874604e-08	94.45239	-0.022470618	-27.671425	0.14047413	0.0077146585	0.131	0.009688971764408052	0.003663331442288303	79.0	1892.1235501766205
178	1399.4324	589.9171	2807.8232	952.85486	410.8889	280.00018	72.50783	337.4547	4.157452	716000	-2.002716e-08	77.15722	-0.0048261983	-22.560173	0.12987965	0.017335556	0.22125	0.008112744900863618	0.003848949872628609	2.0	1901.9380857944489
179	2582.6465	656.31854	3250.4583	1740.1698	779.8	313.3258	49.16993	340.06345	4.450585	720000	2.2530555e-08	45.75701	-0.019252785	-19.642254	0.1301547	0.015260198	0.173	0.008676807747688144	0.00334786704073081	68.0	1912.0764501094818
180	1430.731	489.19037	2482.8962	898.25525	415.55554	284.72888	70.78012	340.8869	1.48313	724000	-4.899502e-08	244.06424	-0.01708937	-108.67523	0.11039339	0.01510149	0.14575	0.008874583272263408	0.0037689889116468904	42.0	1922.2427122592926
181	1681.5847	651.5853	3134.0862	1019.70764	493.85715	295.8891	69.17762	343.30594	3.8771238	728000	8.5830685e-09	505.06464	-0.019497592	-210.29462	0.107077055	0.012564461	0.14675	0.008603423077147454	0.0034453115385363717	79.0	1932.5204849243164
182	1977.4469	971.4772	3337.1335	1095.3749	584.0	305.28012	59.761307	344.51297	5.912417	732000	7.2717667e-09	195.68907	-0.005262702	-155.83128	0.099679515	0.015624191	0.19625	0.008211598601192235	0.003548629338341945	6.0	1942.35244679451
183	1520.1885	808.74786	3320.4194	915.2932	443.7143	302.56128	64.78143	345.86462	7.235981	736000	-1.2397766e-08	45.89213	-0.018957036	-23.866016	0.09829406	0.01518569	0.1625	0.010609151185490192	0.005226950673919936	75.0	1952.574408531189
184	1903.0723	946.79016	3342.6719	969.27515	564.4286	307.45963	60.89349	347.6036	3.3760738	740000	-2.014637e-08	63.761497	-0.00071842014	-27.201668	0.08794921	0.015729154	0.15725	0.007865453183185309	0.0028797959107577996	2.0	1962.320690870285
185	1005.74536	120.54927	1230.1824	844.3828	293.07693	267.64612	77.4478	340.1785	7.754824	744000	-1.859665e-08	585.5175	-0.003110458	-194.68246	0.087759286	0.018064518	0.2605	0.008128465004265308	0.004481976175320997	3.0	1972.1748995780945
186	1073.6359	163.38763	1343.7332	772.6163	312.75	260.43234	75.85245	336.4049	6.2323446	748000	4.887581e-09	120.464226	-0.010546824	-80.92747	0.08723633	0.015278112	0.14325	0.007738202775362879	0.002912097948064591	10.0	1982.0895640850067
187	1397.2367	276.5652	1783.8358	1020.51025	401.8889	281.1878	72.013016	339.54138	2.4665675	752000	-2.0742416e-08	103.310715	-0.0043544895	-50.65214	0.08462381	0.016711721	0.228	0.008468537745065986	0.00424742575298339	2.0	1991.9416477680206
188	900.3255	404.8704	1733.7985	310.16437	284.0	303.88358	56.319553	346.07272	7.114082	756000	-5.2452087e-09	11315.271	-0.019439878	-5701.986	0.08379703	0.008909611	0.1625	0.007424450316466391	0.00289723521033604	79.0	2002.0286979675293
189	1033.403	405.12146	1764.5282	540.78076	311.63635	227.55072	47.535336	287.6821	5.3111377	760000	1.8119811e-08	6116.1445	-0.003117403	-1673.1704	0.08965811	0.018103803	0.23425	0.007893237792886794	0.003308609556211244	5.0	2011.8350052833557
190	972.5982	79.51682	1227.2037	882.23566	285.14285	240.56697	68.16845	314.06494	5.5954733	764000	2.2649764e-09	566.69324	-0.0027892631	-470.0199	0.08921493	0.015320882	0.17725	0.007813111003488303	0.003170788388884376	4.0	2021.60444688797
191	955.23224	83.77652	1136.796	791.4524	276.7143	251.93744	76.18562	325.46683	3.7783504	768000	1.7762185e-08	121.62775	-0.01649108	-58.26009	0.087750986	0.016225705	0.127	0.007578978664241731	0.0031403363758429636	45.0	2031.5261466503143
192	940.11957	82.975876	1128.6122	777.85974	274.2857	253.97182	78.372536	334.11047	4.677836	772000	-9.059906e-09	77.14808	-0.024985548	-16.894379	0.07919276	0.012751831	0.1785	0.0077432731515727935	0.0030004434806482675	79.0	2041.6392216682434
193	1013.6557	116.06894	1385.9122	944.50244	294.69232	256.82367	76.042946	333.78183	5.1789126	776000	5.2452087e-09	91.36191	-0.013459062	-37.97202	0.067319274	0.0150524415	0.16475	0.006620018852408975	0.002816893780282466	16.0	2051.4782149791718
194	1206.4269	358.833	2292.8018	963.3818	348.72726	267.881	75.78619	339.31696	1.806817	780000	-1.66893e-08	147.97227	-0.020976655	-83.66817	0.06989297	0.012000596	0.1395	0.006707991224247962	0.0029628999364021366	79.0	2061.6576311588287
195	1214.0804	265.17062	1845.2208	967.85046	351.2	278.60663	76.044754	348.3927	3.9626288	784000	7.629395e-09	76.4313	-0.0056784838	-16.039745	0.0725789	0.016166657	0.178	0.006275094267912209	0.002445038217189662	6.0	2071.154125213623
196	3050.2961	372.25656	3272.1902	2405.6833	926.25	329.57742	31.12561	352.69724	6.54053	788000	3.5762786e-09	53.591583	-0.017554732	-22.915625	0.072013624	0.0059298538	0.1255	0.006886452564503998	0.0028822738117491196	79.0	2081.1893544197083
197	3152.9875	194.10068	3366.4465	2859.2336	932.0	317.4678	49.8463	346.25226	3.776702	792000	2.4080277e-08	38.993446	-0.005535412	-9.523863	0.07371756	0.018984694	0.20075	0.007875231350772083	0.0031852126115032493	6.0	2090.9326555728912
198	1048.3169	230.48691	1802.2994	895.8525	303.46155	268.92896	82.030655	341.27655	1.2219553	796000	4.768372e-10	144.7381	-0.024601376	-81.0403	0.072369464	0.008875939	0.1665	0.008372992074582726	0.00404537061094712	79.0	2101.0184466838837
199	1126.9813	309.51328	2054.3032	955.27386	329.27274	270.475	76.90933	338.0625	5.082992	800000	-2.6702882e-08	114.657135	-0.0053048534	-28.450226	0.06459745	0.017850073	0.19225	0.0076316851424053315	0.002823609650004765	5.0	2110.7202699184418
200	2675.214	978.29016	3261.411	981.0911	822.0	326.35718	32.20319	348.5345	6.0138593	804000	-4.6491624e-09	39.511604	0.00025312664	-14.335562	0.06468197	0.016124176	0.21675	0.008020102861337364	0.0029972411689716343	2.0	2120.7842812538147
201	1377.8197	464.0365	2345.9614	874.965	400.0	277.52094	77.41559	342.81076	5.2266493	808000	4.7147275e-08	97.61783	-0.020464787	-27.316147	0.064792804	0.015055246	0.21625	0.008725127230864018	0.004377248246676399	59.0	2130.9570748806
202	1255.4768	415.95325	2058.0276	962.66876	366.8	276.70575	78.70964	343.77527	5.197106	812000	1.1205673e-08	84.93713	-0.0047803386	-27.149757	0.040777836	0.021796925	0.21825	0.007106255788821727	0.003082172959796287	2.0	2140.769465446472
203	2203.4456	775.13544	3271.8457	1251.973	649.3333	304.48883	62.48484	348.10165	2.9793096	816000	1.7166137e-08	43.998016	-0.020294053	-25.697903	0.040383935	0.009971786	0.13625	0.006855748733505607	0.0026895091150961783	79.0	2151.0320439338684
204	2470.0425	861.0636	3390.7817	1231.3651	722.6	313.86108	54.212097	346.0023	7.4447374	820000	2.6226044e-09	71.57175	-0.011639043	-45.203182	0.027377166	0.015236707	0.142	0.006835231578443199	0.0028364456387664602	12.0	2160.9239223003387
205	1667.8004	716.64606	3358.2158	1050.9794	487.25	298.599	71.82089	351.93762	-2.7997375	824000	-1.7166137e-08	76.559685	-0.0012824383	-36.71871	0.026621582	0.015894394	0.1975	0.007131720841862262	0.002911264179325824	2.0	2170.921364068985
206	3273.641	10.419301	3286.2856	3257.3638	1000.0	339.81693	12.412649	353.2385	266.43085	828000	7.390976e-09	45.029087	-0.01922395	-22.132196	0.02673399	0.0035714349	0.1335	0.0065979894413612785	0.002739440211660272	79.0	2180.8084964752197
207	2706.9814	750.57245	3304.712	1463.2046	802.25	324.4028	43.033344	349.2622	6.0209713	832000	-4.768372e-10	59.790546	-0.017887903	-39.911873	0.007589022	0.010944075	0.12575	0.007222599980887026	0.0031701521507928737	79.0	2191.0152683258057
208	1470.3896	295.06268	2020.1465	1132.0139	424.55554	290.711	75.069565	350.58524	6.833694	836000	-5.9604646e-09	75.76829	-0.017510844	-38.98978	0.0035227938	0.015201122	0.13975	0.006543970262864605	0.003161290007327259	26.0	2200.7885723114014
209	2115.2927	875.09705	3301.205	1167.8256	626.8333	315.61206	56.23937	350.7652	4.1902294	840000	3.9339065e-09	35.49309	-0.019675046	-7.868124	0.0012509823	0.012149287	0.158	0.006348501385655254	0.002417337666184903	79.0	2210.7451672554016
210	2387.2026	632.63477	3295.7595	1522.7823	701.2	316.33273	55.780552	348.91745	7.664964	844000	3.7670137e-08	37.572495	-0.02063185	-6.002405	-0.0068433685	0.011369137	0.14575	0.006373604233376681	0.0024631462304986864	79.0	2220.822872877121
211	3020.9958	554.95667	3357.272	2059.9402	899.0	331.04388	33.07449	348.32886	7.246855	848000	-9.298325e-09	19.572762	-0.019576052	-10.479709	-0.0097723	0.015653718	0.1425	0.0056833037128672	0.002661692197452823	72.0	2230.6823766231537
212	3069.3079	445.98096	3356.4836	2297.6277	915.5	334.08572	32.9829	351.93542	5.188201	852000	-7.95722e-09	18.66894	-0.019997185	-2.847516	-0.017906466	0.009318368	0.12075	0.005737187102204189	0.0027445770882491794	79.0	2240.81981921196
213	2020.077	625.3368	2868.3274	1181.3181	585.1667	307.76886	66.22588	352.50153	6.0493574	856000	2.7179718e-08	61.380024	-0.020257732	-22.107578	-0.033789236	0.016663773	0.17225	0.007114350830670446	0.0036116659350030333	50.0	2250.7205452919006
214	3302.425	11.680092	3321.8704	3290.8196	1000.0	341.10275	12.341607	353.2479	266.50015	860000	1.9192695e-08	22.953026	0.00012914705	-9.525337	-0.040780418	0.015751882	0.19125	0.007086807216983289	0.003869351714107476	2.0	2260.458024263382
215	1139.7119	216.21162	1687.5519	967.69806	330.08334	273.53735	82.11277	350.65747	2.4834046	864000	2.6941299e-08	110.065834	-0.0031869418	-62.34042	-0.041732628	0.018117303	0.17375	0.006945001822896302	0.0031389898118558703	4.0	2270.033779144287
216	1224.2236	239.01422	1767.4174	976.76654	355.0909	274.0235	77.27314	346.84232	2.6366343	868000	-3.4332274e-08	64.25511	-0.020491602	-8.270519	-0.04297046	0.015291926	0.157	0.006412851278437302	0.0028781753866485267	31.0	2279.818570613861
217	1839.1451	570.3789	2829.024	1138.0312	529.7143	294.40027	68.42783	348.67474	0.4634323	872000	-4.768372e-10	84.73019	-0.021029193	-36.838654	-0.037359476	0.011442969	0.1255	0.006658831173554063	0.0029122546637307587	79.0	2289.987863302231
218	1652.5464	631.43207	2770.583	971.2608	476.25	293.63043	72.740204	346.8102	4.903884	876000	-2.6583672e-08	44.906834	-0.022738248	-9.979404	-0.044291098	0.013558661	0.15375	0.006764920561108738	0.0033866394220845478	79.0	2299.96857714653
219	1118.7748	97.50239	1223.8154	936.4538	322.5	271.25366	80.30813	345.11972	3.812891	880000	-1.2040139e-08	46.6634	0.001787449	-22.337261	-0.05795515	0.018334296	0.29925	0.006930180652998388	0.003485350987571812	2.0	2309.6647272109985
220	2894.936	552.68195	3328.8345	1963.1243	860.5	321.4208	40.56064	348.5949	7.909008	884000	-3.2663344e-08	56.752506	-0.014823577	-43.25075	-0.058367494	0.016131664	0.16875	0.006510031565558166	0.003394354603798511	18.0	2319.3501813411713
221	3295.8145	22.180101	3320.9368	3260.226	1000.0	337.55917	11.893889	349.40414	258.4778	888000	-2.2172928e-08	21.012339	-0.0037786907	-4.0280094	-0.05899267	0.019253923	0.2505	0.006472295629791915	0.003210252490927163	2.0	2329.1968064308167
222	1749.4708	753.5456	3334.9583	1208.0446	509.85715	306.413	65.17281	350.80148	6.6320324	892000	-1.680851e-08	49.35145	-0.019369256	-26.833874	-0.059177835	0.010625865	0.1235	0.005637748832814395	0.0024468829117109438	79.0	2339.1225423812866
223	1809.2732	688.1599	3361.5442	1192.1357	523.5714	301.97028	67.202866	351.51978	1.2869716	896000	5.722046e-09	38.962524	-0.022979915	-7.2964134	-0.060071625	0.013878034	0.155	0.006031034025363624	0.0031896876207186367	79.0	2349.2543592453003
224	2171.1692	766.1506	3360.5298	1086.9126	638.4	322.98486	52.06639	352.67587	6.1983695	900000	7.510185e-09	1498.747	-0.005699869	-162.61755	-0.06597805	0.02201179	0.24125	0.0072067459276877344	0.0035650473921939865	2.0	2358.879720926285
225	1919.6174	738.49347	2904.2327	1064.7827	552.4286	298.53204	66.63147	349.27975	6.6048155	904000	-2.849102e-08	97.93114	-0.013613897	-63.453247	-0.06671722	0.015322168	0.13625	0.00611994668841362	0.0025658491379438645	26.0	2368.6187040805817
226	2227.8933	1120.8945	3370.5122	864.54095	660.3333	318.93695	49.078384	352.5426	11.642755	908000	-2.5272369e-08	63.722427	-0.01928052	-40.886932	-0.0718158	0.015584274	0.1495	0.006041582936886698	0.0028044544279183267	43.0	2378.4746124744415
227	2512.0093	747.98035	3434.9185	1746.8406	733.0	320.34576	52.07313	353.9032	3.7021842	912000	3.170967e-08	59.336372	-0.010217979	-30.910849	-0.07278439	0.015095376	0.1725	0.006395863960497081	0.0030373974035544245	10.0	2388.278222322464
228	2399.1975	1088.8198	3360.821	918.8842	706.0	318.25885	58.438126	351.19257	5.6560626	916000	3.451109e-08	55.581177	-0.0011521974	-37.026176	-0.07533308	0.01599259	0.1905	0.006058164166752249	0.0024469217671398043	2.0	2398.3441908359528
229	990.1476	197.05698	1460.923	719.0619	284.64285	265.20923	79.05863	346.3848	5.6782975	920000	-1.7881394e-08	127.96187	-0.00081822125	-86.45654	-0.07607341	0.015264957	0.16375	0.006680766751524061	0.0027901545566290462	2.0	2408.247015476227
230	3330.5784	12.084133	3348.65	3315.5068	1000.0	337.00842	13.341496	349.92847	255.84003	924000	-5.7220458e-08	41.78193	0.0006522997	-27.162258	-0.07669663	0.018832725	0.23175	0.006476021416019649	0.002547792307428638	2.0	2418.3805527687073
231	1033.1694	144.82947	1456.5011	940.33057	301.07693	273.96002	82.81778	352.69067	3.132094	928000	2.515316e-08	301.49878	-0.017598316	-255.93002	-0.0769049	0.015491509	0.12425	0.006690290539991111	0.0027815969835150115	51.0	2428.689400911331
232	884.61633	97.32927	1062.6543	672.1661	257.4	251.91454	79.346176	329.69632	5.3345304	932000	-6.437302e-09	74.86539	-0.013195947	-38.765724	-0.08096215	0.015969817	0.1815	0.007539887451566756	0.0037147957847733165	15.0	2438.9364171028137
233	848.74274	71.607254	935.18884	714.52966	248.0625	246.22664	78.205055	328.76917	3.4550538	936000	3.1113625e-08	58.85405	-0.0032445395	-26.618477	-0.08174988	0.019425081	0.15375	0.006248369114473462	0.0027317635526353744	2.0	2448.516204595566
234	975.941	76.57796	1216.7764	900.41406	282.92856	251.33263	79.704445	334.05	0.41895485	940000	-1.1980534e-08	58.13376	-0.021059498	-37.961327	-0.08183093	0.012452545	0.14725	0.006483385800383985	0.002828889298828106	79.0	2458.738678455353
235	997.3981	55.27962	1129.6196	951.9422	290.92307	257.6688	78.06939	332.56332	0.63755274	944000	-9.536744e-10	24.146824	-0.0002761316	-5.622965	-0.08119278	0.015441966	0.21625	0.007434088725131005	0.0032946502643204697	2.0	2468.9435861110687
236	1129.424	151.96228	1510.6588	955.44867	326.33334	263.35632	76.742775	331.20355	4.352603	948000	-2.2888184e-08	81.67268	-0.0042280657	-39.241844	-0.081587635	0.017612256	0.13025	0.006784179520327598	0.003133210018744388	4.0	2478.804885149002
237	1415.7384	355.66922	1938.2108	968.57635	409.8889	281.49557	73.39077	342.8513	6.204753	952000	2.9206277e-08	78.66439	-0.01944771	-19.730083	-0.081950426	0.015802266	0.15075	0.006386232789373026	0.003099995750834991	36.0	2488.800845384598
238	2322.1235	889.8926	3337.2983	996.371	685.8	319.6985	49.695404	348.07407	3.277306	956000	-6.1392784e-09	36.507328	0.0006642611	-15.751537	-0.08377326	0.018212238	0.2405	0.0057102189876604825	0.00285598455078219	2.0	2498.584401369095
239	1091.2643	217.69202	1764.7125	945.92505	315.58334	271.08063	79.986465	342.57947	3.0568252	960000	2.9802322e-10	83.283295	-0.018677661	-34.065716	-0.084011875	0.009894351	0.1275	0.00570501813897863	0.00223963448062167	79.0	2508.5711052417755
240	1019.7681	111.59484	1270.1975	908.32764	294.23077	262.24902	78.1066	336.83688	1.6972618	964000	3.1232833e-08	31.765215	-0.0050100316	-7.789894	-0.086696625	0.018927185	0.17025	0.004796630932250991	0.002604440914070358	5.0	2518.1958887577057
241	1642.5986	649.39453	3000.9304	917.2012	471.0	293.96912	67.50805	348.20593	-2.8838983	968000	2.6464463e-08	110.40894	-0.017216822	-69.31713	-0.08780526	0.015811672	0.148	0.005687005452346057	0.002385839080738347	59.0	2528.154776573181
242	2075.2964	876.3806	3362.9863	1130.5073	601.1667	311.12347	62.423508	352.0319	3.4513807	972000	-9.6559525e-09	29.223019	-0.02170972	-8.973194	-0.09798103	0.012581988	0.173	0.00577026155544445	0.002733947111689069	79.0	2538.6772921085358
243	1868.5271	509.53406	2634.8628	1003.71936	538.4286	302.141	69.72743	351.70502	6.936463	976000	1.7166137e-08	44.351925	-0.020047853	-7.5427094	-0.1122494	0.015455999	0.13025	0.0069106899155303835	0.003689913122584315	61.0	2549.1134374141693
244	1740.1769	570.02405	2690.7935	1105.0342	502.83334	304.44113	66.96058	353.1839	5.2356896	980000	7.7486035e-09	52.732773	-0.020791354	-29.736397	-0.11149523	0.0117492555	0.148	0.006499405479989946	0.0032255853426979876	79.0	2559.314908504486
245	1656.8093	695.3693	3369.165	828.3713	479.0	296.23187	72.1957	349.1926	0.09955311	984000	-2.6226044e-09	111.23045	-0.015453479	-80.79174	-0.11745021	0.015852578	0.20825	0.007727139240596443	0.003693906841166358	48.0	2569.95543384552
246	3313.879	4.6571274	3319.874	3308.2969	1000.0	339.2755	11.849487	351.82626	261.63086	988000	3.9339065e-09	16.532673	-0.0021553494	-5.9593773	-0.12515764	0.017501028	0.213	0.006209037627559155	0.002679775428065094	2.0	2579.9375081062317
247	2628.5186	549.8707	3352.9001	1885.6665	763.8	320.76257	54.392857	350.58948	3.9781685	992000	1.3113022e-08	97.29597	-0.008690562	-68.19243	-0.12527506	0.018045053	0.16825	0.007213825471699238	0.003592279440940791	17.0	2589.820177793503
248	1213.9667	310.51813	1972.3453	956.08105	349.72726	276.4469	80.612495	345.196	0.054222107	996000	7.2717667e-09	132.22473	-0.021772668	-71.146164	-0.1296002	0.014151218	0.18225	0.0070740956231020394	0.005455277247809254	79.0	2600.359267950058
249	1008.8777	92.794876	1271.1581	944.71747	294.53845	265.0455	81.214355	341.2246	4.0344143	1000000	-2.6226044e-09	87.70223	-0.0035067534	-46.99565	-0.13932589	0.015256179	0.16275	0.006202089376747608	0.003398172461656522	2.0	2610.3642570972443
250	2058.217	261.3987	2301.988	1596.5447	597.0	296.1513	64.46222	347.0761	0.61164856	1004000	2.7060509e-08	102.33649	-0.021508012	-80.3512	-0.13958699	0.013662132	0.156	0.00625731848878786	0.0031634050670661332	79.0	2620.493662595749
251	3209.794	217.63226	3343.8499	2832.955	953.5	331.7698	31.316313	350.13388	13.372397	1008000	4.87566e-08	25.105398	-0.018078161	-13.546316	-0.14692472	0.013030303	0.117	0.006636097371811047	0.003524153767648815	79.0	2630.5082314014435
252	2424.978	795.2447	3339.8503	1432.6423	711.6	323.40503	49.987167	351.17212	-0.6946707	1012000	-3.069639e-08	23.542599	-0.017899277	-5.907078	-0.15132657	0.015115605	0.16225	0.005661864406429231	0.0025795693479906735	35.0	2640.560816049576
253	1893.7743	438.0893	2549.3127	1254.4186	545.5714	303.0288	70.585	351.45895	0.8930383	1016000	1.1324882e-08	71.40505	-0.023198502	-22.539425	-0.16317162	0.012301397	0.14975	0.0057904071186203505	0.002848836792249045	79.0	2650.7543184757233
254	1903.7347	622.07477	3319.0588	1282.862	555.4286	306.65958	64.4727	350.80045	0.6282358	1020000	-1.66893e-08	47.81563	-0.006700255	-13.071365	-0.15564813	0.015473238	0.1405	0.004894861455541104	0.0022574665609274547	5.0	2660.4472954273224
255	3094.7935	393.9591	3385.8354	2416.2292	926.5	328.2617	37.717766	351.39334	15.878941	1024000	-3.8266183e-08	34.93014	0.00076387083	-19.71566	-0.15714623	0.016772263	0.29425	0.0057029233896173535	0.003594383196913583	2.0	2670.1787226200104
256	1430.5822	516.87036	2635.714	811.54724	408.33334	279.04773	75.55597	342.95853	-2.0880375	1028000	2.360344e-08	184.6334	-0.01569442	-142.89746	-0.15815574	0.015063042	0.14	0.0056413259624969216	0.002428982619500184	69.0	2680.5871629714966
257	1000.01984	102.51815	1202.6826	803.11096	289.30768	268.28726	79.83651	346.7383	1.1054602	1032000	4.863739e-08	106.68129	-7.6458455e-06	-70.569534	-0.15649496	0.025986094	0.328	0.0058893866301514206	0.0027037580961742904	2.0	2690.214726448059
258	3144.7524	313.36554	3344.0244	2602.4495	938.5	328.86746	32.352013	345.2499	2.3366208	1036000	2.6524066e-08	44.64333	-0.017794026	-28.1775	-0.15659344	0.008283366	0.135	0.005697192860534415	0.0030079778041269935	79.0	2700.136313676834
259	3164.565	237.14632	3308.184	2753.9365	951.0	334.52625	25.794773	350.85614	45.33211	1040000	-5.3048133e-08	84.45795	-0.01817262	-71.49396	-0.16107327	0.01577794	0.15425	0.005557286840630695	0.0025316096423407593	18.0	2709.73823595047
260	2243.2634	809.915	3345.5605	1255.4225	653.5	305.86972	68.60541	351.39328	-15.246824	1044000	2.3722649e-08	153.4058	-0.020360788	-122.51943	-0.1575879	0.010438129	0.12075	0.005884141174610704	0.0026091883462246827	79.0	2719.859145641327
261	2799.9546	338.9241	3353.5664	2431.4675	816.5	323.7163	50.83489	352.0423	-0.39955664	1048000	2.193451e-08	24.736525	-0.025828054	-8.308512	-0.17558601	0.0126518635	0.16175	0.005653089153347537	0.0027262422000940505	79.0	2729.8654220104218
262	1861.0455	583.5101	2995.6953	1155.5336	533.0	301.2965	69.406525	351.61966	-1.6215243	1052000	-1.525879e-08	45.04642	-0.006510226	-25.501501	-0.19393036	0.015108478	0.1555	0.006302107475930825	0.002839264412716975	6.0	2739.5172758102417
263	2521.4773	254.35631	2899.8618	2248.7078	724.0	310.23013	64.55487	351.54767	0.7928996	1056000	-2.1219254e-08	40.380394	-0.019606825	-20.443804	-0.1945156	0.011189946	0.1545	0.005577533099567517	0.002720359807015143	79.0	2749.669454574585
264	1904.0917	835.55914	3383.6738	1216.95	551.5	308.19095	65.387985	352.3301	-9.968243	1060000	-8.732081e-09	41.116806	-0.020929711	-20.489857	-0.19840269	0.016185544	0.175	0.005712785210926085	0.0026979825386727325	36.0	2759.461009979248
265	2250.3098	901.4787	3373.6843	1391.2344	662.8	325.68262	52.370567	356.10385	-7.49715	1064000	1.525879e-08	40.212986	-0.021668652	-30.834862	-0.20275879	0.013729735	0.16	0.005253408412681892	0.0027129155815154367	79.0	2769.6544966697693
266	2799.801	898.4615	3341.2407	1244.1085	839.0	333.03418	32.414642	349.36325	14.903477	1068000	-1.26361845e-08	29.341501	-0.017249092	-12.940556	-0.19996338	0.006972273	0.13125	0.005428336459444836	0.0023786584519199278	79.0	2779.7952926158905
267	3288.1917	26.214136	3308.5017	3243.204	1000.0	338.74356	12.006723	349.28833	262.607	1072000	1.9550324e-08	14.530965	-0.01643412	-5.9682274	-0.20226774	0.009359596	0.1335	0.005615250328555703	0.002926392910124376	79.0	2790.2107400894165
268	3222.5383	48.193913	3289.3752	3169.122	1000.0	332.44293	12.225279	348.03778	260.0149	1076000	-1.26361845e-08	36.52518	-0.021093074	-15.10544	-0.20991276	0.004552127	0.1465	0.005648705486673861	0.0025363590897128116	79.0	2800.388335466385
269	3081.4268	426.37726	3330.7593	2342.9448	919.0	329.40515	31.694576	347.60486	3.4373817	1080000	-2.4080277e-08	31.965626	-0.021728704	-22.63374	-0.20774072	0.013410058	0.17375	0.006877147010527551	0.0032300524766270804	79.0	2810.386974811554
270	3250.3948	157.314	3378.8457	2981.2236	966.25	334.15717	30.412844	349.94232	3.6479926	1084000	3.170967e-08	55.555428	-0.018775571	-33.057503	-0.21852084	0.013304457	0.14025	0.005308440886437893	0.002573381574183555	79.0	2820.4202919006348
271	2178.467	792.14374	3365.5933	1457.543	631.6667	310.85004	66.522575	351.75064	-1.963306	1088000	-3.8743018e-08	107.06765	-0.0024863756	-77.629295	-0.2143596	0.016082061	0.17775	0.005561880053719505	0.0023834763579983443	2.0	2830.0906047821045
272	3269.8174	31.72017	3315.2146	3237.8145	1000.0	337.87622	11.898517	353.48102	263.94498	1092000	1.704693e-08	28.584846	-0.0077469144	-17.064774	-0.21412091	0.015686568	0.19125	0.005575276524759829	0.0027387244950233557	20.0	2840.0539605617523
273	1881.8292	855.50256	3404.2883	926.3785	543.4286	302.8911	65.01011	347.15955	4.8459263	1096000	6.0796737e-09	69.30035	-0.008111925	-35.067833	-0.21600221	0.016923737	0.1985	0.0065664386213757095	0.0032241521890026084	12.0	2849.9670598506927
274	1665.5483	830.39276	3399.8398	926.18976	482.75	302.16867	68.39392	352.98685	0.9312525	1100000	-4.339218e-08	99.066986	-0.023750432	-44.377316	-0.22154346	0.010895575	0.12925	0.00563073449768126	0.0020934557660376107	79.0	2860.35578417778
275	2998.057	524.21454	3363.0679	2097.781	882.75	332.50864	45.617603	355.66272	-4.0337725	1104000	-2.3901462e-08	21.910189	-0.0015597276	-12.830971	-0.22936629	0.018352192	0.193	0.006700913289096206	0.0038551969576901216	2.0	2870.551019668579
276	1187.0784	275.83823	1667.7642	844.3455	342.1	283.48993	78.30624	353.29852	-6.0501904	1108000	5.1021576e-08	84.57828	-0.020035233	-44.797295	-0.22938202	0.016427832	0.19225	0.007181120002642274	0.0034860307370089207	29.0	2880.8033475875854
277	2670.727	669.5065	3363.3936	1544.0195	784.6	320.30267	50.82635	348.7587	7.413229	1112000	-6.1273575e-08	46.268623	-0.018349089	-29.221912	-0.24029782	0.008910884	0.1195	0.006167844394221902	0.0034665623280206435	79.0	2891.377070903778
278	2804.8015	580.61255	3352.7366	1961.4325	826.0	330.90845	41.231194	351.532	10.737303	1116000	-3.576279e-08	24.064745	-0.0237719	-11.847823	-0.24684829	0.0056808125	0.1375	0.006568233707221225	0.003687498871106993	79.0	2901.8217537403107
279	2494.6938	797.1346	3360.674	1531.0616	734.4	324.3792	52.812046	353.70615	-2.1812034	1120000	1.45435335e-08	23.053862	-0.0005635377	-12.254947	-0.25332576	0.020367563	0.2515	0.006282444298267365	0.0029655033504757374	2.0	2911.91316986084
280	1950.15	628.5465	2592.6104	940.6183	558.5	305.74734	68.04865	350.54538	3.2550168	1124000	2.6404857e-08	57.227276	-0.016127031	-31.513325	-0.25371745	0.015403811	0.18575	0.005163504552328959	0.0023124167930879992	19.0	2922.037444829941
281	2353.2559	722.92865	3408.3071	1490.147	674.0	314.69342	63.614845	353.15082	7.078167	1128000	5.686283e-08	29.96058	-0.020169448	-11.670771	-0.25475457	0.013806589	0.142	0.006040218063862995	0.004914622498013392	79.0	2932.322984457016
282	3359.4187	19.828758	3389.1006	3339.925	1000.0	341.69437	14.90018	353.01245	241.68196	1132000	-2.4914742e-08	6.239574	-0.0040525664	-1.6380925	-0.25496516	0.015391788	0.18025	0.0065004309266805645	0.0029817085090429758	2.0	2942.260056257248
283	1595.2045	288.4775	2075.618	1251.7404	456.625	296.86252	72.255486	351.1546	2.5517807	1136000	-1.6331672e-08	41.168118	-0.002204118	-12.157713	-0.2553433	0.01811297	0.19125	0.005584130872739479	0.0028190916871016314	2.0	2952.0754623413086
284	1538.4241	319.65558	2280.3987	1233.908	442.125	291.83307	74.82198	350.834	-1.942729	1140000	-3.8683414e-08	37.296383	-0.017814146	-10.732548	-0.2563434	0.015081911	0.19025	0.004890397287672385	0.0024330818542940094	47.0	2962.1172938346863
285	3343.747	6.193588	3351.2927	3334.5464	1000.0	336.05112	11.65963	351.7988	263.02603	1144000	5.4836273e-09	67.94201	0.0040180054	-54.796776	-0.26082197	0.017463243	0.1825	0.0052803741977550086	0.0025713656296936266	9.0	2972.1007330417633
286	2347.2102	1108.522	3333.6218	801.2858	696.2	326.6677	46.98702	353.804	1.9425993	1148000	1.9669533e-09	190.9101	-0.019972662	-156.24756	-0.26165235	0.015021651	0.14175	0.0058591910055838525	0.0031152586870207854	34.0	2982.306374311447
287	2805.7173	599.23047	3446.9895	2086.148	817.25	321.6553	52.993782	351.09924	4.3976974	1152000	-1.0967255e-08	41.52793	-0.023010258	-29.998459	-0.2604518	0.009087413	0.14975	0.006182975867995992	0.0027244055283961797	79.0	2992.6404914855957
288	2378.726	771.4606	3353.4653	1403.7029	697.2	321.7602	55.28829	354.28992	6.163411	1156000	1.1444092e-08	105.45456	-0.0035093732	-65.66434	-0.27396	0.019555299	0.20125	0.006806502991821617	0.0032316229850226103	2.0	3002.637883901596
289	1568.751	840.05005	3349.046	964.40375	460.75	296.5677	74.00802	349.91214	6.533161	1160000	-2.360344e-08	73.025764	-0.023698926	-29.143059	-0.27431184	0.012005035	0.2245	0.006331276625860483	0.00281962591168151	79.0	3013.277050256729
290	3188.8643	18.42596	3217.6453	3166.3003	1000.0	331.74744	12.4813595	351.1221	258.7705	1164000	1.1503697e-08	65.329056	-0.017272826	-47.01113	-0.29921535	0.011014025	0.12	0.007094253061804921	0.002881852296568945	79.0	3023.387540578842
291	3197.4172	17.425749	3226.3247	3182.4753	1000.0	326.82074	10.604309	341.35168	258.33685	1168000	-3.2782555e-08	18.041046	-0.017480245	-3.7589397	-0.31042302	0.007010053	0.1325	0.00776402753777802	0.0036388809743445228	79.0	3033.533106803894
292	3312.2983	21.930119	3339.5874	3279.3496	1000.0	332.04495	11.430395	347.0116	258.69876	1172000	1.7642975e-08	64.20204	0.0066509354	-48.322086	-0.31509602	0.023188375	0.265	0.006625524086412042	0.003095116689160001	1.0	3043.2441642284393
293	1161.2291	117.4436	1295.1902	975.2414	335.45456	279.94324	79.34433	350.66406	8.592312	1176000	-5.2452087e-09	185.97084	-0.0058261584	-150.1666	-0.31485975	0.015786227	0.13675	0.006986512201838196	0.002668139236345014	7.0	3053.182937860489
294	1332.158	258.66083	1771.188	865.0006	381.9	280.19186	74.95258	342.10223	4.0581203	1180000	-3.4809112e-08	65.436676	-0.013783239	-21.093788	-0.31422073	0.015298094	0.16775	0.00765716454712674	0.004098307543511258	25.0	3063.151062965393
295	1570.9786	316.78488	2090.1587	1267.2823	453.0	292.61624	71.996605	345.26038	1.4714503	1184000	-2.6106834e-08	66.53058	-0.019655403	-17.129562	-0.3138916	0.011692571	0.13425	0.006849647455383092	0.0036134215458353937	79.0	3073.312826871872
296	1988.2125	445.6099	2703.3284	1437.7096	571.3333	307.32056	64.66341	351.52762	5.9439816	1188000	-7.7486035e-09	48.916946	-0.010246728	-26.33917	-0.31775078	0.01591722	0.19475	0.00635880121961236	0.0033736128690145233	15.0	3083.131186723709
297	2710.9216	1082.3336	3339.9346	836.2809	810.75	335.58917	30.631643	353.0097	19.899261	1192000	-5.00679e-09	29.62436	-0.011208094	-17.37003	-0.3221086	0.017558493	0.15175	0.006761023486033082	0.0038505656832375076	12.0	3092.8412668704987
298	3255.0728	28.568483	3286.4158	3218.3945	1000.0	338.93896	12.622914	354.47678	261.3402	1196000	3.606081e-08	53.06863	-0.0008396735	-33.058746	-0.3243597	0.015509743	0.20875	0.006513307453133166	0.0033484271745706493	2.0	3102.4906103610992
299	1938.6064	648.2896	2941.2202	1238.7006	561.6667	303.79343	68.62266	348.35022	-12.074123	1200000	1.680851e-08	62.480774	-0.0014888645	-35.788223	-0.32480323	0.015280559	0.11975	0.007015949802007526	0.003328482354658879	3.0	3112.5715882778168
