Epoch	AverageEpRet	StdEpRet	MaxEpRet	MinEpRet	EpLen	AverageVVals	StdVVals	MaxVVals	MinVVals	TotalEnvInteracts	LossPi	LossV	DeltaLossPi	DeltaLossV	Entropy	KL	ClipFrac	StopIter	Time
0	16.203594	10.845355	63.80181	3.7995443	17.47807	0.05467051	0.06929696	0.2912296	-0.21348487	4000	-5.686283e-08	179.6061	-0.02115023	-69.3068	0.9189426	0.015126696	0.17625	3.0	3.64829683303833
1	24.740412	24.160147	164.73877	5.09899	22.318436	4.831505	0.47706404	5.0735893	-1.7710272	8000	4.768372e-10	573.2777	-0.0124269435	-90.33356	0.9180704	0.016599866	0.25525	5.0	7.624058246612549
2	48.727913	45.89201	219.76228	6.3230844	34.24138	8.737276	0.25025705	8.788443	0.9086492	12000	-1.8954276e-08	1614.6837	-0.01167293	-219.62439	0.9173523	0.016539698	0.27775	8.0	11.240838527679443
3	87.625	52.559475	231.28545	11.981725	50.36709	13.280086	0.022164565	13.2877445	12.64591	16000	3.7670137e-08	2460.2473	-0.015201323	-307.6975	0.9160885	0.008163155	0.0905	79.0	15.496534824371338
4	99.76926	61.550117	240.06361	9.775928	55.38889	17.694868	0.012570449	17.697937	17.196653	20000	1.1432171e-07	2872.6658	-0.015711006	-288.48096	0.9035654	0.009630474	0.095	79.0	19.424602031707764
5	143.37631	64.97161	232.41814	14.424251	74.66038	21.566692	0.013151456	21.568369	20.817278	24000	1.8835069e-08	3833.2466	-0.0123980725	-377.4026	0.9037304	0.0069585554	0.084	79.0	23.357636213302612
6	148.28859	56.593197	239.68094	56.71881	76.0	25.614546	0.004772815	25.615591	25.465893	28000	-2.6583672e-08	3394.5713	-0.016438589	-297.75635	0.9021303	0.009459551	0.08275	79.0	27.323704481124878
7	175.93463	46.96557	255.073	71.94438	86.8	29.073465	0.0026558044	29.074055	28.970959	32000	-8.022785e-08	3914.2004	-0.013877747	-337.35034	0.8947662	0.0053210645	0.069	79.0	31.274383783340454
8	186.39835	50.162056	238.9215	30.24153	88.48889	32.591507	0.0016690103	32.591938	32.553947	36000	-1.0490417e-08	4091.662	-0.01653191	-331.1333	0.8935576	0.010074505	0.1155	79.0	35.17183756828308
9	197.39528	38.901943	228.10254	48.62745	92.558136	35.98636	0.001000528	35.986614	35.95884	40000	8.106232e-08	3926.9446	-0.014051492	-304.60254	0.8730001	0.009660538	0.08075	79.0	39.17233347892761
10	209.13231	15.548654	234.64667	140.34933	96.68293	39.17979	0.0010956759	39.18003	39.146774	44000	5.7697296e-08	3807.9326	-0.010348917	-287.12402	0.88542414	0.007097072	0.06825	79.0	43.12955713272095
11	194.67995	35.87524	232.80428	57.36602	89.13636	42.235157	0.0010555747	42.235382	42.202374	48000	4.4941903e-08	3356.7458	-0.011171878	-233.53613	0.87336296	0.0017667084	0.05825	79.0	47.07929301261902
12	201.62384	25.158049	231.8962	57.93573	91.72093	44.986263	0.0009456606	44.986435	44.947227	52000	4.172325e-08	3181.9944	-0.010372494	-214.07983	0.8818261	0.005413143	0.053	79.0	51.40383768081665
13	200.2684	15.870131	219.25087	116.928474	91.11628	47.609436	0.0008232609	47.609604	47.584908	56000	-6.616116e-08	2908.975	-0.014408534	-188.43604	0.8745188	0.012912085	0.08175	79.0	55.38694095611572
14	204.56944	12.473676	228.65694	176.84196	92.76744	50.080578	0.007048964	50.08087	49.649517	60000	9.965897e-08	2783.6875	-0.008941595	-172.19702	0.89596486	0.00486192	0.0635	79.0	59.293678998947144
15	206.99658	8.755211	222.92229	188.56523	93.59524	52.452553	0.0004679525	52.45267	52.44401	64000	8.058548e-08	2702.4255	-0.0121663995	-162.43604	0.9067848	0.0031896243	0.0865	79.0	63.25491404533386
16	208.8255	12.882741	234.0403	185.08943	95.02381	54.76895	0.0004743748	54.76906	54.754147	68000	9.10759e-08	2570.9207	-0.008884977	-143.2544	0.90871614	0.0024788426	0.0535	79.0	67.2133457660675
17	205.47719	26.577557	230.09338	52.37435	93.309525	56.965797	0.00047437634	56.965893	56.95338	72000	2.193451e-08	2464.937	-0.014895423	-130.06958	0.9047859	0.010644638	0.0785	79.0	71.11995005607605
18	206.7761	12.034535	234.8328	171.42305	94.04762	59.07671	0.00040557625	59.076797	59.06339	76000	1.180172e-08	2229.3242	-0.013268125	-109.45239	0.9291136	0.0046199556	0.11075	79.0	75.03638505935669
19	202.95354	15.427533	233.05025	152.8014	92.76744	61.0391	0.0004287933	61.039177	61.025658	80000	2.3841858e-08	2027.5881	-0.0150317745	-88.48511	0.9162292	0.004933544	0.087	79.0	78.9212532043457
20	203.98744	24.585823	226.59915	57.55529	92.60465	62.828785	0.0003025882	62.828846	62.823204	84000	3.4987927e-08	2030.9496	-0.016565185	-85.15039	0.9309082	0.007985439	0.092	79.0	82.85395669937134
21	206.78079	11.447401	230.65671	182.3254	93.88095	64.599686	0.00030717844	64.599754	64.58795	88000	1.3351441e-08	1926.5316	-0.015257527	-78.3418	0.9323998	0.0076770326	0.0955	79.0	86.78266716003418
22	208.39516	15.162952	230.82666	143.67377	94.2619	66.324905	0.0002657869	66.32495	66.31916	92000	6.437302e-09	1909.429	-0.00970221	-72.86792	0.9180572	0.0006179638	0.054	79.0	90.71241188049316
23	208.65979	16.561441	236.5273	140.3255	94.47619	68.01184	0.00022943807	68.0119	68.0085	96000	2.3841858e-08	1852.2096	-0.016270973	-64.61182	0.9209309	0.012438889	0.10075	79.0	94.62439322471619
24	209.86026	13.22897	234.13756	183.71083	95.02381	69.62606	0.00029614745	69.626114	69.612915	100000	-1.0251999e-08	1792.0347	-0.011922721	-57.702515	0.9256019	0.0076117646	0.082	79.0	98.62730598449707
25	206.64772	13.913185	229.95459	173.71593	94.666664	71.17444	0.00020715292	71.17448	71.17131	104000	-2.193451e-08	1660.7583	-0.017020207	-43.06433	0.9290885	0.012170503	0.097	79.0	102.53811979293823
26	207.25862	18.36224	241.8257	127.09616	94.2619	72.54158	0.0002233679	72.54161	72.53488	108000	4.7683717e-08	1663.0205	-0.0137044005	-40.721924	0.93154174	0.0040989695	0.09	79.0	106.45725679397583
27	212.01855	12.578957	237.94194	181.32716	95.2381	73.88375	0.00018580626	73.88379	73.87949	112000	-1.5854836e-08	1770.4952	-0.018701887	-50.431152	0.91696167	0.011814966	0.098	79.0	110.31036591529846
28	214.28596	13.648039	244.69955	183.22664	97.414635	75.39109	0.00021478602	75.391136	75.38247	116000	-7.927418e-09	1675.4707	-0.016213192	-37.49048	0.9207323	0.009008165	0.091	79.0	114.15378069877625
29	215.84502	16.361643	263.88995	186.41212	98.05	76.73139	0.00021910174	76.731415	76.72307	120000	-8.5830685e-09	1695.092	-0.016063495	-37.62256	0.9160884	0.008134694	0.0985	79.0	118.02476239204407
30	217.09937	16.94957	255.84607	181.75783	97.975	78.08303	0.00015118334	78.08307	78.08159	124000	3.027916e-08	1684.6667	-0.01421141	-35.37732	0.92509866	0.006609892	0.07275	79.0	122.00941896438599
31	219.41573	16.506027	261.6912	182.26701	98.675	79.418465	0.0028155602	79.41856	79.247765	128000	2.0623206e-08	1652.1553	-0.017352393	-560.34937	0.9238764	0.009807818	0.08925	79.0	125.95335817337036
32	224.13333	20.909588	270.0452	158.30205	100.4359	69.457466	20.607824	80.932724	4.6460915	132000	1.7225743e-08	1223.4741	-0.01827162	-187.10242	0.94459426	0.0088698035	0.1165	79.0	129.89610528945923
33	226.71672	13.004068	265.2012	209.54105	101.38461	71.42903	21.749567	83.38992	4.3250933	136000	-1.1920929e-09	1021.3779	-0.014951435	-118.63263	0.9298138	0.00501239	0.0905	79.0	133.83515548706055
34	233.05461	25.142199	283.852	162.55608	104.07895	72.745636	23.032242	85.77395	-5.523927	140000	-8.463859e-08	1137.964	-0.0030259497	-127.430115	0.9307734	0.016462704	0.194	5.0	136.98491096496582
35	221.84116	15.613278	266.1276	195.02144	97.975	74.981514	23.746296	88.12489	4.1706953	144000	3.772974e-08	799.24945	-0.014088977	-89.62512	0.93026507	0.008070518	0.084	79.0	140.91052770614624
36	219.9445	23.759478	261.23474	170.92763	97.02439	76.1195	24.023165	90.24879	0.3696835	148000	3.170967e-08	741.7776	-0.016500967	-79.43695	0.92975515	0.008262384	0.109	79.0	144.8478705883026
37	230.89133	31.306248	287.1089	111.32652	100.92308	76.5714	25.564528	92.17119	-12.083381	152000	2.7298928e-08	918.7972	-0.017565694	-98.84503	0.9319616	0.00836788	0.103	79.0	148.8316252231598
38	239.25395	31.525148	293.87903	132.64325	103.5	79.78715	25.131483	94.23495	0.5300877	156000	7.2479246e-08	975.042	-0.0050611007	-101.20746	0.93460083	0.015665958	0.1425	5.0	152.02629399299622
39	259.68576	26.770351	324.21158	204.47568	112.22857	81.56058	24.895758	96.443924	-6.059063	160000	1.847744e-08	1085.6173	-0.019281365	-141.46307	0.9340745	0.008976383	0.13625	79.0	156.20718479156494
40	271.63617	23.197023	312.77008	217.62186	115.29412	84.971245	25.50574	98.96504	0.13217711	164000	3.8802625e-08	1170.0623	-0.017582502	-141.9812	0.9160294	0.0071756854	0.10875	79.0	160.11525011062622
41	274.6844	29.275068	316.1236	189.15776	116.64706	86.834496	26.553125	101.65248	2.9609952	168000	-7.0035455e-08	1133.1605	-0.01789721	-123.92413	0.9091539	0.008632948	0.112	79.0	164.04119110107422
42	282.4099	31.179623	326.66254	140.76259	117.93939	88.96142	27.5798	104.18281	3.0155113	172000	4.4107438e-09	1184.6482	-0.017337214	-127.88672	0.90927774	0.010242964	0.10375	79.0	167.91840600967407
43	289.25272	21.020758	320.59155	227.82115	120.606064	91.063126	28.39321	106.80683	-0.14051628	176000	8.130073e-08	1070.81	-0.017469542	-130.99658	0.9124524	0.011955896	0.12075	79.0	171.852308511734
44	274.28207	34.196682	342.18793	150.43527	116.47059	93.617386	28.484657	109.41705	0.68985057	180000	-6.03199e-08	905.3774	-0.018266946	-106.57092	0.91903704	0.011820606	0.1165	79.0	175.69430923461914
45	274.7189	54.501854	332.36255	90.83209	117.35294	92.11394	30.970161	111.4742	-2.0649993	184000	6.496906e-09	1043.5907	-0.0057176794	-101.42944	0.917169	0.015384722	0.1845	5.0	178.80788397789001
46	291.39062	21.13212	329.23993	228.29367	122.15625	95.3801	29.914946	113.381584	1.4403737	188000	-1.835823e-08	818.42584	-0.01873851	-109.63214	0.916652	0.009526343	0.11125	79.0	182.7393114566803
47	297.21832	24.936827	339.8896	203.8191	123.75	96.6526	31.786077	115.595436	-0.55824614	192000	-8.0823895e-08	839.77075	-0.017326519	-102.60474	0.92068887	0.010271849	0.10825	79.0	186.76082611083984
48	295.06085	31.597422	333.45792	160.43752	122.34375	99.05892	31.874432	117.86228	-0.06553221	196000	-2.1219254e-08	834.65106	-0.01754836	-99.19794	0.9157612	0.007887322	0.108	79.0	190.6485300064087
49	302.45032	17.23212	329.70746	231.39845	123.71875	99.56469	33.442474	120.00664	1.8781548	200000	4.541874e-08	710.20087	-0.020086514	-91.25458	0.9119641	0.014007437	0.1165	79.0	194.5467014312744
50	301.38147	28.994844	333.2546	185.4873	123.625	102.016106	33.28705	122.23371	1.5959594	204000	3.3378602e-09	723.4628	-0.018895011	-85.99609	0.9220305	0.010598973	0.11525	79.0	198.39326286315918
51	309.79413	16.698677	342.80182	270.63406	125.548386	102.017204	35.20337	124.283035	2.404164	208000	-1.9788741e-08	639.7554	-0.018768651	-84.49646	0.9257845	0.0122963535	0.1295	79.0	202.26285243034363
52	309.11975	24.138115	336.95346	235.62895	124.5	106.56141	33.309147	126.45676	0.91976166	212000	-4.8279762e-09	668.95514	-0.005460468	-83.34943	0.91286206	0.017382737	0.1745	5.0	205.39708828926086
53	323.59164	14.144414	346.71722	282.4773	126.19355	104.025696	36.99138	128.51562	2.646965	216000	7.629395e-09	789.828	-0.017168965	-155.52264	0.9124954	0.011810326	0.09	79.0	209.3112232685089
54	322.0899	28.730833	358.66904	252.67477	125.67742	110.35224	34.55053	130.92723	0.5273764	220000	-6.353855e-08	759.0261	-0.02053807	-94.98389	0.9141336	0.011994291	0.152	79.0	213.22914576530457
55	316.71277	50.312664	358.87732	81.31338	123.09375	111.226	36.40345	133.22652	-3.569607	224000	-2.5391579e-08	782.847	-0.016932648	-102.7453	0.90400064	0.01465872	0.13475	79.0	217.1678342819214
56	278.76376	77.911934	361.8239	47.854748	112.02857	117.978966	33.448765	135.29309	1.8462791	228000	4.5895576e-09	1377.6553	-0.009216013	-189.36804	0.9089674	0.020470986	0.2195	4.0	220.27395749092102
57	321.5894	33.7051	375.75357	221.35524	125.22581	110.69471	35.494675	136.19115	1.3525529	232000	4.2676927e-08	773.08484	-0.018186873	-187.15033	0.90905946	0.008851608	0.11125	79.0	224.1884162425995
58	311.143	58.16419	371.76355	91.31608	122.28125	115.76166	37.129578	138.02669	0.9516182	236000	-3.0994416e-09	839.1167	-0.0053672586	-109.7406	0.90035033	0.015334204	0.175	5.0	227.3864495754242
59	345.03357	20.251451	384.40582	293.12985	129.93333	114.04005	38.67426	139.63268	1.2480173	240000	-2.7179718e-08	715.74725	-0.018691264	-149.03796	0.8997506	0.011087543	0.11025	79.0	231.21748518943787
60	338.83136	45.82275	405.9001	179.30843	129.23334	118.7755	39.014313	142.1286	-1.351368	244000	-1.9073487e-09	804.20856	-0.005282037	-85.79535	0.90032953	0.015169451	0.14425	5.0	234.4103968143463
61	343.94574	17.920832	374.89542	299.1366	131.26666	118.67757	40.611076	144.3315	1.2422814	248000	6.556511e-09	453.74435	-0.022166848	-70.332825	0.89988315	0.013694616	0.16575	79.0	238.346107006073
62	342.89944	45.120125	403.06183	149.55112	130.5	121.90733	39.784992	146.43573	-1.6401324	252000	-1.8000602e-08	700.4899	-0.016661493	-91.71533	0.90366244	0.0153041715	0.12225	38.0	241.8815369606018
63	353.83047	21.992262	397.3188	296.49872	132.23334	121.87233	41.74141	148.38875	-2.1179094	256000	2.4199485e-08	530.3476	-0.020147534	-93.42398	0.90887725	0.011241833	0.13	79.0	245.72987055778503
64	358.88306	43.292576	412.12814	162.94516	133.41379	123.94143	41.71976	150.59085	0.810236	260000	-2.7120114e-08	705.0871	-0.018686496	-97.714905	0.8896798	0.011121818	0.13175	79.0	249.61514687538147
65	373.67004	21.688301	421.19083	311.07205	136.7931	126.70561	41.90775	152.80264	-0.0143585205	264000	-1.4305115e-09	619.8946	-0.01889154	-107.95328	0.8767644	0.011366047	0.12975	79.0	253.54260730743408
66	385.65082	38.90437	564.1677	336.9167	139.67857	128.8003	42.59519	155.26204	2.9199042	268000	-1.5556813e-08	762.3636	-0.022212548	-175.41742	0.87062055	0.015092438	0.126	73.0	257.4086809158325
67	376.82718	51.367226	575.29626	194.32289	137.58621	131.04524	43.873466	157.95969	-1.7595162	272000	-7.510185e-09	728.61694	-0.018926756	-109.43109	0.8787627	0.013224532	0.133	79.0	261.42050409317017
68	370.837	17.7137	430.05826	331.8382	135.75862	131.64897	44.884655	160.10432	-1.1969261	276000	2.360344e-08	331.4922	-0.021504609	-56.523987	0.88540745	0.012730374	0.1325	79.0	265.30992698669434
69	366.37125	66.22103	437.00113	91.17008	132.83333	133.24031	44.927116	161.9643	3.370669	280000	-7.867813e-09	720.9315	-0.0060339337	-78.24127	0.8818879	0.018147495	0.2445	5.0	268.4367218017578
70	377.30435	13.839431	403.05283	341.7964	136.89655	135.28334	45.321022	163.65475	-2.1854253	284000	-1.3411045e-08	291.54813	-0.016468424	-50.037598	0.8812273	0.0071835625	0.11175	79.0	272.33367681503296
71	378.25525	32.56888	453.88928	284.9732	137.17241	134.86368	46.39021	165.46101	2.152576	288000	-1.8119811e-08	371.95407	-0.021826344	-64.26758	0.8664895	0.011283092	0.13925	79.0	276.221732378006
72	383.45688	33.4377	461.86093	248.21219	138.53572	138.46408	45.38482	167.16165	2.129373	292000	3.4332274e-08	421.30286	-0.00451422	-56.25235	0.86630267	0.022726515	0.173	4.0	279.47227811813354
73	391.48978	26.297342	468.77542	337.20212	139.60715	139.49986	45.933098	168.8973	3.185534	296000	4.8100947e-08	418.88962	-0.018674081	-102.634796	0.86625594	0.015013842	0.134	46.0	282.9634938240051
74	380.97906	67.847244	482.34128	182.42455	136.51724	141.77187	46.65301	170.8035	0.8410282	300000	1.9311905e-08	884.59314	-0.0063826367	-103.4884	0.8587377	0.016796526	0.20875	4.0	286.06173396110535
75	372.80853	77.71928	497.52634	195.2507	134.24138	145.34381	44.17612	172.14944	4.8617597	304000	-1.2338162e-08	1193.629	-0.0073667453	-190.00922	0.85824794	0.019212125	0.21125	4.0	289.18098402023315
76	382.39142	89.99612	524.2399	96.140144	136.03448	142.74573	46.30106	173.10402	2.497665	308000	1.7881394e-08	1102.7139	-0.01004284	-170.44348	0.8577513	0.015647095	0.1865	14.0	292.3995313644409
77	409.80316	75.85226	679.8944	230.77498	143.48148	144.74669	45.60119	174.45625	1.0880423	312000	-1.9669534e-08	946.72626	-0.002004204	-202.54187	0.8531618	0.015872387	0.14925	3.0	295.543719291687
78	428.49564	77.08117	645.30524	358.08713	147.22223	145.87035	47.478672	176.55936	2.8653164	316000	1.9073487e-09	951.31744	-0.023005083	-234.11322	0.8520769	0.010720933	0.12275	79.0	299.42217898368835
79	409.41074	31.838564	516.46747	362.65515	142.5	146.96834	49.587498	179.32709	2.577291	320000	2.6226044e-09	449.7698	-0.013174402	-134.43945	0.84124666	0.015632663	0.14325	19.0	302.70250368118286
80	481.3368	98.97625	652.7167	389.3223	161.875	150.95006	47.37756	181.1666	2.1095934	324000	-3.105402e-08	1347.4668	-0.022831324	-307.50488	0.8452037	0.012842439	0.13525	79.0	306.75592732429504
81	510.86578	85.74058	638.36475	368.38113	168.21739	157.21713	48.41346	184.8764	-0.46153116	328000	1.2278557e-08	1428.0653	-0.016522005	-254.33142	0.8345175	0.016091488	0.141	27.0	310.0825524330139
82	525.3699	95.463684	635.4476	317.07706	173.27272	162.96129	48.025734	188.9568	0.58290577	332000	-8.46386e-09	1577.5469	-0.020817164	-210.89624	0.8275977	0.014610485	0.13475	79.0	313.9361672401428
83	555.8953	113.243164	860.50946	398.35312	183.09525	166.05731	48.979355	192.79419	0.99923325	336000	-3.8027764e-08	1444.9407	-0.024873765	-212.67932	0.82003134	0.012999378	0.12475	79.0	317.80695128440857
84	533.88275	148.28362	690.5552	172.8353	177.0	170.61937	49.317574	196.79286	0.36489964	340000	-2.4735927e-09	2155.4668	-0.017550442	-178.03027	0.80764484	0.014257425	0.1385	79.0	321.6411190032959
85	566.58203	134.02179	899.988	318.00623	186.33333	171.06815	52.260876	200.03255	-0.67553425	344000	1.9788741e-08	1477.0027	-0.021366557	-221.23608	0.805305	0.010537291	0.125	79.0	325.55276560783386
86	554.1235	134.22403	668.3627	76.94666	181.31818	173.90375	52.575356	203.05182	4.2450166	348000	-2.2888184e-08	1295.5518	-0.022854984	-136.01062	0.7949083	0.012001829	0.12925	79.0	329.4665310382843
87	603.9046	131.40953	964.189	386.70258	196.15	176.28294	53.2849	205.9091	2.7400522	352000	-1.5377998e-08	1194.2969	-0.009151624	-159.75146	0.7979075	0.015128375	0.13425	10.0	332.6533625125885
88	654.3364	89.85771	867.4382	410.7896	210.3158	180.664	53.00127	209.15378	0.98626184	356000	-5.5372716e-08	1246.8695	-0.022965267	-189.5824	0.79716015	0.012941951	0.12225	79.0	336.45803213119507
89	624.812	127.14047	852.3497	347.60764	203.73685	187.34337	50.956226	212.77711	4.339508	360000	-2.7418137e-09	1713.5623	-0.023874804	-335.30603	0.79098755	0.011654295	0.135	79.0	340.34988045692444
90	620.3592	127.64225	875.61475	277.10297	199.8	183.52713	55.70277	215.35826	-21.444128	364000	-7.1525574e-10	1620.0839	-0.022253668	-301.79065	0.7806862	0.009288135	0.13775	79.0	344.1631586551666
91	676.742	145.84009	1042.6027	411.45468	218.66667	189.19977	53.963882	217.77278	-3.0224538	368000	-2.4080277e-08	1132.5873	-0.022101838	-199.0531	0.7760472	0.012466533	0.1105	79.0	348.0002226829529
92	707.9046	129.93256	992.47345	470.39642	229.70589	190.37085	54.832058	220.6725	-2.2228913	372000	6.556511e-10	1266.0498	-0.0060117454	-253.87915	0.76849484	0.015930163	0.194	4.0	351.0852038860321
93	748.6616	216.7429	1386.412	513.10394	234.5	195.5695	54.940834	223.52277	-2.9918976	376000	2.7179718e-08	1650.5325	-0.025083192	-254.5863	0.76808995	0.011180994	0.1385	79.0	354.8871042728424
94	670.176	101.580444	911.465	446.12415	214.77777	197.57559	57.058006	227.33269	3.2857962	380000	1.8656253e-08	1111.3668	-0.021195557	-77.08533	0.75173753	0.008592815	0.15	79.0	358.7760009765625
95	777.72437	208.30444	1358.2495	591.5869	244.625	198.91031	56.214596	229.27498	0.10953951	384000	3.2067298e-08	1310.359	-0.003975637	-184.81519	0.7396214	0.015409195	0.15	4.0	361.85391569137573
96	662.0692	86.75983	795.64606	386.25876	208.78947	198.97653	60.170097	232.46393	0.53651	388000	-3.9339065e-09	624.29346	-0.020944603	-134.19598	0.73927855	0.009893131	0.12075	79.0	365.66104912757874
97	646.1075	71.86247	884.50415	562.36127	204.8421	196.88828	62.282864	234.46365	-6.1580095	392000	1.9252301e-08	357.65247	-0.024168456	-50.769287	0.7368821	0.0125871245	0.156	79.0	369.4552278518677
98	690.1535	116.19353	943.16504	488.27832	216.77777	200.07816	61.2196	235.93515	3.3321977	396000	-2.7894973e-08	590.9247	-0.021936098	-79.20773	0.7202286	0.009786637	0.1205	79.0	373.27382946014404
99	664.50195	139.9343	907.4346	190.59935	209.36842	202.6156	60.58763	237.90414	4.602522	400000	-8.3446505e-10	864.7192	-0.021364281	-236.21802	0.7212311	0.01444659	0.1445	79.0	377.11068296432495
100	684.75446	186.00177	1100.0991	160.7489	215.88889	202.22757	63.55315	239.5709	-4.028279	404000	-2.002716e-08	968.2005	-0.022291802	-116.12207	0.71951455	0.012424452	0.14575	79.0	380.93039655685425
101	693.7818	141.23872	959.1236	411.78442	220.33333	204.18243	62.43909	241.46883	-9.61909	408000	9.894371e-09	641.093	-0.023136549	-122.23395	0.72250456	0.011493473	0.14275	79.0	384.6786880493164
102	677.10077	140.91127	995.02155	271.42023	213.72223	205.2455	63.76846	243.11816	-14.457114	412000	1.2397766e-08	983.4435	-0.022971088	-62.437134	0.72193325	0.007498051	0.144	79.0	388.46949577331543
103	828.3009	254.49825	1554.458	433.67737	262.6	212.35417	58.02873	244.1792	3.2530403	416000	2.8610229e-08	1048.1249	-0.026188856	-287.02728	0.70512116	0.013779242	0.16725	79.0	392.3047704696655
104	753.46277	199.29855	1130.6815	227.49344	242.0625	214.50415	60.103054	246.6864	0.8146992	420000	-7.808208e-09	1775.7407	-0.024717765	-47.395874	0.69507164	0.010035682	0.15825	79.0	396.1701912879944
105	638.02386	173.33084	899.007	178.23366	203.36842	209.05872	64.1214	247.4374	4.3642263	424000	-5.9604643e-10	1435.2393	-0.0037026778	-214.50586	0.6819296	0.015812458	0.18075	3.0	399.28222727775574
106	746.00446	151.9037	1149.127	594.98254	233.41176	211.07968	63.36618	247.64032	-7.0594077	428000	-2.384186e-10	535.5417	-0.024361027	-96.08908	0.68158793	0.009434226	0.1385	79.0	403.14604139328003
107	723.5532	124.770744	928.41797	460.30563	226.29411	210.50972	64.24234	249.44823	3.1185694	432000	-1.859665e-08	407.91086	-0.023424996	-47.691956	0.66791254	0.010286264	0.1465	79.0	406.9659650325775
108	769.17444	174.35434	1172.7869	553.0317	239.6875	212.7807	64.67044	251.18166	0.4926715	436000	1.7821788e-08	652.4417	-0.023621356	-121.96088	0.6488151	0.01205145	0.14375	79.0	410.88233494758606
109	721.32776	112.54338	909.12933	469.97614	225.52942	213.97357	65.85079	253.3778	2.2444715	440000	2.2888184e-08	437.4911	-0.022596255	-134.87357	0.64162296	0.008661576	0.138	79.0	414.7066354751587
110	886.8832	242.18376	1675.1768	639.1857	279.0	220.79816	62.31798	254.87265	2.9281964	444000	2.8014183e-08	478.0746	-0.023479002	-73.50772	0.6289558	0.007857138	0.1405	79.0	418.51777052879333
111	732.0268	116.139015	1032.2618	621.85614	229.11765	214.22757	67.554405	257.12195	-1.0632553	448000	2.9087067e-08	268.79565	-0.023849163	-26.473877	0.6284141	0.00945522	0.15025	79.0	422.3973183631897
112	823.9858	246.2725	1488.5061	621.269	256.86667	221.5626	64.51215	258.25754	1.3567123	452000	-6.6757204e-09	447.09103	-0.019944785	-46.84909	0.6114528	0.008562649	0.136	79.0	426.3060715198517
113	769.28796	164.38853	1075.2484	483.01855	239.8125	218.70667	67.63992	260.10513	-5.0259657	456000	5.00679e-09	386.37943	-0.020568442	-31.924286	0.61097723	0.005459298	0.12875	79.0	430.17337679862976
114	774.43414	105.70862	938.81006	574.1134	241.06667	222.20908	66.020386	261.60956	2.5511193	460000	-1.37090685e-08	441.11948	-0.021159114	-42.349487	0.61269766	0.006540018	0.12425	79.0	433.9922559261322
115	853.6191	206.9469	1232.7058	582.8327	265.86667	225.05986	65.50617	263.39984	5.280509	464000	1.2755394e-08	472.21777	-0.024619117	-64.27985	0.604003	0.010689525	0.14075	79.0	437.83132433891296
116	777.66815	127.8725	998.3633	599.7515	239.0625	219.67845	70.14644	265.352	1.5127239	468000	-6.0796737e-09	322.12012	-0.024166133	-57.54895	0.6038674	0.0059937383	0.14425	79.0	441.67218589782715
117	751.37195	103.99959	952.88367	602.8761	230.70589	221.53822	70.5205	266.57117	-7.241006	472000	-1.0848045e-08	208.1141	-0.02241203	-14.191086	0.60013604	0.0066874544	0.1445	79.0	445.4756724834442
118	773.4247	161.52475	1258.5826	611.72876	238.25	223.9345	68.51295	267.3296	0.91109085	476000	-1.6748904e-08	318.2602	-0.024273314	-35.324768	0.5824382	0.00940696	0.1335	79.0	449.26425337791443
119	797.0726	94.83878	966.30426	631.99493	244.4375	226.19609	69.41652	268.3346	2.3752384	480000	2.5272369e-08	227.93889	-0.020731427	-22.116455	0.58249974	0.009559449	0.1285	79.0	453.1239113807678
120	810.56323	126.532425	1073.7859	632.7507	247.86667	225.60957	69.30603	269.42108	1.8337426	484000	2.503395e-09	300.21307	-0.025159417	-37.283752	0.5732262	0.009595836	0.15475	79.0	456.9755575656891
121	823.91547	143.64992	1222.5897	654.9706	253.06667	228.7675	68.730064	270.85294	-7.4255886	488000	-2.4437904e-08	267.28003	-0.021327386	-22.697815	0.5689267	0.008777546	0.1175	79.0	460.73839354515076
122	1165.2998	613.03156	2904.367	673.14996	368.5	246.76753	57.553852	272.1127	5.9884367	492000	9.477138e-09	551.50275	-0.021760425	-95.72165	0.5610886	0.007855328	0.12525	79.0	464.5122535228729
123	955.66956	467.63626	2433.0784	416.25143	299.69232	237.23048	68.4052	275.39148	4.4952946	496000	-6.9886448e-09	333.86874	-0.02324283	-24.074432	0.5607971	0.004879431	0.14075	79.0	468.29756569862366
124	831.3056	180.90533	1378.8536	605.1187	254.93333	232.59354	71.11312	276.3708	-6.2168627	500000	-1.6212464e-08	245.31325	-0.022027714	-16.123962	0.55994594	0.0005687555	0.13075	79.0	472.05835938453674
125	1317.7478	853.0532	2989.0728	651.0941	424.66666	253.41447	55.572536	277.05157	-1.0541248	504000	-1.3351441e-08	295.96634	-0.021101426	-27.665802	0.55427444	0.007669899	0.11975	79.0	475.8176963329315
126	806.93616	129.19981	1090.429	525.8943	245.42857	237.23976	70.34294	278.8188	2.4595108	508000	2.6226044e-09	200.16534	-0.02212443	-11.758743	0.5597722	0.0023792381	0.1575	79.0	479.7437219619751
127	1241.7507	572.15247	2824.053	665.1445	393.5	252.93834	59.1325	279.32303	0.64709854	512000	1.1920929e-08	399.04782	-0.02324045	-42.674377	0.55255795	0.00893981	0.1335	79.0	483.6546745300293
128	992.54004	250.7645	1670.4899	663.72375	301.3846	242.06506	69.4661	281.6021	-2.1674957	516000	-7.390976e-09	368.00363	-0.02207084	-36.330566	0.54869497	0.00986429	0.15275	79.0	487.61334323883057
129	1334.1687	581.9955	2421.7617	830.4366	419.66666	255.36111	60.82112	283.5947	2.4563408	520000	4.768372e-10	402.44193	-0.022596901	-35.96283	0.5386924	0.008687896	0.133	79.0	491.4961910247803
130	1229.7733	694.7755	2932.4824	261.99933	388.8	259.43085	58.63681	285.5332	2.8498354	524000	6.377697e-09	1343.9707	-0.020476926	-7.8742676	0.53801936	0.007233148	0.1865	79.0	495.3378405570984
131	919.44244	102.049416	1107.4325	727.26794	278.92856	242.73091	72.605385	286.02103	1.2424679	528000	4.1127204e-09	214.55014	-0.021437695	-8.486389	0.52316195	0.0050835027	0.1265	79.0	499.1755745410919
132	1154.9663	434.2913	2440.6147	761.0158	350.63635	253.56584	64.41844	286.35345	3.2513466	532000	2.2113323e-08	518.89905	-0.023631673	-101.57712	0.52511	0.0088888295	0.14675	79.0	502.99436235427856
133	868.51544	127.77769	1221.0227	672.9426	264.0	240.7628	74.49016	288.6031	0.05182171	536000	3.886223e-08	252.2871	-0.025880216	-60.28662	0.52179456	0.009441802	0.161	79.0	506.7904312610626
134	995.03906	323.22742	1961.9183	635.7943	303.0	245.00465	72.22734	288.37073	0.71775436	540000	1.9073487e-09	331.54596	-0.022917833	-18.45636	0.51193446	0.0023977084	0.14775	79.0	510.6357915401459
135	935.86346	137.33604	1231.6401	776.513	282.85715	244.87216	72.70568	289.31793	4.60983	544000	1.8239021e-08	209.2357	-0.02124089	-11.214111	0.4996117	0.004503517	0.137	79.0	514.4862906932831
136	1206.0371	551.15674	2675.7642	652.3877	385.3	259.80917	62.94783	289.5509	1.8182755	548000	-6.9141386e-09	326.13324	-0.023538215	-11.460236	0.49059546	0.01084732	0.146	79.0	518.312105178833
137	1029.3834	244.22704	1700.047	805.3775	311.91666	248.76137	70.36636	289.21912	-4.96719	552000	1.502037e-08	285.98776	-0.021311607	-19.202942	0.48681408	0.002005399	0.1425	79.0	522.104062795639
138	912.5353	125.22003	1218.4476	783.9083	274.85715	245.5413	72.4183	290.51782	2.0292654	556000	5.9604646e-09	208.5193	-0.019641165	-11.755478	0.481044	0.0059283506	0.1205	79.0	525.9020340442657
139	974.65436	265.50385	1761.6404	662.5609	295.92307	247.35364	72.71162	290.65594	-9.837874	560000	5.6028364e-09	286.07065	-0.021422546	-14.539551	0.4789444	0.010132036	0.1165	79.0	529.7177140712738
140	932.8081	143.86975	1327.7334	744.99005	281.92856	244.94876	73.72781	291.17316	-5.2587357	564000	-3.695488e-08	222.13625	-0.024711313	-7.494049	0.47730654	0.0020836438	0.1475	79.0	533.5811321735382
141	885.2142	262.2071	1227.7148	248.43881	270.35715	246.31491	72.67576	291.1793	0.7422085	568000	-5.2452087e-09	1313.6995	-0.021086358	-23.474487	0.4843073	0.007270907	0.15775	79.0	537.4830143451691
142	899.0282	188.94788	1498.7827	664.8234	272.2857	243.11487	73.51292	289.25433	2.6853743	572000	2.503395e-09	240.61316	-0.020200081	-9.105255	0.4897596	0.0030120173	0.12925	79.0	541.2814400196075
143	1007.7125	138.45276	1194.6436	780.6599	305.4	253.82826	67.47755	289.35086	3.466014	576000	5.2452087e-09	212.3079	-0.020928679	-9.975693	0.49394038	0.0053808717	0.13175	79.0	545.1193461418152
144	929.164	140.41551	1202.5275	669.0567	281.2143	244.71478	73.698654	290.59122	3.070695	580000	6.6757204e-09	237.45694	-0.021631682	-8.504501	0.49134827	0.0020754053	0.13375	79.0	548.9084916114807
145	1253.5511	672.1082	2991.9006	740.10345	391.125	267.06818	57.937393	290.82632	1.1632099	584000	1.847744e-08	222.64046	-0.02411691	-21.115494	0.48664492	0.0095967585	0.14	79.0	552.7598464488983
146	987.23883	174.22841	1515.5287	816.9011	299.6154	249.25171	72.22181	292.4967	1.9906664	588000	4.529953e-09	221.9836	-0.020775115	-9.653351	0.49119657	0.0026371004	0.14125	79.0	557.0902299880981
147	1531.6367	774.0544	2797.4558	711.9968	488.625	269.6024	57.177345	292.7837	6.9267015	592000	1.9669534e-08	307.39255	-0.021983787	-8.991669	0.4781475	0.008609206	0.152	79.0	560.9126889705658
148	1273.6489	548.1002	2886.477	904.149	399.6	262.77386	64.94079	293.8541	0.46515656	596000	-3.0875206e-08	209.0737	-0.021741163	-9.213913	0.47944337	0.0073242644	0.1295	79.0	564.7630338668823
149	1036.4542	161.42891	1440.3032	841.69635	314.08334	254.16237	71.81244	294.87512	-11.557183	600000	2.026558e-08	242.50131	-0.021761877	-17.2193	0.47345304	0.004401439	0.148	79.0	568.6698763370514
150	1098.5587	188.70184	1520.2737	800.4107	331.91666	254.78061	70.84998	295.59702	1.4575653	604000	5.6028364e-09	257.91315	-0.0201002	-19.408188	0.464896	0.00569013	0.14725	79.0	572.5236132144928
151	945.29285	230.1938	1633.7128	774.1681	283.0	251.91994	72.71912	296.68985	2.8794975	608000	-7.1525574e-10	471.39642	-0.0032024141	-102.22513	0.4509751	0.01628182	0.21975	3.0	575.6474804878235
152	1090.172	171.43027	1506.7141	901.9559	329.66666	252.81238	72.59787	295.6657	-5.881588	612000	4.2915342e-09	299.4841	-0.022521945	-68.135635	0.4507786	0.009811197	0.14075	79.0	579.4881546497345
153	1257.884	497.47064	2516.5776	690.9982	384.4	261.8461	68.261536	296.7505	-0.80225277	616000	-9.477138e-09	274.66678	-0.023630587	-13.566772	0.45439556	0.003796883	0.1475	79.0	583.370941400528
154	1487.3008	787.8197	2827.4763	822.0326	485.375	277.4263	54.896458	298.24176	4.2385855	620000	-2.3841858e-08	251.31123	-0.021752559	-29.529572	0.44312727	0.011752523	0.14075	79.0	587.2709376811981
155	1044.2505	187.74779	1471.1516	801.4309	315.27274	256.4121	69.8413	295.52274	2.4965448	624000	8.940697e-11	311.54105	-0.020299977	-18.49121	0.45163086	0.0054001557	0.1335	79.0	591.1869029998779
156	1341.0183	455.24277	2235.635	770.3856	408.66666	266.2996	64.9346	296.737	-9.022688	628000	1.2874604e-08	374.4729	-0.023995219	-49.61197	0.45841834	0.0063237906	0.13225	79.0	595.3201413154602
157	1340.1329	626.3866	2764.3215	800.8128	413.66666	266.09155	66.63662	300.05292	1.706747	632000	-6.3180923e-09	258.54105	-0.021934528	-11.641815	0.45364717	0.007845791	0.12925	79.0	599.1047003269196
158	2037.1582	693.67224	2946.2732	1141.3654	646.1667	282.78775	51.543304	300.66782	1.3597641	636000	-7.033348e-09	226.36746	-0.024519613	-8.582779	0.45899138	0.00930906	0.14175	79.0	602.9032089710236
159	1337.259	564.6664	2869.1475	918.7674	420.1111	273.33786	64.67233	301.85663	-12.274769	640000	8.34465e-09	267.9219	-0.024962824	-22.974716	0.4577279	0.0062025995	0.17	79.0	606.757018327713
160	1449.8699	574.0916	2928.432	1100.4409	449.625	276.31638	59.02059	300.36655	-0.38752842	644000	2.2768974e-08	234.76862	-0.022686182	-2.8398438	0.44824582	0.0076629217	0.149	79.0	610.6088700294495
161	1428.7874	804.98145	2879.2708	685.5795	454.875	275.34888	59.44636	300.73083	0.11392784	648000	1.835823e-08	330.0816	-0.023111075	-21.428345	0.4491471	0.007861304	0.14675	79.0	614.4898002147675
162	1177.4333	245.77707	1730.7317	936.7411	353.8	264.1792	68.16792	299.09433	-1.860939	652000	1.704693e-08	306.01526	-0.023755103	-38.566254	0.4339355	0.0032086102	0.1365	79.0	618.3162069320679
163	1359.9475	636.13995	3007.108	898.44543	412.77777	268.43677	66.83442	301.4573	2.7953863	656000	3.0636787e-08	325.57175	-0.022656547	-31.978851	0.42720512	0.0034942203	0.14975	79.0	622.1756372451782
164	1072.3466	211.33405	1494.2885	694.2354	323.33334	260.30344	74.29157	303.7433	-0.9337454	660000	-2.0503998e-08	316.0671	-0.022662157	-36.768646	0.42581823	0.009308271	0.16075	79.0	626.1171491146088
165	1012.44116	133.75818	1311.7347	809.07544	310.25	260.87677	71.9598	302.8014	4.582036	664000	-1.3053417e-08	1493.09	-0.019820774	-117.71826	0.41903642	0.0046374607	0.1585	79.0	629.9539866447449
166	1041.8313	296.93994	1843.2397	668.6557	312.16666	254.69598	71.65829	297.1952	3.0228767	668000	2.861023e-09	290.20462	-0.02456602	-14.462463	0.4053786	0.0023596785	0.17425	79.0	633.8271403312683
167	1086.1093	460.4038	2317.2925	691.51855	328.8	263.08337	68.14246	297.62018	0.68065643	672000	7.629395e-09	251.3265	-0.022204548	-13.429657	0.38336638	0.0066176387	0.147	79.0	637.6703984737396
168	1416.3623	664.96014	3069.2957	974.4502	433.33334	269.27704	63.28565	299.11304	4.310028	676000	-4.2915342e-09	352.02176	-0.022970598	-58.86789	0.3796318	-0.00018251038	0.14975	79.0	641.4804766178131
169	1761.694	619.7909	3102.4028	945.94824	540.2857	282.02805	54.71951	302.4123	0.088484764	680000	-9.804964e-09	342.90033	-0.024817511	-64.46246	0.35847002	0.011471427	0.14825	79.0	645.3630323410034
170	1051.9154	175.02142	1403.2295	817.858	313.0	261.39893	76.04688	306.48965	-2.7113953	684000	1.9669534e-08	258.47858	-0.024958942	-14.802322	0.35922462	0.001422038	0.16025	79.0	649.1903431415558
171	991.6617	175.32777	1318.3958	663.43066	295.3846	256.7568	76.86425	305.62943	1.6128349	688000	-3.7908553e-08	302.0718	-0.021655306	-32.824432	0.34492022	0.00033737315	0.1285	79.0	652.9632303714752
172	990.4788	199.1018	1499.1433	684.4976	294.07693	257.97714	75.23973	303.61438	0.7855959	692000	1.7821788e-08	269.40988	-0.024273608	-13.876984	0.33658612	0.0031135222	0.15775	79.0	656.8041155338287
173	1110.8384	216.55066	1449.092	904.8295	327.81818	261.6312	71.16558	302.2122	0.1881094	696000	-1.1920929e-09	344.30066	-0.02199898	-57.274017	0.32089487	0.002496279	0.133	79.0	660.6722750663757
174	1032.8069	257.34903	1726.7618	679.283	307.53845	260.11508	75.224464	303.27176	4.614155	700000	-5.6028364e-09	386.556	-0.025837239	-76.13599	0.3193704	0.0115629425	0.15725	79.0	664.5722515583038
175	1213.6141	463.59912	2334.1567	766.1007	361.0	264.2657	71.24196	303.1007	-6.361066	704000	-8.3446505e-10	326.41568	-0.025660405	-30.056305	0.3101125	0.010159667	0.16375	79.0	668.3970954418182
176	1208.5953	366.5022	2213.8198	797.61084	361.72726	268.00507	67.92457	304.61728	5.598366	708000	-3.6358834e-08	1616.6199	-0.019109143	-58.578613	0.2979435	0.009724937	0.15225	79.0	672.2471787929535
177	1399.2537	655.15594	2983.818	919.31805	428.25	279.79474	57.2023	302.32092	-0.3726883	712000	-1.1742115e-08	278.20258	-0.025297377	-39.00659	0.3032113	0.007230397	0.1615	79.0	676.0833401679993
178	1298.551	276.1253	1951.8717	981.3934	382.4	267.888	69.392746	303.44803	5.136176	716000	1.9073486e-08	375.322	-0.022909516	-77.14038	0.29909557	0.0028548401	0.12875	79.0	680.0042624473572
179	1333.614	262.86514	1963.8588	1054.8347	397.1	273.35403	67.208374	306.88867	1.9741507	720000	1.8715859e-08	528.52594	-0.023058124	-154.62161	0.29880726	0.007945713	0.13425	79.0	683.9692575931549
180	2033.8451	991.3117	3055.7842	908.9184	654.0	296.40686	44.07088	308.40594	-4.4881105	724000	2.914667e-08	199.90361	-0.023820102	-32.845886	0.3035801	0.00824312	0.14425	79.0	687.788946390152
181	1420.392	433.9414	2420.9265	959.94305	421.55554	276.633	64.921394	307.86227	2.9224844	728000	8.046627e-09	385.28622	-0.024561826	-59.5231	0.30117533	0.0096540395	0.16025	79.0	691.6271271705627
182	1583.023	387.34595	2191.0576	1031.9258	473.375	281.2915	65.432335	310.39975	1.2433329	732000	1.8000602e-08	331.5279	-0.022421338	-27.810944	0.2919565	0.0039558127	0.14375	79.0	695.5368933677673
183	1271.4651	344.0314	1975.6367	797.92914	378.2	274.88876	69.44001	312.11182	0.12254524	736000	-8.702278e-09	334.2387	-0.022325218	-27.309845	0.27997473	0.0068973466	0.1245	79.0	699.4753992557526
184	1055.5325	253.25664	1713.4261	710.22076	311.66666	265.27118	75.53309	310.944	-3.7284012	740000	-3.3974648e-09	350.3067	-0.023884878	-41.492126	0.28920066	0.0035085464	0.14975	79.0	703.5379083156586
185	1182.2736	277.2283	1809.8806	876.4642	349.18182	269.2668	72.28552	308.56583	0.25272083	744000	3.951788e-08	311.09772	-0.02010872	-14.635773	0.2944214	0.004305194	0.13175	79.0	707.3628144264221
186	1152.185	308.27798	1960.6204	814.38025	342.0	270.12546	72.26796	308.1159	4.251546	748000	-1.3232231e-08	308.06744	-0.022926044	-31.876709	0.2991178	0.006105758	0.15325	79.0	711.1162965297699
187	999.3824	91.51172	1140.0374	850.3255	294.0	260.07385	74.60597	306.8512	-0.8995209	752000	-1.1622905e-08	297.4364	-0.023892999	-55.702637	0.29418293	0.010824328	0.13375	79.0	714.9430093765259
188	1063.4089	221.6883	1615.6711	729.17096	312.25	262.67386	72.85835	304.86252	6.4938936	756000	-1.3947487e-08	320.48413	-0.022353312	-21.351868	0.29376352	0.0016191036	0.139	79.0	718.757711648941
189	1090.896	135.44905	1332.0872	886.9207	320.5	264.32394	72.63143	305.33582	0.6749916	760000	-2.503395e-09	268.52664	-0.02568014	-17.241425	0.28552017	0.0055130525	0.16375	79.0	722.612268447876
190	1131.0126	346.14062	1905.0823	806.6624	331.41666	264.16806	73.4135	305.462	0.44881058	764000	4.094839e-08	334.64886	-0.0236621	-22.93335	0.2769675	0.0033964568	0.1435	79.0	726.499365568161
191	1179.0708	320.32846	1778.4585	686.357	347.0	267.643	71.666466	306.47806	-8.024166	768000	-3.695488e-09	386.37134	-0.024468282	-25.47168	0.2751343	0.0050489157	0.15375	79.0	730.3987083435059
192	1086.3881	211.92374	1483.7347	865.5626	317.41666	265.32468	73.13727	308.38577	5.9121895	772000	1.0490417e-08	305.95837	-0.024279734	-20.993134	0.26373094	0.0045017414	0.15025	79.0	734.2498998641968
193	1129.149	322.78094	2038.8593	839.8188	332.16666	265.01016	75.0388	307.82532	-0.6651945	776000	-4.0173532e-08	343.65445	-0.025113527	-16.320404	0.26134065	0.005173937	0.15525	79.0	738.1496558189392
194	1189.4012	379.72647	1985.4701	794.92004	350.27274	266.76843	73.56335	307.85373	-2.1951208	780000	-2.861023e-09	335.068	-0.023900412	-57.92227	0.26341128	0.006714289	0.147	79.0	741.9458889961243
195	1135.3895	272.8698	1668.626	723.4273	333.18182	268.6	70.778946	307.95514	3.297183	784000	1.692772e-08	389.6497	-0.022420375	-59.70639	0.25636852	0.0065785833	0.14725	79.0	745.7743897438049
196	1096.6053	331.72235	2020.8967	797.2066	319.25	264.09686	74.46465	308.72217	3.1720276	788000	-2.783537e-08	327.3045	-0.02551401	-45.632965	0.2497313	0.0054130806	0.149	79.0	749.5927002429962
197	1098.1453	213.59337	1543.8091	814.2497	319.83334	268.3573	72.65317	308.3682	2.2074337	792000	-1.6033649e-08	288.60904	-0.021813806	-9.907654	0.24741346	0.004014382	0.138	79.0	753.4803035259247
198	1057.2627	363.6375	2161.0984	709.3656	314.83334	265.8048	73.99566	307.84155	0.72436714	796000	2.002716e-08	320.9951	-0.025018586	-43.43686	0.24420348	0.0015297837	0.1525	79.0	757.3175036907196
199	1054.8387	144.79344	1289.5337	850.7594	307.16666	260.26297	73.946396	304.4425	-3.492652	800000	-8.702278e-09	275.8301	-0.022999896	-26.590927	0.245111	0.0007966966	0.14525	79.0	761.1040832996368
200	1174.4922	270.61948	1581.9131	736.49756	343.63635	265.5683	71.77118	305.83994	2.4409533	804000	2.3722649e-08	374.48166	-0.02211295	-34.592865	0.241661	0.006369329	0.12875	79.0	765.0422856807709
201	963.5115	152.11841	1208.1332	684.0123	281.92307	265.16983	74.13353	308.8855	5.7790537	808000	1.66893e-08	372.37915	-0.025072755	-67.33728	0.24590312	0.006103161	0.14975	79.0	768.9377748966217
202	1044.3752	133.55672	1351.8668	915.86487	303.6154	261.4864	75.63004	305.9717	-2.9735584	812000	-2.2530555e-08	263.7043	-0.023338469	-13.668655	0.2369209	0.0014335738	0.15525	79.0	772.8058362007141
203	992.87823	165.35463	1256.8575	708.29724	289.92307	262.56067	73.71812	305.7606	-0.67488194	816000	-3.3378602e-09	308.73776	-0.027150702	-67.835724	0.2188916	0.008246964	0.156	79.0	776.6479480266571
204	1191.4609	327.96533	2078.9412	830.25073	350.0909	265.47324	70.50152	304.32806	2.0742645	820000	2.5868415e-08	325.24106	-0.023795573	-153.41827	0.22570392	0.010615702	0.1585	79.0	780.4230990409851
205	1095.4277	198.9756	1462.6299	832.8655	318.91666	260.0303	72.20565	309.09814	1.9678717	824000	-1.835823e-08	178.94116	-0.027522946	-52.99717	0.2208537	0.014006497	0.173	79.0	784.2099618911743
206	1010.25903	216.24194	1581.5504	796.4763	294.6154	259.3064	74.26243	312.93048	-3.3573875	828000	4.172325e-09	81.752625	-0.029076548	-20.935696	0.20273598	0.012831853	0.19575	79.0	788.0580370426178
207	1045.8651	165.22397	1452.4204	771.0478	303.53845	256.75568	75.90798	314.85715	-7.0456915	832000	-2.6226044e-08	108.49912	-0.012056653	-42.895035	0.19502254	0.016292073	0.1725	9.0	791.2269685268402
208	1085.8566	232.5837	1695.1472	827.64246	316.66666	266.8195	72.80132	316.56412	-10.782225	836000	-1.525879e-08	91.26355	-0.0030835918	-30.059643	0.1918128	0.018333228	0.2035	2.0	794.2519433498383
209	1053.8599	164.27577	1364.752	772.429	307.30768	259.56802	76.85451	318.2698	0.117453575	840000	-9.536744e-10	58.222637	-0.0021549037	-23.98642	0.19097003	0.015435982	0.121	4.0	797.3512055873871
210	1272.3823	451.8627	2507.2312	809.89685	375.0	275.71497	68.842964	319.60016	0.35002613	844000	9.536743e-09	127.519066	-0.02559498	-36.84362	0.18969157	0.015094624	0.17	49.0	800.921195268631
211	1315.8458	367.4892	2268.0916	956.9849	384.7	272.5147	72.879776	320.24844	2.294835	848000	1.3351441e-08	148.44748	-0.028380813	-64.07372	0.17849058	0.012040564	0.194	79.0	804.7396531105042
212	1217.7482	256.674	1717.6335	862.81085	354.72726	271.8106	74.14511	322.73505	1.9630985	852000	-2.9802322e-10	92.39539	-0.006244197	-32.766	0.16769302	0.015158406	0.16425	4.0	807.8317518234253
213	1046.0353	191.55878	1384.9933	807.6115	302.83334	261.02774	76.68624	324.51575	-15.159288	856000	-1.692772e-08	110.10203	-0.010984328	-61.01938	0.16747206	0.017163495	0.153	11.0	810.9957237243652
214	1159.3259	158.63817	1500.7866	977.1906	336.63635	271.97583	74.77932	325.31805	0.8934803	860000	1.0490417e-08	52.63945	-0.0037767438	-16.072674	0.16602604	0.018226089	0.218	4.0	814.0863885879517
215	1176.3756	232.62495	1755.2501	823.866	342.72726	273.04175	73.88104	325.68497	-0.08691597	864000	-1.2397766e-08	56.723103	-0.026698953	-10.838833	0.16583456	0.015056747	0.17875	59.0	817.790421962738
216	1323.2847	561.1807	2755.0828	838.1236	388.2	276.86047	72.96132	326.27438	0.07062721	868000	1.1324882e-08	67.5216	-0.027542494	-17.370922	0.15758367	0.0142515525	0.1715	79.0	821.6085183620453
217	1307.092	238.15479	1837.1655	957.6678	383.2	276.70712	73.92695	326.6521	-19.104015	872000	3.242493e-08	71.3647	-0.016067011	-28.559158	0.1525602	0.015146607	0.1395	15.0	824.8063342571259
218	1208.4814	313.28278	1666.4045	671.81757	355.44446	284.503	68.92242	327.65866	-7.3136873	876000	-1.180172e-08	1021.3487	-0.005032659	-202.03967	0.15363176	0.015311978	0.23075	3.0	827.8252897262573
219	1319.9008	263.75333	1787.8386	932.6804	386.0	272.88013	69.00115	327.74887	5.461405	880000	-2.926588e-08	218.23012	0.00011815184	-155.69856	0.15376537	0.015258886	0.19375	2.0	830.9214997291565
220	1500.9567	323.92307	2097.5488	863.5442	440.22223	284.674	72.33618	329.8538	-4.1095324	884000	5.722046e-09	86.189865	-0.028676787	-35.856373	0.15366945	0.0142952865	0.206	79.0	834.7352178096771
221	1774.2074	575.9546	3057.562	1106.4312	523.7143	291.95578	65.68458	331.16406	3.6394396	888000	2.5868415e-08	75.29715	-0.0252313	-21.711765	0.1278055	0.015262904	0.1755	56.0	838.3293635845184
222	1454.7389	394.9731	2413.4575	1030.2081	430.44446	281.6195	71.515976	332.33124	1.5699234	892000	-5.960465e-11	110.607735	-0.029228713	-34.546936	0.1165094	0.0141597735	0.1895	79.0	842.1792726516724
223	1721.9801	661.12286	3122.1177	883.9431	519.5714	295.9498	63.368645	333.43558	-3.2673979	896000	-2.2649765e-08	65.05235	-0.026894148	-20.081669	0.10602424	0.014270664	0.1565	79.0	846.0435225963593
224	1429.4196	262.74387	1939.3147	981.9581	416.33334	281.23944	72.03252	333.2514	-12.035863	900000	3.695488e-08	73.41014	-0.016286261	-31.28751	0.098408744	0.015078236	0.17075	15.0	849.2498545646667
225	1336.5956	321.1142	1997.0061	945.4148	389.5	276.88428	72.10882	334.37753	4.934417	904000	4.708767e-09	109.65349	-0.021193847	-54.5499	0.096750334	0.016054414	0.16475	42.0	852.714129447937
226	1567.6562	736.88837	3335.9287	914.77295	459.0	291.084	69.60551	335.27344	-8.371783	908000	-6.437302e-09	69.881805	-0.025117962	-21.556961	0.0890946	0.010646749	0.17075	79.0	856.5335881710052
227	1435.1864	382.6518	2135.524	871.5522	417.44446	281.8094	73.6541	336.01324	4.3101807	912000	-2.3841858e-08	52.311462	-0.027143236	-14.413265	0.08771062	0.009156624	0.18725	79.0	860.3264663219452
228	1567.307	207.84807	1946.0883	1232.6855	456.5	290.6972	69.09713	336.6598	7.074937	916000	-3.8146974e-09	127.66911	-0.023692496	-45.909447	0.089193694	0.015025289	0.1555	48.0	863.9278948307037
229	1436.654	298.92197	2022.0488	1066.9686	418.22223	286.3162	71.38051	337.50024	-8.583275	920000	-1.7881394e-08	78.66324	-0.014817167	-28.501972	0.07586242	0.016348578	0.17325	16.0	867.1668791770935
230	2199.8074	698.29724	3241.6753	1374.327	652.1667	302.39117	61.12239	336.90936	-5.476495	924000	1.7642975e-08	82.30138	-0.028126527	-25.409542	0.07256916	0.012153219	0.2015	79.0	870.9529051780701
231	1681.2056	637.867	3275.1328	986.3816	489.375	291.06607	68.57368	336.63013	-8.601717	928000	3.5762786e-09	78.100945	-0.025726382	-31.014908	0.050284866	0.014122203	0.174	79.0	874.8554134368896
232	1408.4564	418.2179	2160.8691	822.2846	408.8889	286.9045	72.93184	337.1154	6.6580048	932000	5.2452087e-09	48.022266	-0.023124903	-19.017538	0.044666305	0.015256303	0.17975	33.0	878.3636467456818
233	1711.8904	770.6299	3281.693	974.2665	504.0	299.0467	63.487255	336.8177	-5.4987307	936000	1.7166137e-08	46.356976	-0.020473275	-17.33746	0.04017163	0.0153112	0.15675	45.0	882.2341122627258
234	1529.9154	418.62247	2345.6099	1010.5508	443.1111	287.85538	71.85797	337.52365	-0.9383774	940000	2.1219254e-08	58.53424	-0.024798552	-27.29119	0.03227942	0.0142917605	0.169	79.0	886.7455804347992
235	1705.4701	509.972	2593.774	1024.1597	493.5	291.37958	69.80656	338.90762	-1.4886732	944000	-1.7285346e-08	79.70547	-0.021414168	-31.474476	0.029303858	0.015413234	0.16225	36.0	891.0078561306
236	2091.029	614.9182	2838.3823	1055.5529	619.3333	302.1256	63.286575	339.11496	3.587781	948000	-1.4305114e-08	114.69051	-0.023597682	-61.922848	0.020068483	0.00958096	0.152	79.0	895.8841271400452
237	2099.59	796.1715	3170.3052	1158.562	652.6	308.24396	46.58407	338.914	7.7144346	952000	3.9935113e-09	79.21573	-0.02652617	-43.992657	0.0069962847	0.011289936	0.181	79.0	899.9801027774811
238	1611.8044	804.4601	2966.139	875.8445	482.625	289.67316	63.92499	337.03833	3.6857414	956000	3.361702e-08	70.43166	-0.022671623	-31.428703	-0.0064415936	0.0151294265	0.17875	38.0	903.4874024391174
239	1958.1842	752.11945	3026.3374	926.9091	588.8333	299.63202	57.035507	338.34726	3.7777576	960000	-3.3378602e-09	73.05684	-0.031172458	-24.341465	-0.013003986	0.010882187	0.187	79.0	907.7390685081482
240	1873.5557	585.51624	3094.4229	1028.3641	557.1429	296.71988	62.347443	339.59015	-2.227439	964000	4.482269e-08	68.77102	-0.025739871	-26.323376	-0.016000526	0.013759791	0.16375	79.0	911.7433495521545
241	2771.8608	385.63397	3262.3516	2338.9038	825.25	317.11395	47.410343	340.1532	6.3038425	968000	6.377697e-09	47.515404	-0.0010031305	-22.625298	-0.032171857	0.021955658	0.317	2.0	914.8141398429871
242	1245.0845	453.91315	2531.5415	847.12067	358.72726	274.42026	75.508736	340.6809	0.51446915	972000	5.5074693e-08	74.0911	-0.029160304	-36.069004	-0.032250825	0.010291821	0.16825	79.0	918.7550394535065
243	1058.2166	134.46794	1339.2417	871.6301	303.0	265.02866	77.63265	340.8872	2.8141994	976000	1.5735626e-08	35.909718	-0.025037067	-17.21367	-0.048124973	0.015224306	0.176	65.0	922.4517731666565
244	1384.0311	228.87305	1783.7589	1045.8129	399.9	283.30826	74.83692	340.35492	-8.1867485	980000	1.3351441e-08	40.65976	-0.026711712	-13.549814	-0.057791393	0.013690892	0.1705	79.0	926.3867683410645
245	1521.4868	304.95325	1819.2623	1006.82153	440.1111	287.02982	72.434044	340.05548	0.45086575	984000	1.0967255e-08	51.860474	-0.022933051	-12.3233185	-0.06436422	0.01563384	0.1775	50.0	929.9767000675201
246	1510.047	422.2848	2437.717	1084.0663	434.75	290.86707	69.670944	340.95987	3.8960018	988000	4.8100947e-08	31.879005	-0.026181873	-18.230354	-0.06784408	0.013048829	0.178	79.0	933.9674170017242
247	1526.4252	691.3092	3277.9749	955.22174	444.22223	295.0854	69.843475	342.03705	1.5610609	992000	5.1259996e-09	25.649609	-0.012987277	-7.45327	-0.0801099	0.015155492	0.15025	15.0	937.2377686500549
248	1740.9559	619.4153	3043.4507	982.8194	503.42856	299.36353	67.92346	342.47165	1.3146753	996000	1.7762185e-08	26.436266	-0.011909923	-8.601034	-0.08286634	0.015163253	0.15225	9.0	940.4593877792358
249	1494.7649	532.77203	2341.6016	793.4646	432.25	295.00757	70.49791	342.65802	1.1757784	1000000	-2.002716e-08	44.88439	-0.0093321055	-17.250141	-0.08583643	0.016272068	0.1885	7.0	943.6989505290985
250	1711.4486	713.72266	3254.5403	956.52155	501.85715	302.97525	63.418606	342.62448	4.756934	1004000	1.692772e-08	33.8993	-0.006691043	-15.250702	-0.0871258	0.01646637	0.20975	8.0	946.8762526512146
251	1967.7366	568.9359	2747.3828	1045.8282	569.4286	299.12958	70.225296	342.20932	-3.0261402	1008000	-1.591444e-08	87.88149	-0.0013887415	-52.842014	-0.08741967	0.015760204	0.21975	3.0	950.1196839809418
252	1658.6965	672.46967	3087.0405	901.3697	479.625	294.3047	70.03239	342.33853	-9.864654	1012000	1.5735626e-08	45.905975	-0.02529495	-22.010193	-0.087474294	0.010986347	0.18325	79.0	954.0088684558868
253	1902.274	576.02496	3119.67	1106.2212	556.1429	299.35388	66.75577	342.69717	-1.9583445	1016000	1.1920929e-09	64.684975	-0.00077003264	-35.700756	-0.08977074	0.021214908	0.26775	2.0	957.1424467563629
254	1518.7587	725.2452	3255.0984	940.24963	442.77777	292.28058	70.772484	342.10934	1.1169338	1020000	-1.6689301e-09	103.58508	-0.024798049	-55.616238	-0.0900498	0.0112186	0.17	79.0	960.9888758659363
255	1771.806	219.73665	2034.9824	1488.7703	510.66666	302.25342	62.34314	342.31284	6.0689144	1024000	-2.2053719e-08	95.73045	-0.0019079644	-37.920296	-0.09731547	0.015087916	0.244	2.0	964.1219806671143
256	1498.7319	615.74036	2689.703	871.77106	432.44446	289.96005	72.78442	342.3094	0.569067	1028000	6.7949295e-09	57.483063	-0.028282385	-35.667564	-0.09745881	0.010176126	0.1985	79.0	968.09477186203
